Linkage	Residue	Trust	H1	H2	H3	H4	H5	H6	H7	H8	H9
	b-D-Glcp	84%	4.62	3.50	3.73	3.50	3.48	3.71-3.89
3	b-D-Glcp	53%	4.68	3.39	3.64	3.71	3.79	3.73-3.90
3,4	a-D-Fucp	45%	5.12	3.88	3.99	4.18	4.52	1.21
3,4,3	a-D-GlcpN	59%	5.24	3.96	3.98	3.78	4.07	3.82-3.92
3,4,3,2	Ac	98%	-	2.05
3,4,3,4	b-D-Galp	53%	4.52	3.64	3.72	4.12	3.74	3.79-3.86
3,4,3,4,6	S	
3,4,3,4,4	b-D-Galp	53%	4.71	3.57	4.36	4.18	3.75	3.78-3.83
3,4,3,4,4,3	S	
3,4,3,4,4,4	a-D-Galp	50%	4.95	4.10	3.97	4.06	4.47	3.99
3,4,3,4,4,4,6	S	
3,4,3,4,4,4,3	a-D-Fucp	24%	5.16	3.88	4.42	3.87	4.38	1.21
3,4,3,4,4,4,3,3	a-Neup	34%	-	-	1.76-2.73	3.73	3.86	3.74	3.58	3.86	3.64-3.87
3,4,3,4,4,4,3,3,5	Ac	99%	-	2.03
3,4,3,4,4,4,3,3,4	b-D-Glcp	41%	4.62	3.37	3.54	3.39	3.49	4.08-4.15
3,4,3,4,4,4,3,3,4,6	S	
3,4,3,4,4,4,3,3,4,2	b-D-GlcpN	60%	4.80	3.73	3.75	3.78	3.68	3.88-4.15
3,4,3,4,4,4,3,3,4,2,2	Ac	98%	-	2.03
3,4,3,4,4,4,3,3,4,2,6	S	
3,4,3,4,4,4,3,3,4,2,4	b-D-Xylp	52%	4.48	3.25	3.57	3.84	3.51-3.88
3,4,3,4,4,4,3,3,4,2,4,4	a-D-ManpA	8%	4.95	3.71	3.91	3.76	3.99	-
3,4,3,4,4,4,3,3,4,2,4,4,4	a-D-Manp	14%	5.21	4.12	3.96	3.80	3.89	3.77-3.84
3,4,3,4,4,4,3,3,4,2,4,4,4,3	b-Neup	55%	-	-	1.82-2.27	3.66	3.82	4.23	3.58	3.87	3.64-3.87
3,4,3,4,4,4,3,3,4,2,4,4,4,3,5	Ac	95%	-	2.05
