Linkage	Residue	Trust	C1	C2	C3	C4	C5	C6	C7	C8	C9
	a-D-Glcp	75%	96.0	76.3	72.2	70.5	72.7	61.6
2	a-D-Glcp	71%	93.2	76.8	73.3	70.9	73.5	61.7
2,2	a-D-Galp	19%	99.0	69.1	74.0	79.3	72.2	61.4
2,2,4	b-D-GlcpA	73%	103.5	75.3	77.5	73.6	77.0	176.9
2,2,3	b-Neup	38%	175.1	96.9	40.2	67.4	54.2	70.7	69.8	73.1	64.1
2,2,3,5	Ac	83%	176.3	23.6
2,2,3,4	b-D-Glcp	48%	103.5	74.2	75.0	79.3	71.8	65.1
2,2,3,4,6	S	
2,2,3,4,4	b-D-Galp	78%	103.4	73.2	74.8	78.8	73.0	68.9
2,2,3,4,4,6	S	
2,2,3,4,4,4	b-D-Glcp	43%	103.3	80.4	75.4	70.3	78.8	65.1
2,2,3,4,4,4,6	S	
2,2,3,4,4,4,2	b-D-Fucp	66%	103.0	72.7	74.5	72.4	71.9	16.6
