Linkage	Residue	Trust	C1	C2	C3	C4	C5	C6
	b-D-GalpA	73%	96.5	71.7	74.9	81.0	76.8	174.8
4	b-D-GalpA	63%	103.2	71.2	78.8	67.5	74.9	173.0
4,3	a-D-Glcp	69%	93.0	76.9	73.0	70.4	73.0	61.4
4,3,2	a-D-Galp	59%	96.7	69.3	70.2	78.6	70.8	65.6
4,3,2,6	S	
4,3,2,4	a-D-ManpA	46%	101.8	69.3	73.2	78.1	77.4	176.6
4,3,2,4,4	a-D-Fucp	51%	99.1	80.4	70.3	72.9	68.2	16.5
4,3,2,4,4,2	a-D-Manp	55%	96.2	70.0	70.4	74.4	72.6	62.2
4,3,2,4,4,2,4	a-D-GlcpN	75%	97.8	54.8	72.1	71.0	73.8	61.2
4,3,2,4,4,2,4,2	Ac	83%	175.3	23.3
