Linkage	Residue	Trust	H1	H2	H3	H4	H5	H6	H7	H8	H9
	a-Neup	81%	-	-	1.90-2.46	4.10	3.99	3.99	3.52	3.77	3.61-3.82
5	Ac	99%	-	2.03
4	b-D-GlcpN	65%	4.57	3.62	3.75	3.76	3.68	4.11-4.18
4,2	Ac	98%	-	2.03
4,6	S	
4,4	b-D-Galp	80%	4.52	3.64	3.81	4.19	3.79	3.83-3.93
4,4,3	S	
4,4,4	b-D-Galp	63%	4.62	3.57	4.36	4.18	3.75	3.88-3.90
4,4,4,3	S	
4,4,4,4	a-D-Glcp	81%	4.86	3.58	3.84	3.67	4.30	4.06
4,4,4,4,6	S	
4,4,4,4,4	b-D-GlcpN	27%	4.44	3.80	3.57	3.49	3.43	3.54-3.74
4,4,4,4,4,2	Ac	98%	-	2.03
4,4,4,4,4,4	b-D-GlcpN	34%	4.69	3.60	3.66	3.41	3.42	3.76-3.90
4,4,4,4,4,4,2	Ac	98%	-	2.03
4,4,4,4,4,4,2	b-D-Galp	37%	4.54	3.60	4.36	4.18	3.75	3.78-3.83
4,4,4,4,4,4,2,3	S	
4,4,4,4,4,4,2,4	a-D-Galp	60%	4.99	3.87	4.05	4.08	4.27	3.82-3.96
4,4,4,4,4,4,2,4,4	a-L-Fucp	22%	5.10	3.89	3.94	3.87	4.11	1.25
4,4,4,4,4,4,2,4,4,2	b-D-Glcp	78%	4.50	3.42	3.36	3.43	3.61	3.73-3.84
4,4,4,4,4,4,2,4,4,3	a-Neup	58%	-	-	1.76-2.73	3.67	4	3.80	3.64	3.87	3.64-3.89
4,4,4,4,4,4,2,4,4,3,5	Ac	99%	-	2.03
4,4,4,4,4,4,2,4,4,3,4	a-D-Galp	67%	5.05	3.77	4	4.20	4.01	3.94-4.03
4,4,4,4,4,4,2,4,4,3,4,6	S	
4,4,4,4,4,4,2,4,4,3,4,4	a-D-GlcpN	28%	4.94	3.77	3.86	3.60	4.25	3.78-3.83
4,4,4,4,4,4,2,4,4,3,4,4,2	Ac	98%	-	2.05
4,4,4,4,4,4,2,4,4,3,4,4,3	a-Neup	34%	-	-	1.76-2.73	3.73	3.86	3.74	3.58	3.86	3.64-3.87
4,4,4,4,4,4,2,4,4,3,4,4,3,5	Ac	99%	-	2.03
4,4,4,4,4,4,2,4,4,3,4,4,3,4	b-D-Glcp	46%	4.61	3.36	3.51	3.38	3.45	3.77-3.93
