Linkage	Residue	Trust	C1	C2	C3	C4	C5	C6
	a-D-GlcpA	43%	93.1	72.6	79.5	81.3	73.0	175.9
3	a-D-GlcpA	64%	99.2	73.5	73.7	72.5	73.2	175.8
4	b-D-ManpA	45%	101.1	75.8	73.6	69.5	77.0	176.5
4,2	a-D-Galp	39%	100.8	72.9	74.5	78.5	71.8	61.8
4,2,3	S	
4,2,4	a-D-Xylp	18%	98.5	76.7	72.9	69.2	61.4
4,2,4,2	a-D-Glcp	71%	99.6	72.6	74.1	70.5	73.1	61.6
4,2,4,3	b-D-GlcpA	45%	103.8	74.3	84.3	69.9	76.7	175.8
4,2,4,3,3	b-D-GlcpA	52%	105.5	73.5	83.0	73.1	76.7	175.8
4,2,4,3,3,3	a-D-GalpA	65%	98.5	68.9	70.0	71.3	72.6	175.9
