Linkage	Residue	Trust	C1	C2	C3	C4	C5	C6
	Me	76%	56.2
1	a-D-GalpA	69%	102.0	67.6	76.2	68.4	72.2	174.1
1,3	a-D-GalpA	58%	97.7	72.7	70.1	71.3	72.1	180.3
1,3,2	a-D-Fucp	48%	103.0	70.7	78.9	69.7	68.2	16.5
1,3,2,3	b-L-Fucp	41%	104.8	72.1	73.7	72.5	71.7	16.8
1,3,2,3,4	b-D-Manp	59%	101.9	71.6	81.1	66.2	77.2	62.2
1,3,2,3,4,3	b-D-Glcp	52%	105.3	74.4	80.5	71.9	75.2	64.4
1,3,2,3,4,3,2	b-D-ManpA	37%	101.5	77.4	73.1	69.5	77.0	176.5
1,3,2,3,4,3,2,2	b-D-GlcpN	52%	102.0	56.9	72.9	77.6	76.1	64.8
1,3,2,3,4,3,2,2,2	Ac	88%	175.6	23.4
1,3,2,3,4,3,2,2,6	S	
1,3,2,3,4,3,2,2,4	a-D-Galp	49%	101.2	68.2	74.5	75.5	73.0	62.0
1,3,2,3,4,3,2,2,4,3	S	
1,3,2,3,4,3,2,2,4,4	b-D-GlcpN	46%	102.5	56.4	74.1	71.3	77.0	61.6
1,3,2,3,4,3,2,2,4,4,2	Ac	88%	175.6	23.4
1,3,2,3,4,3,2,2,4,4,2	b-D-Glcp	37%	103.5	74.3	75.9	78.8	75.5	60.8
1,3,2,3,4,3,2,2,4,4,2,4	a-D-GalpA	55%	101.2	69.9	76.1	70.6	72.2	175.5
1,3,2,3,4,3,2,2,4,4,2,4,3	b-D-Xylp	27%	105.1	74.3	76.2	70.8	65.5
1,3,2,3,4,3,2,2,4,4,2,4,3,2	b-D-Galp	55%	104.9	72.4	74.7	78.4	75.8	59.8
1,3,2,3,4,3,2,2,4,4,2,4,3,2,4	b-D-GalpA	54%	103.6	76.5	74.1	71.2	75.7	174.8
1,3,2,3,4,3,2,2,4,4,2,4,3,2,4,2	a-D-Glcp	46%	100.5	72.9	81.0	71.6	73.0	65.1
1,3,2,3,4,3,2,2,4,4,2,4,3,2,4,2,6	S	
1,3,2,3,4,3,2,2,4,4,2,4,3,2,4,2,3	a-D-Fucp	73%	99.6	70.0	70.4	73.1	68.8	16.5
