Linkage	Residue	Trust	C1	C2	C3	C4	C5	C6
	a-D-Galp	83%	93.1	69.9	69.2	78.6	71.3	61.4
4	a-D-Galp	55%	101.2	77.8	70.3	70.2	71.4	66.0
4,6	S	
4,2	b-D-Manp	24%	102.5	71.1	75.4	78.1	77.0	61.9
4,2,4	b-D-ManpA	65%	101.1	72.0	74.4	69.5	76.6	176.6
4,2,3	a-D-GlcpA	67%	102.5	72.8	74.7	81.6	73.3	174.7
4,2,3,4	b-D-GlcpA	61%	103.6	74.6	77.4	79.9	77.1	174.5
4,2,3,4,4	a-D-Fucp	33%	96.5	67.7	81.0	79.0	68.3	16.5
4,2,3,4,4,3	b-D-GlcpA	62%	104.7	74.1	76.9	73.4	77.6	176.3
4,2,3,4,4,4	a-D-Glcp	48%	99.5	74.2	70.8	79.5	72.4	61.1
4,2,3,4,4,4,2	a-D-GalpA	74%	95.8	69.6	70.4	71.3	72.6	175.9
4,2,3,4,4,4,4	b-D-Galp	60%	103.4	76.5	74.0	69.9	75.3	65.4
4,2,3,4,4,4,4,6	S	
4,2,3,4,4,4,4,2	a-D-Glcp	62%	97.9	81.8	73.7	71.6	72.6	64.9
4,2,3,4,4,4,4,2,6	S	
4,2,3,4,4,4,4,2,2	b-D-GlcpN	63%	103.8	55.5	80.0	72.1	76.8	63.7
4,2,3,4,4,4,4,2,2,2	Ac	88%	175.6	23.4
4,2,3,4,4,4,4,2,2,6	S	
4,2,3,4,4,4,4,2,2,3	a-D-Galp	90%	98.2	69.6	70.2	69.7	71.7	61.4
