Linkage	Residue	Trust	H1	H2	H3	H4	H5	H6
	a-D-Galp	64%	5.28	3.81	3.92	4.03	4.01	3.79-3.86
4	a-D-Galp	34%	5.21	3.90	3.97	4.11	4.10	4-4.04
4,6	S	
4,2	b-D-Manp	18%	4.79	4.12	3.75	3.70	3.48	3.75-3.92
4,2,4	b-D-ManpA	47%	4.87	3.94	3.73	3.74	3.67	-
4,2,3	a-D-GlcpA	81%	5.21	3.60	3.98	3.91	4.51	-
4,2,3,4	b-D-GlcpA	63%	4.49	3.34	3.76	3.76	3.88	-
4,2,3,4,4	a-D-Fucp	36%	5.29	4.07	4.03	3.91	4.30	1.23
4,2,3,4,4,3	b-D-GlcpA	66%	4.71	3.42	3.51	3.55	3.73	-
4,2,3,4,4,4	a-D-Glcp	47%	5.02	3.75	4	3.68	4.02	3.83-3.91
4,2,3,4,4,4,2	a-D-GalpA	39%	5.22	3.86	3.98	4.21	4.50	-
4,2,3,4,4,4,4	b-D-Galp	58%	5.03	3.70	3.74	3.97	3.76	4
4,2,3,4,4,4,4,6	S	
4,2,3,4,4,4,4,2	a-D-Glcp	37%	5.18	3.59	3.69	3.31	3.98	4.06-4.15
4,2,3,4,4,4,4,2,6	S	
4,2,3,4,4,4,4,2,2	b-D-GlcpN	77%	4.73	3.86	3.79	3.71	3.48	3.97-4.21
4,2,3,4,4,4,4,2,2,2	Ac	98%	-	2.03
4,2,3,4,4,4,4,2,2,6	S	
4,2,3,4,4,4,4,2,2,3	a-D-Galp	96%	5.65	3.80	3.72	3.99	3.82	3.72
