Linkage	Residue	Trust	H1	H2	H3	H4	H5	H6
	Me	98%	3.57
1	b-D-Fucp	59%	4.35	3.70	3.82	4.02	3.84	1.26
1,3	b-D-Fucp	5%	4.65	3.65	3.68	3.79	3.82	1.31
1,3,2	b-D-Manp	75%	4.78	4.10	3.64	3.57	3.74	4.15-4.52
1,3,4	a-D-Galp	43%	5.11	3.90	4.07	4.01	4.14	3.74-3.75
1,3,4,2	b-D-Fucp	42%	4.49	3.61	3.73	4	3.82	1.32
1,3,4,2,4	a-D-Galp	48%	5.11	3.90	3.94	3.84	4.25	4-4.04
1,3,4,2,4,6	S	
1,3,4,2,4,2	b-D-Glcp	44%	4.51	3.36	3.59	3.43	3.42	4.08-4.15
1,3,4,2,4,2,6	S	
1,3,4,2,4,2,3	a-L-Fucp	66%	5.39	3.87	4.01	3.79	4.47	1.21
