Linkage	Residue	Trust	C1	C2	C3	C4	C5	C6	C7	C8	C9
	Me	84%	58.1
1	b-D-GlcpA	68%	103.9	74.1	75.3	81.3	76.1	174.5
1,4	b-D-GlcpA	49%	102.9	82.8	79.0	81.6	76.9	176.0
1,4,4	b-D-Galp	70%	104.0	72.0	73.8	69.6	76.5	62.3
1,4,2	a-D-Xylp	33%	98.5	80.8	72.8	69.1	61.4
1,4,2,2	b-D-Glcp	12%	103.5	74.3	76.9	73.0	76.3	62.0
1,4,2,2,4	a-D-Galp	69%	99.7	68.3	70.0	69.5	73.3	62.9
1,4,2,2,3	a-Neup	49%	174.7	101.9	37.7	69.8	53.1	74.1	69.8	73.1	64.1
1,4,2,2,3,5	Ac	83%	54.9	25.1
1,4,2,2,3,4	b-D-Glcp	43%	103.5	74.3	86.1	70.2	76.9	65.3
1,4,2,2,3,4,6	S	
1,4,2,2,3,4,3	b-D-GalpA	58%	106.0	72.0	81.2	68.1	75.7	177.4
1,4,2,2,3,4,3,3	b-D-Galp	69%	104.8	72.2	75.6	77.9	75.6	61.7
1,4,2,2,3,4,3,3,4	b-D-GlcpA	70%	104.5	74.2	73.6	77.9	75.4	175.0
1,4,2,2,3,4,3,3,4,4	a-D-Glcp	67%	99.9	72.4	73.5	69.8	73.0	61.6
