Linkage	Residue	Trust	H1	H2	H3	H4	H5	H6
	Me	95%	3.42
1	a-D-Manp	49%	4.66	3.62	3.93	3.83	3.84	3.73-3.86
1,4	a-D-Manp	84%	4.93	3.98	3.86	3.70	3.74	3.76-3.86
1,3	a-D-GalpA	20%	5.26	3.90	4.04	4.41	4.54	-
1,3,4	a-D-Xylp	54%	5.06	3.40	3.59	3.62	3.55-3.69
1,3,3	a-D-GlcpA	12%	5.35	3.69	3.83	3.73	4.24	-
1,3,3,4	a-L-Fucp	48%	5.03	3.85	3.87	3.79	4.30	1.22
1,3,3,2	b-D-GlcpN	34%	4.69	3.60	3.66	3.73	3.58	3.77-3.92
1,3,3,2,2	Ac	98%	-	2.03
1,3,3,2,2	a-D-Galp	32%	5.22	3.89	4.05	4.06	3.47	4-4.03
1,3,3,2,2,6	S	
1,3,3,2,2,3	a-D-Xylp	55%	5.11	3.62	3.83	3.59	3.60
1,3,3,2,2,3,2	a-D-Fucp	42%	5.54	3.96	4.04	3.83	4.29	1.22
1,3,3,2,2,3,2,2	a-D-GalpA	56%	5.11	3.77	3.88	4.47	4.23	-
1,3,3,2,2,3,2,2,4	b-D-ManpA	29%	4.84	4.34	3.69	3.65	3.67	-
1,3,3,2,2,3,2,2,4,4	a-D-GlcpN	41%	5.40	3.79	3.76	3.53	3.94	3.79-3.85
1,3,3,2,2,3,2,2,4,4,2	Ac	98%	-	2.05
