Linkage	Residue	Trust	H1	H2	H3	H4	H5	H6
	b-D-GalpA	87%	4.66	3.65	3.56	4.34	4.05	-
3	b-D-GalpA	7%	4.55	3.62	3.75	4.32	4.27	-
3,2	b-D-Manp	79%	4.78	4.10	3.64	3.57	3.41	3.66-3.88
3,4	a-D-GlcpN	56%	4.99	3.92	3.97	3.59	3.88	4.02-4.22
3,4,2	Ac	98%	-	2.05
3,4,6	S	
3,4,4	a-D-Glcp	48%	5.45	3.63	3.75	3.66	3.73	4.06-4.14
3,4,4,6	S	
3,4,4,3	b-D-Manp	66%	4.84	4.22	4.75	3.65	3.37	3.75-3.91
3,4,4,3,2	a-D-Glcp	75%	5.13	3.53	4.41	3.70	4.55	4.97-5.03
3,4,4,3,2,6	S	
3,4,4,3,2,3	a-D-Galp	53%	5.35	3.88	3.95	4.24	4.12	3.74-3.76
3,4,4,3,2,3,3	b-D-GlcpN	32%	4.69	3.60	3.66	3.49	3.45	3.72-3.86
3,4,4,3,2,3,3,2	Ac	98%	-	2.03
3,4,4,3,2,3,3,2	a-D-GlcpN	36%	5.23	3.73	3.87	3.67	4.32	4.10-4.29
3,4,4,3,2,3,3,2,2	Ac	98%	-	2.05
3,4,4,3,2,3,3,2,6	S	
3,4,4,3,2,3,3,2,4	b-D-Glcp	61%	4.54	3.50	3.70	3.55	3.47	4.08-4.15
3,4,4,3,2,3,3,2,4,6	S	
3,4,4,3,2,3,3,2,4,3	a-D-Galp	53%	5.13	3.83	3.84	3.63	4.04	3.68-3.88
3,4,4,3,2,3,3,2,4,3,4	a-D-Fucp	69%	5.02	4	4.16	4.02	4.58	1.18
3,4,4,3,2,3,3,2,4,3,4,3	b-D-GalpA	61%	4.71	3.64	3.73	4.22	4.15	-
