Linkage	Residue	Trust	C1	C2	C3	C4	C5	C6	C7	C8	C9
	a-Neup	65%	174.3	97.0	40.6	77.7	51.7	71.9	69.8	71.9	64.6
5	Ac	83%	54.9	25.1
4	b-D-GlcpN	35%	103.2	56.4	74.1	70.7	76.0	65.6
4,2	Ac	88%	175.6	23.4
4,6	S	
4,2	b-D-Galp	37%	104.2	74.3	82.7	69.5	75.8	61.0
4,2,3	b-D-Fucp	52%	105.8	74.1	76.9	72.4	71.9	16.1
4,2,2	b-D-Glcp	61%	102.4	82.5	77.8	75.4	77.6	65.1
4,2,2,6	S	
4,2,2,2	b-D-Galp	56%	105.6	72.7	74.5	78.3	77.0	64.8
4,2,2,2,6	S	
4,2,2,2,4	b-D-Xylp	46%	104.1	76.5	86.8	69.2	65.5
4,2,2,2,4,3	b-D-ManpA	59%	102.0	72.0	74.6	69.5	76.6	176.5
