Linkage	Residue	Trust	C1	C2	C3	C4	C5	C6
	b-D-Glcp	74%	97.0	73.6	75.0	80.1	75.8	61.2
4	b-D-GlcpN	52%	101.9	56.4	74.5	70.3	77.0	65.6
4,2	Ac	88%	175.6	23.4
4,6	S	
4,2	b-D-Galp	36%	104.2	72.6	74.1	77.9	75.8	62.0
4,2,6	S	
4,2,4	b-D-Galp	56%	105.2	73.8	74.1	70.4	75.4	65.7
4,2,4,6	S	
4,2,4,2	a-D-GlcpN	42%	100.5	54.6	71.4	71.2	72.6	62.1
4,2,4,2,2	Ac	83%	175.3	23.3
4,2,4,2,2	b-D-Glcp	55%	103.5	72.8	75.7	73.8	75.3	64.8
4,2,4,2,2,6	S	
4,2,4,2,2,4	a-D-Galp	57%	104.9	75.2	71.3	71.5	73.3	62.9
4,2,4,2,2,4,3	S	
4,2,4,2,2,4,2	b-D-Galp	60%	105.2	79.0	73.8	70.4	75.7	65.3
4,2,4,2,2,4,2,6	S	
4,2,4,2,2,4,2,2	b-D-Galp	47%	107.0	72.3	76.4	78.3	75.2	61.7
4,2,4,2,2,4,2,2,3	S	
4,2,4,2,2,4,2,2,4	a-D-Galp	54%	100.4	80.6	74.5	70.9	71.5	61.5
4,2,4,2,2,4,2,2,4,3	S	
4,2,4,2,2,4,2,2,4,2	a-D-Manp	53%	102.7	71.3	71.9	77.5	73.0	61.2
4,2,4,2,2,4,2,2,4,2,4	a-D-ManpA	59%	101.8	72.0	72.1	69.5	73.2	175.8
