Linkage	Residue	Trust	H1	H2	H3	H4	H5	H6
	b-D-Glcp	68%	4.68	3.30	3.66	3.50	3.57	3.72-3.83
4	b-D-GlcpN	27%	4.69	3.60	3.66	3.43	3.45	4.06-4.13
4,2	Ac	98%	-	2.03
4,6	S	
4,2	b-D-Galp	25%	4.54	3.60	3.72	4.12	3.74	3.79-3.86
4,2,6	S	
4,2,4	b-D-Galp	40%	4.53	3.62	3.72	3.93	3.76	3.99
4,2,4,6	S	
4,2,4,2	a-D-GlcpN	31%	5.20	3.78	3.83	3.43	3.98	3.75-3.89
4,2,4,2,2	Ac	98%	-	2.05
4,2,4,2,2	b-D-Glcp	48%	4.61	3.36	3.36	3.52	3.39	3.65-3.95
4,2,4,2,2,6	S	
4,2,4,2,2,4	a-D-Galp	72%	4.97	3.70	3.98	4.06	3.59	3.82-3.83
4,2,4,2,2,4,3	S	
4,2,4,2,2,4,2	b-D-Galp	53%	4.90	3.62	3.95	4.06	3.69	4-4.02
4,2,4,2,2,4,2,6	S	
4,2,4,2,2,4,2,2	b-D-Galp	52%	5.14	3.60	4.36	4.18	3.75	3.78-3.83
4,2,4,2,2,4,2,2,3	S	
4,2,4,2,2,4,2,2,4	a-D-Galp	39%	5.21	3.90	3.97	4.06	4.37	3.70-3.71
4,2,4,2,2,4,2,2,4,3	S	
4,2,4,2,2,4,2,2,4,2	a-D-Manp	32%	5.02	4.01	3.91	3.84	3.92	3.72-3.87
4,2,4,2,2,4,2,2,4,2,4	a-D-ManpA	62%	4.89	3.98	3.86	3.74	4.21	-
