Linkage	Residue	Trust	C1	C2	C3	C4	C5	C6	C7	C8	C9
	b-D-Galp	43%	96.4	71.6	74.7	79.5	75.9	62.5
4	b-D-Galp	87%	105.3	72.6	74.1	69.9	76.0	62.2
2	a-D-GlcpN	42%	100.5	54.6	71.4	71.2	72.6	62.1
2,2	Ac	83%	175.3	23.3
2,2	b-D-Galp	52%	104.2	72.9	76.5	68.5	72.5	61.6
2,2,3	S	
2,2,2	a-D-Galp	54%	98.3	69.7	70.8	78.5	71.5	61.4
2,2,2,6	S	
2,2,2,4	b-D-Glcp	61%	103.6	76.5	77.6	69.3	77.5	61.6
2,2,2,4,3	b-D-Manp	51%	101.2	71.5	74.6	69.5	76.3	61.1
2,2,2,4,3,4	a-L-Fucp	63%	99.7	69.3	70.3	83.4	67.7	18.0
2,2,2,4,3,4,4	b-D-GlcpN	33%	103.0	57.7	77.9	70.6	76.1	65.6
2,2,2,4,3,4,4,2	Ac	88%	175.6	23.4
2,2,2,4,3,4,4,6	S	
2,2,2,4,3,4,4,3	a-Neup	42%	175.3	102.0	38.5	75.6	50.8	74.1	69.8	73.1	64.1
2,2,2,4,3,4,4,3,5	Ac	83%	54.9	25.1
2,2,2,4,3,4,4,3,4	a-D-Fucp	61%	95.6	69.9	71.0	73.1	68.8	16.5
