Linkage	Residue	Trust	C1	C2	C3	C4	C5	C6
	Me	84%	58.1
1	b-D-GlcpA	52%	104.3	79.7	75.0	81.4	76.8	174.8
1,2	b-D-GlcpA	57%	101.1	75.1	76.9	73.4	77.6	176.3
1,4	b-D-GlcpN	74%	101.8	56.4	75.5	77.9	76.0	64.8
1,4,2	Ac	88%	175.6	23.4
1,4,6	S	
1,4,4	a-D-Galp	65%	96.2	69.2	76.5	68.5	73.0	62.8
1,4,4,3	S	
1,4,4,2	a-D-Galp	61%	103.0	77.9	70.4	74.7	71.8	66.0
1,4,4,2,6	S	
1,4,4,2,2	b-D-Glcp	56%	104.1	78.0	76.1	75.4	76.3	65.1
1,4,4,2,2,6	S	
1,4,4,2,2,2	b-D-Galp	41%	105.6	71.6	76.4	70.4	77.4	62.4
1,4,4,2,2,2,3	S	
1,4,4,2,2,2,2	a-D-GlcpN	51%	96.8	54.3	71.0	80.7	72.7	64.4
1,4,4,2,2,2,2,2	Ac	83%	175.3	23.3
1,4,4,2,2,2,2,6	S	
1,4,4,2,2,2,2,4	b-D-GlcpN	66%	102.0	55.8	79.6	70.9	77.2	62.2
1,4,4,2,2,2,2,4,2	Ac	88%	175.6	23.4
1,4,4,2,2,2,2,4,3	a-D-GlcpN	49%	99.0	54.7	73.4	73.9	68.4	62.6
1,4,4,2,2,2,2,4,3,2	Ac	83%	175.3	23.3
1,4,4,2,2,2,2,4,3,4	a-D-Galp	47%	99.8	69.4	76.5	68.0	76.6	65.6
1,4,4,2,2,2,2,4,3,4,6	S	
1,4,4,2,2,2,2,4,3,4,3	a-D-GalpA	58%	96.2	79.9	70.6	71.3	71.5	175.8
1,4,4,2,2,2,2,4,3,4,3,2	b-D-GlcpN	67%	101.7	57.1	74.8	72.1	77.0	63.5
1,4,4,2,2,2,2,4,3,4,3,2,2	Ac	88%	175.6	23.4
