Lineage	Residue	Trust	C1	C2	C3	C4	C5	C6
	Me	92%	58.4
1	b-D-GlcpA	47%	104.0	79.3	74.8	80.6	76.5	174.7
1,2	b-D-GlcpA	87%	103.6	73.5	76.5	72.5	75.9	174.6
1,4	b-D-GlcpN	69%	101.8	56.6	75.5	78.0	75.8	64.8
1,4,2	Ac	99%	175.6	23.5
1,4,6	S		175.6
1,4,4	a-D-Galp	58%	97.2	70.0	75.5	68.8	72.7	62.7
1,4,4,3	S		
1,4,4,2	a-D-Galp	72%	99.1	78.8	69.7	71.7	71.4	66.0
1,4,4,2,6	S		
1,4,4,2,2	b-D-Glcp	71%	103.5	81.1	76.5	71.3	76.1	65.1
1,4,4,2,2,6	S		
1,4,4,2,2,2	b-D-Galp	42%	105.4	74.7	77.9	70.3	77.3	62.4
1,4,4,2,2,2,3	S		
1,4,4,2,2,2,2	a-D-GlcpN	54%	96.8	54.3	71.0	80.7	72.7	64.4
1,4,4,2,2,2,2,2	Ac	98%	175.3	23.2
1,4,4,2,2,2,2,6	S		87.7
1,4,4,2,2,2,2,4	b-D-GlcpN	91%	102.2	55.8	80.3	71.8	77.0	62.1
1,4,4,2,2,2,2,4,2	Ac	99%	175.6	23.5
1,4,4,2,2,2,2,4,3	a-D-GlcpN	87%	99.8	55.2	72.4	77.7	71.7	62.0
1,4,4,2,2,2,2,4,3,2	Ac	98%	175.3	23.2
1,4,4,2,2,2,2,4,3,4	a-D-Galp	76%	101.0	68.4	75.9	67.0	72.2	65.9
1,4,4,2,2,2,2,4,3,4,6	S		
1,4,4,2,2,2,2,4,3,4,3	a-D-GalpA	87%	97.4	79.5	69.7	71.8	72.5	176.3
1,4,4,2,2,2,2,4,3,4,3,2	b-D-GlcpN	89%	103.5	57.1	75.0	71.4	77.2	62.4
1,4,4,2,2,2,2,4,3,4,3,2,2	Ac	99%	175.6	23.5
