Linkage	Residue	Trust	H1	H2	H3	H4	H5	H6
	Me	98%	3.57
1	b-D-GlcpA	29%	4.44	3.41	3.61	3.75	3.77	-
1,2	b-D-GlcpA	50%	4.98	3.25	3.51	3.55	3.73	-
1,4	b-D-GlcpN	71%	4.47	4.04	3.81	3.70	3.61	3.65-3.95
1,4,2	Ac	98%	-	2.03
1,4,6	S	
1,4,4	a-D-Galp	53%	5.84	4.08	4.24	4.21	3.88	3.75-3.91
1,4,4,3	S	
1,4,4,2	a-D-Galp	35%	5.21	3.90	3.94	3.84	4.14	4-4.04
1,4,4,2,6	S	
1,4,4,2,2	b-D-Glcp	58%	4.90	3.56	3.78	3.65	3.45	4.08-4.15
1,4,4,2,2,6	S	
1,4,4,2,2,2	b-D-Galp	28%	4.53	3.62	3.77	3.93	3.61	3.85-3.94
1,4,4,2,2,2,3	S	
1,4,4,2,2,2,2	a-D-GlcpN	52%	5.45	3.96	3.84	3.44	4.30	4.06
1,4,4,2,2,2,2,2	Ac	98%	-	2.05
1,4,4,2,2,2,2,6	S	
1,4,4,2,2,2,2,4	b-D-GlcpN	68%	4.61	3.80	3.74	3.69	3.48	3.72-3.94
1,4,4,2,2,2,2,4,2	Ac	98%	-	2.03
1,4,4,2,2,2,2,4,3	a-D-GlcpN	45%	5.44	3.86	5.22	4.01	4	3.77-3.96
1,4,4,2,2,2,2,4,3,2	Ac	98%	-	2.05
1,4,4,2,2,2,2,4,3,4	a-D-Galp	52%	5.40	3.74	3.94	4.06	3.74	4-4.03
1,4,4,2,2,2,2,4,3,4,6	S	
1,4,4,2,2,2,2,4,3,4,3	a-D-GalpA	66%	5.35	3.86	3.91	4.17	4.88	-
1,4,4,2,2,2,2,4,3,4,3,2	b-D-GlcpN	81%	4.52	3.72	3.54	3.18	3.44	3.68-4
1,4,4,2,2,2,2,4,3,4,3,2,2	Ac	98%	-	2.03
