Lineage	Residue	Trust	C1	C2	C3	C4	C5	C6	C7	C8
	Me	100%	58.5
1	b-D-GlcpA	38%	103.7	78.8	74.4	78.1	75.7	174.4
1,2	b-D-GlcpA	100%	104.3	73.1	76.5	72.3	75.7	174.4
1,4	b-D-GlcpNAc	50%	102.1	57.0	75.4	78.2	75.1	64.6	175.6	23.5
1,4,6	S	50%
1,4,4	a-D-Galp	50%	98.9	72.8	74.1	70.0	72.2	62.4
1,4,4,3	S	50%
1,4,4,2	a-D-Galp	75%	97.3	79.2	69.4	70.6	71.1	66.0
1,4,4,2,6	S	50%
1,4,4,2,2	b-D-Glcp	75%	103.4	81.6	76.6	69.9	76.0	65.2
1,4,4,2,2,6	S	50%
1,4,4,2,2,2	b-D-Galp	25%	104.5	74.8	77.9	69.7	76.3	62.2
1,4,4,2,2,2,3	S	50%
1,4,4,2,2,2,2	a-D-GlcpNAc	0%	97.9	55.3	71.0	76.8	71.0	64.6	175.4	23.2
1,4,4,2,2,2,2,6	S	50%
1,4,4,2,2,2,2,4	b-D-GlcpNAc	100%	102.2	55.8	80.5	71.9	77.0	62.1	175.6	23.5
1,4,4,2,2,2,2,4,3	a-D-GlcpNAc	100%	99.9	55.3	72.3	78.4	72.0	61.9	175.4	23.2
1,4,4,2,2,2,2,4,3,4	a-D-Galp	88%	101.1	68.2	75.8	67.0	71.1	66.0
1,4,4,2,2,2,2,4,3,4,6	S	50%
1,4,4,2,2,2,2,4,3,4,3	a-D-GalpA	100%	97.7	79.4	69.6	72.0	72.6	176.4
1,4,4,2,2,2,2,4,3,4,3,2	b-D-GlcpNAc	100%	104.1	57.0	75.1	71.2	77.2	62.1	175.6	23.5
