Linkage	Residue	Trust	C1	C2	C3	C4	C5	C6	C7	C8	C9
	b-D-GalpA	49%	104.3	71.2	68.6	81.0	76.8	174.8
4	b-D-GalpA	67%	102.0	71.2	73.6	71.1	76.0	174.8
2	b-D-Galp	44%	104.9	72.3	76.4	77.6	75.5	61.5
2,3	S	
2,4	a-D-Fucp	58%	100.8	77.8	69.8	72.9	68.2	16.7
2,4,2	b-D-Galp	43%	105.7	73.2	77.8	78.6	75.8	61.5
2,4,2,6	S	
2,4,2,4	b-D-GlcpN	62%	99.8	56.8	73.7	80.0	75.7	61.7
2,4,2,4,2	Ac	88%	175.6	23.4
2,4,2,4,6	S	
2,4,2,4,4	b-D-Galp	71%	104.0	70.9	78.3	66.3	76.4	65.3
2,4,2,4,4,6	S	
2,4,2,4,4,3	a-D-GlcpN	78%	95.3	54.8	71.6	79.7	73.1	61.2
2,4,2,4,4,3,2	Ac	83%	175.3	23.3
2,4,2,4,4,3,4	b-D-Galp	77%	102.2	72.9	72.8	69.4	76.2	61.8
2,4,2,4,4,3,4,3	S	
2,4,2,4,4,3,4,2	a-D-Xylp	17%	98.5	72.7	72.9	73.2	61.4
2,4,2,4,4,3,4,2,4	a-D-Galp	42%	99.0	77.8	70.4	70.4	71.8	62.1
2,4,2,4,4,3,4,2,4,2	b-D-Fucp	23%	104.7	72.2	74.9	72.5	71.7	17.4
2,4,2,4,4,3,4,2,4,2,3	a-D-Manp	67%	103.0	70.5	71.4	67.7	74.1	61.9
2,4,2,4,4,3,4,2,4,2,4	b-D-GlcpN	53%	100.0	53.8	84.0	69.3	76.1	65.7
2,4,2,4,4,3,4,2,4,2,4,2	Ac	88%	175.6	23.4
2,4,2,4,4,3,4,2,4,2,4,6	S	
2,4,2,4,4,3,4,2,4,2,4,3	b-D-GlcpA	48%	105.1	80.0	77.5	73.9	77.8	176.2
2,4,2,4,4,3,4,2,4,2,4,3,2	a-D-GlcpN	51%	100.5	54.8	78.4	72.0	72.8	61.6
2,4,2,4,4,3,4,2,4,2,4,3,2,2	Ac	83%	175.3	23.3
2,4,2,4,4,3,4,2,4,2,4,3,2,3	a-D-Manp	38%	102.3	71.0	74.3	66.7	74.4	61.5
2,4,2,4,4,3,4,2,4,2,4,3,2,3,3	b-Neup	54%	173.6	96.9	41.1	69.2	53.3	70.7	69.8	73.3	64.2
2,4,2,4,4,3,4,2,4,2,4,3,2,3,3,5	Ac	83%	176.3	23.6
