Linkage	Residue	Trust	H1	H2	H3	H4	H5	H6
	Me	95%	3.44
1	a-D-Galp	47%	5	3.81	3.85	4.03	4.01	3.79-3.86
1,4	a-D-Galp	79%	5.12	3.72	4.07	4.17	4.46	3.66-3.74
1,4,4	b-D-GlcpN	45%	4.77	3.58	3.69	3.49	3.40	3.80-3.86
1,4,4,2	Ac	98%	-	2.03
1,4,4,3	a-D-ManpA	49%	5.12	4.12	3.86	3.85	4.17	-
1,4,4,3,3	a-D-Galp	57%	5.27	3.92	4.05	3.95	3.47	3.79
1,4,4,3,3,3	a-D-Xylp	50%	5.13	3.83	3.70	3.76	3.60
1,4,4,3,3,3,3	b-D-Xylp	68%	4.74	3.42	3.60	3.80	3.30-3.96
1,4,4,3,3,3,3,3	a-D-Manp	49%	5.21	4.13	3.82	3.82	4.03	3.80-3.85
1,4,4,3,3,3,3,3,3	a-D-GlcpN	31%	5.20	3.78	3.83	3.55	3.77	3.78-3.88
1,4,4,3,3,3,3,3,3,2	Ac	98%	-	2.05
1,4,4,3,3,3,3,3,3,2	a-D-Galp	34%	5.22	3.89	3.98	4.23	3.91	4-4.05
1,4,4,3,3,3,3,3,3,2,6	S	
1,4,4,3,3,3,3,3,3,2,4	b-D-Fucp	68%	4.68	3.57	3.70	3.77	3.91	1.16
