Linkage	Residue	Trust	H1	H2	H3	H4	H5	H6
	Me	97%	3.42
1	a-D-Glcp	55%	5.46	3.69	3.86	3.48	3.88	3.78-3.90
1,2	a-D-Glcp	33%	5.14	3.57	3.78	3.54	3.96	3.77-3.86
1,2,4	b-L-Fucp	25%	4.65	3.65	3.87	3.86	3.85	1.27
1,2,4,2	a-D-Galp	50%	5.01	3.87	3.90	4.18	3.91	3.72-3.84
1,2,4,2,6	S	
1,2,4,2,4	b-D-Glcp	54%	5.06	4.36	3.78	3.65	3.71	4.08-4.15
1,2,4,2,4,6	S	
1,2,4,2,4,2	b-D-Galp	47%	5.26	3.53	4.22	4.30	3.76	4.04
1,2,4,2,4,2,3	S	
1,2,4,2,4,2,4	b-D-Fucp	28%	4.38	3.27	3.68	3.79	3.82	1.24
1,2,4,2,4,2,4,2	b-D-Fucp	57%	5.08	3.60	3.62	3.77	3.91	1.25
1,2,4,2,4,2,4,4	a-D-Glcp	55%	5.02	3.61	3.86	3.65	3.82	3.82-3.89
1,2,4,2,4,2,4,4,4	a-D-Glcp	73%	5.46	3.89	4.28	3.53	3.76	3.81
1,2,4,2,4,2,4,4,4,6	S	
1,2,4,2,4,2,4,4,4,3	b-D-Galp	57%	6.21	3.62	3.82	3.93	3.64	3.67
1,2,4,2,4,2,4,4,4,3,2	b-D-Xylp	81%	4.61	3.25	3.41	3.72	3.25-3.78
