Linkage	Residue	Trust	C1	C2	C3	C4	C5	C6
	Me	84%	58.1
1	b-D-Fucp	40%	98.2	71.7	81.8	82.1	71.6	16.8
1,4	b-D-Fucp	66%	105.0	72.4	73.7	72.4	71.9	16.1
1,3	b-D-Fucp	61%	104.8	72.2	74.8	82.1	71.6	16.9
1,3,4	b-D-GlcpA	53%	109.2	73.0	77.2	81.6	76.2	176.0
1,3,4,4	b-D-Galp	56%	103.4	76.5	72.8	69.9	75.4	65.4
1,3,4,4,6	S	
1,3,4,4,2	a-D-Glcp	60%	97.9	71.7	81.8	69.1	72.6	65.1
1,3,4,4,2,6	S	
1,3,4,4,2,3	b-D-GalpA	47%	100.7	83.1	72.0	71.2	75.7	174.8
1,3,4,4,2,3,2	b-D-Xylp	27%	104.8	75.8	76.2	76.7	65.5
1,3,4,4,2,3,2,3	a-D-Xylp	43%	98.5	72.7	77.7	71.3	61.2
1,3,4,4,2,3,2,4	b-D-Galp	28%	104.2	71.6	76.4	70.4	75.8	61.7
1,3,4,4,2,3,2,4,3	S	
1,3,4,4,2,3,2,4,2	a-D-GlcpN	35%	100.2	54.7	73.4	77.5	72.7	61.1
1,3,4,4,2,3,2,4,2,2	Ac	83%	175.3	23.3
1,3,4,4,2,3,2,4,2,6	S	
1,3,4,4,2,3,2,4,2,4	a-D-GlcpA	71%	101.7	72.1	73.5	72.5	73.7	175.9
