Linkage	Residue	Trust	H1	H2	H3	H4	H5	H6
	Me	98%	3.57
1	b-D-Fucp	39%	4.35	3.54	3.86	4.43	3.94	1.40
1,4	b-D-Fucp	56%	4.79	3.61	3.62	3.77	3.91	1.25
1,3	b-D-Fucp	68%	4.69	3.65	3.83	4.11	3.94	1.37
1,3,4	b-D-GlcpA	37%	5.08	3.78	3.66	3.76	3.93	-
1,3,4,4	b-D-Galp	69%	4.66	3.70	3.74	4.05	3.71	4
1,3,4,4,6	S	
1,3,4,4,2	a-D-Glcp	34%	5.38	3.79	3.87	3.61	3.99	4.06-4.14
1,3,4,4,2,6	S	
1,3,4,4,2,3	b-D-GalpA	36%	6.21	3.62	3.82	4.22	4.14	-
1,3,4,4,2,3,2	b-D-Xylp	13%	4.59	3.45	3.49	3.66	3.35-3.99
1,3,4,4,2,3,2,3	a-D-Xylp	65%	5.07	3.48	3.59	3.62	3.55-3.69
1,3,4,4,2,3,2,4	b-D-Galp	32%	4.53	3.62	3.77	3.93	3.72	3.77-3.81
1,3,4,4,2,3,2,4,3	S	
1,3,4,4,2,3,2,4,2	a-D-GlcpN	54%	5.60	4.01	5.22	4.01	4	3.77
1,3,4,4,2,3,2,4,2,2	Ac	98%	-	2.05
1,3,4,4,2,3,2,4,2,6	S	
1,3,4,4,2,3,2,4,2,4	a-D-GlcpA	85%	5.13	3.60	3.64	3.52	4.02	-
