Linkage	Residue	Trust	C1	C2	C3	C4	C5	C6	C7	C8	C9
	Me	83%	57.8
1	a-D-Xylp	28%	98.5	74.4	72.9	70.4	65.1
1,2	a-D-Xylp	50%	99.6	72.6	73.1	73.7	62.6
1,3	a-D-GlcpA	50%	102.0	71.4	78.9	73.0	73.1	175.9
1,3,3	a-D-GlcpA	21%	99.7	72.5	73.5	72.5	73.1	175.8
1,3,3,3	a-Neup	48%	174.7	101.9	37.7	69.8	53.1	74.1	69.8	73.1	64.1
1,3,3,3,5	Ac	83%	54.9	25.1
1,3,3,3,4	a-D-Manp	24%	101.3	73.9	71.6	77.4	73.9	60.2
1,3,3,3,4,2	a-D-Fucp	79%	103.9	69.8	70.4	73.1	68.8	16.5
1,3,3,3,4,4	a-D-Fucp	19%	101.0	69.3	74.2	75.0	68.3	17.0
1,3,3,3,4,4,3	a-D-Glcp	67%	99.8	74.4	71.3	73.1	72.4	61.0
1,3,3,3,4,4,4	a-D-Manp	67%	101.4	78.5	72.0	68.7	74.5	61.9
1,3,3,3,4,4,4,2	a-D-GlcpA	48%	101.0	73.0	81.3	73.8	73.1	177.3
1,3,3,3,4,4,4,2,3	a-D-ManpA	50%	101.5	79.4	70.8	73.3	72.0	174.0
1,3,3,3,4,4,4,2,3,2	b-D-Glcp	73%	104.0	74.3	76.4	70.5	76.9	61.9
