Linkage	Residue	Trust	C1	C2	C3	C4	C5	C6	C7	C8	C9
	Me	84%	58.1
1	b-D-GalpA	58%	104.3	80.3	72.2	71.2	75.9	174.8
1,2	b-D-GalpA	18%	103.7	71.2	73.6	81.0	75.7	174.4
1,2,2	a-D-ManpA	63%	101.5	70.9	71.3	69.5	73.2	175.8
1,2,4	b-D-Galp	58%	104.7	71.5	83.4	69.6	75.8	65.3
1,2,4,6	S	
1,2,4,3	b-D-GalpA	53%	105.1	71.6	73.3	81.0	76.8	174.4
1,2,4,3,4	b-D-Galp	58%	103.1	78.0	79.6	68.9	75.7	62.4
1,2,4,3,4,3	S	
1,2,4,3,4,2	b-D-GlcpN	61%	101.9	56.8	75.5	79.6	77.0	61.4
1,2,4,3,4,2,2	Ac	88%	175.6	23.4
1,2,4,3,4,2,6	S	
1,2,4,3,4,2,4	b-D-GlcpA	41%	104.2	73.2	81.3	73.0	76.7	177.2
1,2,4,3,4,2,4,3	a-Neup	57%	174.7	101.9	37.7	77.5	51.7	71.9	69.8	71.9	64.6
1,2,4,3,4,2,4,3,5	Ac	83%	54.9	25.1
1,2,4,3,4,2,4,3,4	b-D-GlcpN	48%	102.9	56.7	78.0	69.5	76.9	65.7
1,2,4,3,4,2,4,3,4,2	Ac	88%	175.6	23.4
1,2,4,3,4,2,4,3,4,6	S	
1,2,4,3,4,2,4,3,4,3	b-L-Fucp	34%	103.4	72.7	73.7	73.8	71.7	16.8
1,2,4,3,4,2,4,3,4,3,2	b-D-GalpA	65%	101.1	72.3	73.6	71.1	76.0	174.8
