Linkage	Residue	Trust	C1	C2	C3	C4	C5	C6
	b-D-Glcp	51%	97.0	76.0	77.6	79.2	76.3	60.8
4	b-D-Glcp	70%	103.4	74.0	76.5	70.4	76.9	61.8
3	b-D-ManpA	49%	101.2	71.9	77.6	82.4	76.7	176.0
3,4	b-D-Galp	58%	103.4	73.2	75.0	79.1	75.8	61.4
3,4,6	S	
3,4,4	b-D-Glcp	48%	103.3	80.4	75.4	75.4	78.8	65.1
3,4,4,6	S	
3,4,4,2	b-D-Galp	41%	105.6	72.7	76.1	68.0	76.4	62.5
3,4,4,2,6	S	
3,4,4,2,3	a-D-Galp	54%	97.7	72.7	69.8	79.9	71.8	61.4
3,4,4,2,3,2	a-D-GalpA	82%	95.6	69.1	70.9	71.5	72.6	173.8
3,4,4,2,3,4	a-D-Galp	68%	104.9	69.7	69.2	78.7	71.2	61.8
3,4,4,2,3,4,6	S	
3,4,4,2,3,4,4	a-D-Glcp	70%	100.8	82.2	73.7	70.7	71.9	64.9
3,4,4,2,3,4,4,6	S	
3,4,4,2,3,4,4,2	b-D-Galp	57%	103.4	75.0	83.3	70.2	74.4	60.3
3,4,4,2,3,4,4,2,6	S	
3,4,4,2,3,4,4,2,3	b-D-Glcp	79%	105.0	74.5	75.6	80.3	75.8	61.2
3,4,4,2,3,4,4,2,3,4	b-D-GlcpA	68%	98.4	74.0	76.3	71.8	77.6	176.0
