Lineage	Residue	Trust	C1	C2	C3	C4	C5	C6	C7	C8	C9
	Me	91%	57.2
1	b-D-ManpA	14%	101.5	75.2	76.6	69.5	77.0	176.5
1,2	b-D-ManpA	89%	102.5	71.5	74.2	69.9	77.4	177.1
1,3	a-Neup	45%	176.1	101.6	40.5	77.9	51.6	72.5	69.7	72.0	64.5
1,3,5	Ac	68%	65.0	25.0
1,3,4	b-D-GlcpN	59%	103.2	61.7	73.8	71.2	76.9	61.9
1,3,4,2	Ac	99%	175.6	23.5
1,3,4,2	a-D-GlcpN	88%	97.7	54.0	81.5	69.8	73.3	61.8
1,3,4,2,2	Ac	98%	175.3	23.2
1,3,4,2,3	b-D-Fucp	89%	104.1	70.2	78.5	68.9	71.9	16.5
1,3,4,2,3,3	a-D-GlcpA	36%	94.6	80.0	81.9	72.3	72.3	173.9
1,3,4,2,3,3,3	b-D-GalpA	89%	104.7	70.8	74.2	71.4	75.9	173.9
1,3,4,2,3,3,2	b-D-Glcp	87%	103.3	81.5	77.1	70.7	76.9	62.0
1,3,4,2,3,3,2,2	b-D-Xylp	92%	104.2	74.1	76.8	70.2	66.2
