Linkage	Residue	Trust	C1	C2	C3	C4	C5	C6	C7	C8	C9
	Me	83%	57.7
1	b-D-ManpA	15%	101.5	70.9	73.0	69.5	77.0	176.5
1,2	b-D-ManpA	64%	102.3	71.7	73.6	69.5	76.6	176.5
1,3	a-Neup	47%	177.6	102.0	40.6	77.5	51.7	71.9	69.8	71.9	64.6
1,3,5	Ac	83%	54.9	25.1
1,3,4	b-D-GlcpN	41%	103.2	56.4	74.1	71.3	76.9	61.9
1,3,4,2	Ac	88%	175.6	23.4
1,3,4,2	a-D-GlcpN	47%	96.1	53.4	81.2	69.3	72.7	61.5
1,3,4,2,2	Ac	83%	175.3	23.3
1,3,4,2,3	b-D-Fucp	58%	104.5	70.1	76.3	69.9	71.7	16.5
1,3,4,2,3,3	a-D-GlcpA	35%	94.2	79.9	73.5	72.5	73.1	174.0
1,3,4,2,3,3,3	b-D-GalpA	64%	104.1	72.1	73.6	71.1	76.0	174.8
1,3,4,2,3,3,2	b-D-Glcp	60%	103.8	80.0	77.3	70.3	75.3	61.9
1,3,4,2,3,3,2,2	b-D-Xylp	82%	103.9	74.4	76.6	70.2	66.0
