Lineage	Residue	Trust	C1	C2	C3	C4	C5	C6	C7	C8	C9	C10	C11
	Me	100%	56.9
1	b-D-ManpA	0%	102.0	79.5	80.1	69.0	77.5	177.1
1,2	b-D-ManpA	100%	102.6	71.3	74.3	70.0	77.5	177.2
1,3	a-Neup5Ac	38%	174.1	101.6	40.3	78.5	51.4	73.4	69.2	72.6	63.6	175.9	23.5
1,3,4	b-D-GlcpNAc	25%	103.2	61.7	73.8	71.2	77.2	62.1	175.6	23.5
1,3,4,2	a-D-GlcpNAc	100%	97.7	54.1	81.6	70.0	73.3	61.9	175.4	23.2
1,3,4,2,3	b-D-Fucp	100%	104.0	70.3	78.9	68.8	71.9	16.6
1,3,4,2,3,3	a-D-GlcpA	25%	96.3	80.3	81.9	71.0	72.2	173.5
1,3,4,2,3,3,3	b-D-GalpA	100%	104.9	70.4	74.3	71.6	75.9	173.8
1,3,4,2,3,3,2	b-D-Glcp	100%	103.3	81.7	77.0	70.9	77.2	62.1
1,3,4,2,3,3,2,2	b-D-Xylp	100%	104.4	74.0	76.9	70.3	66.3
