Linkage	Residue	Trust	C1	C2	C3	C4	C5	C6	C7	C8	C9
	Me	77%	55.6
1	a-D-ManpA	19%	98.9	70.1	76.5	73.3	73.1	175.9
1,4	a-D-ManpA	61%	101.6	71.2	71.3	69.5	73.2	175.8
1,3	b-D-GalpA	23%	103.7	71.6	73.6	70.5	75.7	174.7
1,3,3	b-Neup	46%	175.1	96.9	37.5	72.7	50.8	70.7	69.6	73.1	64.0
1,3,3,5	Ac	83%	176.3	23.6
1,3,3,4	a-D-GlcpN	21%	96.1	54.5	72.8	77.5	72.7	64.8
1,3,3,4,2	Ac	83%	175.3	23.3
1,3,3,4,6	S	
1,3,3,4,4	a-D-Galp	59%	96.2	69.2	74.5	68.5	76.6	62.2
1,3,3,4,4,3	S	
1,3,3,4,4,2	a-D-Galp	61%	96.7	69.3	72.4	77.7	72.0	62.0
1,3,3,4,4,2,6	S	
1,3,3,4,4,2,4	a-D-ManpA	37%	101.4	78.5	76.5	73.3	73.1	176.9
1,3,3,4,4,2,4,2	a-D-Galp	70%	101.0	69.7	70.4	70.3	72.0	62.1
1,3,3,4,4,2,4,3	b-D-GlcpN	62%	103.8	57.1	75.3	77.6	76.5	61.6
1,3,3,4,4,2,4,3,2	Ac	88%	175.6	23.4
1,3,3,4,4,2,4,3,4	a-D-Xylp	52%	100.0	72.2	68.8	77.8	61.0
1,3,3,4,4,2,4,3,4,4	a-D-Manp	67%	101.2	72.4	68.8	71.6	70.0	62.3
