Linkage	Residue	Trust	C1	C2	C3	C4	C5	C6
	b-D-GlcpN	58%	96.2	56.4	75.1	71.2	76.8	62.4
2	Ac	88%	175.6	23.4
2	a-D-Galp	42%	99.0	68.7	79.5	69.9	71.8	65.6
2,6	S	
2,3	b-D-Manp	57%	102.5	71.3	73.6	74.4	76.5	61.8
2,3,4	a-D-GlcpN	56%	98.8	53.0	82.0	69.3	72.7	65.4
2,3,4,2	Ac	83%	175.3	23.3
2,3,4,6	S	
2,3,4,3	b-D-Galp	70%	104.5	70.6	78.5	66.1	76.0	61.7
2,3,4,3,3	a-D-Xylp	12%	98.5	76.9	72.9	73.2	61.4
2,3,4,3,3,2	a-D-Galp	68%	99.6	69.4	70.4	70.3	72.0	61.8
2,3,4,3,3,4	a-D-GlcpN	30%	96.2	54.6	71.4	70.6	70.0	65.5
2,3,4,3,3,4,2	Ac	83%	175.3	23.3
2,3,4,3,3,4,6	S	
2,3,4,3,3,4,2	a-D-ManpA	47%	98.9	70.9	71.3	69.5	73.2	175.8
