Lineage	Residue	Trust	C1	C2	C3	C4	C5	C6
	b-D-GlcpN	70%	96.4	62.7	74.4	71.2	76.9	62.3
2	Ac	99%	175.6	23.5
2	a-D-Galp	84%	99.1	68.9	79.5	70.2	71.1	65.9
2,6	S		
2,3	b-D-Manp	88%	102.6	71.5	74.5	74.8	76.3	62.1
2,3,4	a-D-GlcpN	78%	99.4	53.7	81.6	69.5	72.0	64.9
2,3,4,2	Ac	98%	175.3	23.2
2,3,4,6	S		175.4
2,3,4,3	b-D-Galp	90%	104.5	70.3	78.9	66.2	76.2	62.0
2,3,4,3,3	a-D-Xylp	37%	94.5	76.8	71.8	79.3	61.7
2,3,4,3,3,2	a-D-Galp	90%	97.6	69.5	70.4	70.5	72.2	62.3
2,3,4,3,3,4	a-D-GlcpN	37%	98.2	59.5	70.7	70.7	70.3	65.5
2,3,4,3,3,4,2	Ac	98%	175.3	23.2
2,3,4,3,3,4,6	S		175.4
2,3,4,3,3,4,2	a-D-ManpA	89%	98.9	71.2	71.5	70.3	74.5	177.6
