Lineage	Residue	Trust	C1	C2	C3	C4	C5	C6	C7	C8
	b-D-GlcpNAc	63%	96.5	62.7	73.8	71.2	77.2	62.1	175.6	23.5
2	a-D-Galp	88%	99.1	68.9	79.5	70.3	71.1	66.0
2,6	S	50%
2,3	b-D-Manp	100%	102.7	71.5	74.5	74.9	76.3	62.3
2,3,4	a-D-GlcpNAc	88%	99.8	54.1	81.6	69.6	72.0	64.6	175.4	23.2
2,3,4,6	S	50%
2,3,4,3	b-D-Galp	100%	104.4	70.2	79.0	66.3	76.3	62.2
2,3,4,3,3	a-D-Xylp	38%	94.5	76.5	71.8	79.3	61.7
2,3,4,3,3,2	a-D-Galp	100%	97.1	69.6	70.4	70.6	72.2	62.4
2,3,4,3,3,4	a-D-GlcpNAc	25%	98.2	59.5	70.7	70.8	72.0	64.6	175.4	23.2
2,3,4,3,3,4,6	S	50%
2,3,4,3,3,4,2	a-D-ManpA	100%	98.8	71.3	71.5	70.4	74.6	178.0
