Linkage	Residue	Trust	H1	H2	H3	H4	H5	H6	H7	H8	H9
	a-D-GalpA	72%	5.52	3.99	4.08	4.39	4.67	-
2	a-D-GalpA	39%	5.30	3.92	3.91	4.17	4.69	-
2,2	b-D-GlcpN	34%	4.69	3.60	3.66	3.18	3.44	3.68-4
2,2,2	Ac	98%	-	2.03
2,2,2	b-D-Glcp	44%	4.61	3.36	3.64	3.71	3.68	4.25-4.32
2,2,2,6	S	
2,2,2,4	b-D-Glcp	64%	4.51	3.65	3.64	3.65	3.52	3.65-3.95
2,2,2,4,6	S	
2,2,2,4,4	a-D-Galp	42%	5.03	3.89	4.05	4.20	3.84	4.06
2,2,2,4,4,6	S	
2,2,2,4,4,3	b-D-ManpA	14%	4.90	3.99	3.69	3.74	3.81	-
2,2,2,4,4,3,3	b-D-Galp	63%	4.65	3.50	3.65	3.92	3.68	3.76-3.79
2,2,2,4,4,3,2	b-D-GlcpN	58%	4.55	3.73	3.78	3.72	3.52	3.75-3.90
2,2,2,4,4,3,2,2	Ac	98%	-	2.03
2,2,2,4,4,3,2,4	b-D-ManpA	51%	4.59	3.97	3.83	3.86	3.90	-
2,2,2,4,4,3,2,4,4	a-D-GlcpA	46%	5.25	3.64	3.89	3.78	4.08	-
2,2,2,4,4,3,2,4,4,4	b-D-GlcpN	25%	4.69	3.60	3.66	3.57	3.54	3.77-3.83
2,2,2,4,4,3,2,4,4,4,2	Ac	98%	-	2.03
2,2,2,4,4,3,2,4,4,4,2	a-D-Galp	23%	5.22	3.89	4.79	4.19	4.04	3.79-3.80
2,2,2,4,4,3,2,4,4,4,2,3	S	
2,2,2,4,4,3,2,4,4,4,2,4	a-D-Glcp	29%	4.99	3.58	3.81	3.44	4.11	4.08-4.16
2,2,2,4,4,3,2,4,4,4,2,4,6	S	
2,2,2,4,4,3,2,4,4,4,2,4,3	a-Neup	74%	-	-	1.97-2.58	3.69	3.82	3.62	3.58	3.87	3.64-3.87
2,2,2,4,4,3,2,4,4,4,2,4,3,5	Ac	99%	-	2.03
