Lineage	Residue	Trust	C1	C2	C3	C4	C5	C6	C7	C8	C9
	a-L-Fucp	35%	99.4	67.8	75.1	79.1	68.0	15.5
4	a-L-Fucp	91%	101.1	69.3	70.5	73.0	67.8	16.6
3	a-Neup	60%	175.5	101.5	39.7	75.8	53.6	73.4	69.5	73.0	63.9
3,5	Ac	57%	90.7	24.6
3,4	a-D-ManpA	11%	99.3	72.4	77.5	73.3	73.1	175.9
3,4,2	b-D-Manp	93%	100.5	71.5	74.3	67.9	77.4	62.2
3,4,3	b-D-ManpA	42%	97.9	77.9	73.2	69.6	77.2	176.5
3,4,3,2	b-D-GlcpN	51%	102.1	57.0	71.8	80.6	75.2	61.8
3,4,3,2,2	Ac	99%	175.6	23.5
3,4,3,2,6	S		175.6
3,4,3,2,4	a-D-GlcpN	87%	99.2	55.1	72.4	77.7	71.7	62.0
3,4,3,2,4,2	Ac	98%	175.3	23.2
3,4,3,2,4,4	a-D-Galp	53%	97.3	72.5	74.1	71.5	75.3	62.2
3,4,3,2,4,4,3	S		
3,4,3,2,4,4,2	a-D-Fucp	36%	97.1	78.8	67.3	82.3	68.2	16.7
3,4,3,2,4,4,2,2	b-D-Manp	89%	102.7	71.4	74.3	67.7	77.4	62.3
3,4,3,2,4,4,2,4	a-D-Fucp	92%	101.1	69.2	69.9	82.4	68.0	15.9
3,4,3,2,4,4,2,4,4	a-D-GlcpA	94%	101.3	72.4	73.6	72.5	72.2	173.4
