Linkage	Residue	Trust	C1	C2	C3	C4	C5	C6	C7	C8	C9
	a-L-Fucp	39%	99.4	67.8	74.2	79.1	68.0	15.5
4	a-L-Fucp	67%	100.4	69.3	70.8	72.9	67.5	16.3
3	a-Neup	45%	177.2	101.1	39.3	69.8	53.1	74.1	69.8	73.1	64.1
3,5	Ac	83%	54.9	25.1
3,4	a-D-ManpA	12%	98.9	68.7	76.5	73.3	73.1	175.9
3,4,2	b-D-Manp	66%	100.3	71.4	74.0	68.0	77.5	62.1
3,4,3	b-D-ManpA	47%	97.9	77.4	73.1	69.5	77.0	176.5
3,4,3,2	b-D-GlcpN	47%	102.0	56.9	71.0	80.9	76.1	61.4
3,4,3,2,2	Ac	88%	175.6	23.4
3,4,3,2,6	S	
3,4,3,2,4	a-D-GlcpN	54%	97.9	54.5	73.4	73.9	68.4	62.6
3,4,3,2,4,2	Ac	83%	175.3	23.3
3,4,3,2,4,4	a-D-Galp	49%	96.4	71.9	74.5	73.2	76.6	62.2
3,4,3,2,4,4,3	S	
3,4,3,2,4,4,2	a-D-Fucp	19%	100.5	69.4	67.2	75.1	68.2	16.7
3,4,3,2,4,4,2,2	b-D-Manp	64%	102.4	71.3	74.0	67.0	77.2	62.3
3,4,3,2,4,4,2,4	a-D-Fucp	78%	100.8	69.7	69.8	82.5	68.8	16.9
3,4,3,2,4,4,2,4,4	a-D-GlcpA	71%	100.4	73.1	73.7	72.5	72.2	173.3
