Linkage	Residue	Trust	H1	H2	H3	H4	H5	H6	H7	H8	H9
	a-L-Fucp	28%	5.27	3.88	3.94	3.91	3.76	1.25
4	a-L-Fucp	81%	5.19	3.81	3.87	3.85	4.30	1.21
3	a-Neup	34%	-	-	1.76-2.73	3.73	3.86	3.74	3.58	3.86	3.64-3.87
3,5	Ac	99%	-	2.03
3,4	a-D-ManpA	2%	5	4.05	3.80	3.76	4.38	-
3,4,2	b-D-Manp	68%	4.88	4.14	3.64	3.57	3.38	3.72-3.92
3,4,3	b-D-ManpA	56%	4.88	4.43	3.60	3.74	3.67	-
3,4,3,2	b-D-GlcpN	53%	4.55	3.73	3.93	3.67	3.93	3.78-3.88
3,4,3,2,2	Ac	98%	-	2.03
3,4,3,2,6	S	
3,4,3,2,4	a-D-GlcpN	40%	5.34	3.87	5.22	4.01	4	3.77-3.96
3,4,3,2,4,2	Ac	98%	-	2.05
3,4,3,2,4,4	a-D-Galp	55%	5.62	4.06	3.97	3.57	3.74	3.78-3.80
3,4,3,2,4,4,3	S	
3,4,3,2,4,4,2	a-D-Fucp	30%	5.26	3.89	3.99	4	4.32	1.24
3,4,3,2,4,4,2,2	b-D-Manp	73%	4.78	4.10	3.64	3.62	3.38	3.74-4.01
3,4,3,2,4,4,2,4	a-D-Fucp	72%	5.12	3.89	4.11	3.91	4.42	1.35
3,4,3,2,4,4,2,4,4	a-D-GlcpA	64%	5.02	3.60	3.86	3.61	4.39	-
