Lineage	Residue	Trust	C1	C2	C3	C4	C5	C6	C7	C8	C9	C10	C11
	a-L-Fucp	0%	93.3	68.2	75.9	81.3	67.6	16.0
4	a-L-Fucp	100%	101.3	69.2	70.4	73.0	67.9	16.7
3	a-Neup5Ac	63%	174.1	101.6	39.8	75.8	53.8	73.4	69.2	72.6	63.6	175.9	23.5
3,4	a-D-ManpA	0%	99.7	76.0	78.5	68.7	74.6	178.0
3,4,2	b-D-Manp	100%	100.6	71.5	74.3	67.9	77.4	62.3
3,4,3	b-D-ManpA	25%	98.2	80.6	74.3	70.0	77.5	177.2
3,4,3,2	b-D-GlcpNAc	25%	103.9	57.0	75.4	78.2	75.1	64.6	175.6	23.5
3,4,3,2,6	S	50%
3,4,3,2,4	a-D-GlcpNAc	100%	99.7	55.3	72.3	78.4	72.0	61.9	175.4	23.2
3,4,3,2,4,4	a-D-Galp	50%	98.9	72.8	74.1	70.0	72.2	62.4
3,4,3,2,4,4,3	S	50%
3,4,3,2,4,4,2	a-D-Fucp	13%	97.1	78.8	68.9	82.3	68.1	16.0
3,4,3,2,4,4,2,2	b-D-Manp	100%	102.8	71.5	74.3	67.9	77.4	62.3
3,4,3,2,4,4,2,4	a-D-Fucp	100%	101.3	69.1	69.9	82.3	67.4	15.8
3,4,3,2,4,4,2,4,4	a-D-GlcpA	100%	101.6	72.0	73.6	72.5	72.2	173.5
