Linkage	Residue	Trust	C1	C2	C3	C4	C5	C6
	Me	76%	56.2
1	a-D-GlcpA	60%	99.3	73.8	75.1	78.2	75.6	178.3
1,4	a-D-GlcpA	34%	97.3	72.5	73.5	80.8	73.1	175.3
1,4,3	a-D-Glcp	67%	100.4	71.5	74.1	70.5	73.1	61.6
1,4,4	b-D-GlcpN	54%	101.9	56.4	73.7	79.6	76.1	65.1
1,4,4,2	Ac	88%	175.6	23.4
1,4,4,6	S	
1,4,4,4	b-D-Galp	54%	102.3	71.6	76.5	70.9	72.5	61.7
1,4,4,4,3	S	
1,4,4,4,2	a-D-Manp	45%	101.3	79.8	76.9	66.3	73.9	61.6
1,4,4,4,2,2	b-D-Xylp	80%	105.2	74.5	77.4	71.1	66.9
1,4,4,4,2,3	a-D-GalpA	65%	101.8	69.6	69.4	81.9	72.4	176.0
1,4,4,4,2,3,4	b-D-Galp	75%	104.8	70.8	73.8	69.5	76.0	61.5
