Linkage	Residue	Trust	C1	C2	C3	C4	C5	C6	C7	C8	C9
	Me	84%	58.1
1	b-D-GalpA	71%	104.4	70.3	81.2	68.1	76.2	174.7
1,3	b-D-GalpA	48%	103.2	70.9	73.6	78.9	76.0	174.5
1,3,3	b-Neup	48%	175.1	96.9	37.1	72.9	50.8	70.7	69.6	73.1	64.0
1,3,3,5	Ac	83%	176.3	23.6
1,3,3,4	a-D-Galp	53%	95.7	69.3	70.8	79.8	71.5	62.4
1,3,3,4,6	S	
1,3,3,4,4	b-D-Galp	61%	100.6	80.3	72.2	72.2	71.5	65.2
1,3,3,4,4,3	S	
1,3,3,4,4,2	b-D-Glcp	67%	103.7	74.6	86.1	70.2	76.7	62.4
1,3,3,4,4,2,3	b-D-Glcp	70%	103.4	73.9	85.8	69.2	76.8	61.6
1,3,3,4,4,2,3,3	b-D-GlcpN	66%	102.4	56.4	72.8	79.4	75.9	61.1
1,3,3,4,4,2,3,3,2	Ac	88%	175.6	23.4
1,3,3,4,4,2,3,3,4	b-D-Galp	66%	102.5	74.8	72.7	70.4	76.6	65.3
1,3,3,4,4,2,3,3,4,6	S	
1,3,3,4,4,2,3,3,4,2	a-D-GlcpN	30%	96.4	53.4	74.0	70.4	72.7	65.4
1,3,3,4,4,2,3,3,4,2,2	Ac	83%	175.3	23.3
1,3,3,4,4,2,3,3,4,2,6	S	
1,3,3,4,4,2,3,3,4,2,3	a-Neup	46%	174.4	102.0	38.0	75.6	50.8	74.1	69.8	73.1	64.1
1,3,3,4,4,2,3,3,4,2,3,5	Ac	83%	54.9	25.1
1,3,3,4,4,2,3,3,4,2,3,4	a-D-Galp	51%	97.4	67.9	80.7	70.2	71.8	65.6
1,3,3,4,4,2,3,3,4,2,3,4,6	S	
1,3,3,4,4,2,3,3,4,2,3,4,3	b-D-Galp	51%	105.5	71.1	76.3	71.4	75.8	62.3
1,3,3,4,4,2,3,3,4,2,3,4,3,3	a-L-Fucp	65%	104.1	71.1	71.0	73.1	68.8	16.5
