Linkage	Residue	Trust	C1	C2	C3	C4	C5	C6
	b-D-ManpA	63%	102.2	71.6	73.8	69.5	76.6	176.5
2	b-D-ManpA	47%	102.0	81.8	72.2	69.5	77.2	176.4
2,2	b-D-Galp	69%	105.2	72.8	72.9	77.6	73.6	63.6
2,2,6	S	
2,2,4	a-D-GlcpN	71%	99.2	54.9	70.5	80.0	71.0	65.1
2,2,4,2	Ac	83%	175.3	23.3
2,2,4,6	S	
2,2,4,4	b-D-Galp	60%	103.6	77.5	78.6	69.4	76.2	61.8
2,2,4,4,3	S	
2,2,4,4,2	b-D-Fucp	19%	98.2	72.7	73.7	82.1	71.7	16.4
2,2,4,4,2,4	b-D-GalpA	67%	102.0	71.2	73.6	71.1	76.0	174.8
2,2,4,4,2,2	a-D-Galp	55%	98.3	79.9	69.1	70.7	71.8	66.0
2,2,4,4,2,2,6	S	
2,2,4,4,2,2,2	b-D-GlcpN	66%	102.2	56.4	73.9	80.1	76.0	62.2
2,2,4,4,2,2,2,2	Ac	88%	175.6	23.4
2,2,4,4,2,2,2,6	S	
2,2,4,4,2,2,2,4	b-D-GalpA	58%	104.1	72.1	73.9	77.4	74.5	174.0
2,2,4,4,2,2,2,4,4	a-D-Manp	58%	101.0	80.9	70.9	67.7	73.9	61.8
2,2,4,4,2,2,2,4,4,2	a-D-ManpA	68%	103.6	71.0	71.7	69.5	78.8	177.3
