Linkage	Residue	Trust	C1	C2	C3	C4	C5	C6
	Me	83%	56.0
1	a-D-GlcpN	50%	98.2	54.5	72.1	71.1	73.1	61.8
1,2	Ac	83%	175.3	23.3
1,2	b-D-Galp	33%	104.2	71.6	76.4	77.4	75.5	60.8
1,2,3	S	
1,2,4	a-D-Glcp	61%	100.2	72.3	71.9	76.5	75.3	64.8
1,2,4,6	S	
1,2,4,4	a-D-Galp	60%	104.9	75.2	73.7	71.5	71.7	61.6
1,2,4,4,3	S	
1,2,4,4,2	b-D-Galp	60%	105.2	72.5	83.4	69.6	75.7	65.3
1,2,4,4,2,6	S	
1,2,4,4,2,3	b-D-GalpA	40%	104.8	73.8	76.9	71.2	75.7	174.8
1,2,4,4,2,3,2	a-D-GlcpN	58%	99.8	53.8	70.3	79.4	72.7	65.1
1,2,4,4,2,3,2,2	Ac	83%	175.3	23.3
1,2,4,4,2,3,2,6	S	
1,2,4,4,2,3,2,4	b-D-Galp	69%	103.4	76.5	72.8	73.2	76.2	65.3
1,2,4,4,2,3,2,4,6	S	
1,2,4,4,2,3,2,4,2	a-D-Fucp	53%	100.2	80.4	70.3	72.9	68.9	15.6
1,2,4,4,2,3,2,4,2,2	a-D-Manp	67%	96.2	70.0	70.4	67.0	72.6	61.5
