Linkage	Residue	Trust	H1	H2	H3	H4	H5	H6
	Me	95%	3.41
1	a-D-GlcpN	23%	5.24	3.75	3.83	3.55	3.83	3.78-3.90
1,2	Ac	98%	-	2.05
1,2	b-D-Galp	43%	4.54	3.60	4.36	4.18	3.75	3.88-3.90
1,2,3	S	
1,2,4	a-D-Glcp	72%	4.86	3.58	3.93	3.81	3.56	3.65-3.95
1,2,4,6	S	
1,2,4,4	a-D-Galp	53%	4.97	3.70	4.51	4.06	3.76	3.67-3.69
1,2,4,4,3	S	
1,2,4,4,2	b-D-Galp	50%	4.56	3.51	3.83	4.16	3.71	4.01
1,2,4,4,2,6	S	
1,2,4,4,2,3	b-D-GalpA	22%	4.55	3.62	3.72	4.22	4.14	-
1,2,4,4,2,3,2	a-D-GlcpN	66%	5.03	4.07	3.95	3.81	3.92	4.11-4.18
1,2,4,4,2,3,2,2	Ac	98%	-	2.05
1,2,4,4,2,3,2,6	S	
1,2,4,4,2,3,2,4	b-D-Galp	76%	4.70	3.70	3.72	3.57	3.68	4-4.02
1,2,4,4,2,3,2,4,6	S	
1,2,4,4,2,3,2,4,2	a-D-Fucp	63%	5.30	3.85	4.02	4.15	4.08	1.14
1,2,4,4,2,3,2,4,2,2	a-D-Manp	81%	5.04	3.94	3.70	3.62	3.83	3.74-4.01
