Linkage	Residue	Trust	C1	C2	C3	C4	C5	C6
	Me	77%	55.6
1	a-D-ManpA	46%	101.3	70.5	71.5	73.3	72.9	175.9
1,4	a-D-ManpA	47%	101.5	70.8	70.3	73.3	71.0	175.3
1,4,4	b-D-GlcpN	34%	102.0	56.4	74.1	71.3	76.0	62.1
1,4,4,2	Ac	88%	175.6	23.4
1,4,4,2	b-D-Galp	30%	104.2	71.6	73.1	78.2	75.8	64.3
1,4,4,2,6	S	
1,4,4,2,4	a-D-Fucp	52%	100.8	68.9	72.2	72.7	68.2	16.7
1,4,4,2,4,3	a-L-Fucp	58%	104.1	78.4	69.4	72.0	67.3	15.9
1,4,4,2,4,3,2	b-D-Glcp	57%	103.0	73.8	76.0	77.2	74.3	62.2
1,4,4,2,4,3,2,6	S	
1,4,4,2,4,3,2,4	a-D-Manp	67%	102.5	71.0	72.2	69.2	76.3	62.7
