Linkage	Residue	Trust	C1	C2	C3	C4	C5	C6
	Me	92%	57.6
1	b-D-Manp	52%	101.0	69.2	80.8	78.1	76.3	62.0
1,4	b-D-Manp	81%	101.4	71.8	74.3	68.1	77.9	62.1
1,3	b-D-Xylp	63%	101.7	73.8	75.2	77.3	65.4
1,3,4	a-D-ManpA	14%	98.9	68.7	76.5	73.3	73.1	177.2
1,3,4,3	a-L-Fucp	69%	103.5	69.3	71.0	73.1	68.8	16.5
1,3,4,2	b-D-Galp	52%	103.3	76.0	69.7	70.4	75.8	65.3
1,3,4,2,6	S	
1,3,4,2,2	b-D-Galp	55%	107.0	72.3	72.9	78.3	75.2	65.3
1,3,4,2,2,6	S	
1,3,4,2,2,4	a-D-Galp	45%	102.0	69.2	74.5	68.9	71.5	61.5
1,3,4,2,2,4,3	S	
1,3,4,2,2,4,2	b-D-GlcpN	57%	102.2	56.4	73.9	77.6	73.9	66.0
1,3,4,2,2,4,2,2	Ac	88%	175.6	23.4
1,3,4,2,2,4,2,6	S	
1,3,4,2,2,4,2,4	a-D-Glcp	58%	99.3	76.8	74.2	72.2	74.0	64.9
1,3,4,2,2,4,2,4,6	S	
1,3,4,2,2,4,2,4,2	a-D-Manp	52%	101.4	72.1	78.8	66.6	73.9	62.9
1,3,4,2,2,4,2,4,2,3	b-D-ManpA	50%	98.3	72.2	73.5	78.0	73.9	175.5
1,3,4,2,2,4,2,4,2,3,4	a-D-Xylp	41%	100.0	77.5	72.9	78.0	61.4
1,3,4,2,2,4,2,4,2,3,4,4	b-D-GlcpA	56%	102.2	73.9	76.9	73.4	77.6	176.3
