Linkage	Residue	Trust	H1	H2	H3	H4	H5	H6
	Me	98%	3.57
1	b-D-GlcpA	42%	4.42	3.49	3.55	3.39	3.74	-
1,2	a-D-Glcp	40%	5.39	3.54	3.90	3.52	3.79	3.65-3.95
1,2,6	S	
1,2,4	a-D-Galp	25%	5.17	3.68	3.97	3.71	4.18	3.70-3.72
1,2,4,3	S	
1,2,4,4	a-D-GlcpN	31%	5.20	3.78	3.83	3.73	4.35	4.08-4.15
1,2,4,4,2	Ac	98%	-	2.05
1,2,4,4,6	S	
1,2,4,4,2	b-D-GlcpA	23%	4.58	3.41	3.60	3.55	3.72	-
1,2,4,4,2,2	b-D-Fucp	34%	4.98	3.78	4.24	4.12	3.82	1.28
1,2,4,4,2,2,4	b-D-GlcpN	32%	4.69	3.60	3.66	3.42	3.53	3.84-4.01
1,2,4,4,2,2,4,2	Ac	98%	-	2.03
1,2,4,4,2,2,4,2	a-D-Glcp	26%	5.18	3.58	3.87	3.64	3.82	4.02-4.22
1,2,4,4,2,2,4,2,6	S	
1,2,4,4,2,2,4,2,4	a-D-Glcp	38%	5.10	3.67	3.72	3.70	3.70	3.68-3.76
1,2,4,4,2,2,4,2,4,3	b-D-ManpA	30%	4.64	3.50	3.76	3.74	3.68	-
1,2,4,4,2,2,4,2,4,3,3	b-D-Fucp	36%	6.21	3.65	4.65	3.69	3.85	1.27
1,2,4,4,2,2,4,2,4,3,3,2	b-D-Galp	13%	4.87	3.60	3.77	4.05	3.73	3.77-3.80
1,2,4,4,2,2,4,2,4,3,3,2,3	S	
1,2,4,4,2,2,4,2,4,3,3,2,4	b-L-Fucp	9%	4.65	3.54	3.69	3.79	3.82	1.19
1,2,4,4,2,2,4,2,4,3,3,2,4,3	a-D-ManpA	69%	5.20	4.09	3.83	3.74	4.28	-
1,2,4,4,2,2,4,2,4,3,3,2,4,4	a-D-Xylp	4%	5.10	3.61	3.70	3.66	3.67-3.76
1,2,4,4,2,2,4,2,4,3,3,2,4,4,2	a-D-Fucp	54%	5.38	3.84	3.87	3.79	4.30	1.22
