Linkage	Residue	Trust	C1	C2	C3	C4	C5	C6
	a-D-Galp	83%	93.1	69.9	69.2	78.6	71.3	61.4
4	a-D-Galp	71%	104.9	69.7	69.1	78.6	71.3	61.8
4,4	a-D-Glcp	62%	101.0	72.7	72.3	79.4	71.2	63.5
4,4,6	S	
4,4,4	b-D-Glcp	58%	103.6	81.6	76.3	68.8	76.2	64.0
4,4,4,6	S	
4,4,4,2	b-D-Glcp	59%	103.8	74.6	87.3	69.0	76.2	65.0
4,4,4,2,6	S	
4,4,4,2,3	b-D-Xylp	52%	104.8	79.0	78.1	70.4	67.1
4,4,4,2,3,2	a-D-ManpA	49%	101.3	71.3	80.3	73.3	73.1	176.4
4,4,4,2,3,2,3	b-D-GlcpN	59%	103.8	57.1	73.5	80.5	76.0	61.4
4,4,4,2,3,2,3,2	Ac	88%	175.6	23.4
4,4,4,2,3,2,3,4	b-D-GlcpA	72%	98.4	74.4	76.6	73.0	77.6	177.2
