Linkage	Residue	Trust	C1	C2	C3	C4	C5	C6	C7	C8	C9
	Me	92%	57.6
1	b-D-Manp	71%	101.9	71.4	72.5	77.9	76.2	61.8
1,4	b-D-Manp	48%	101.4	71.5	75.6	67.8	77.8	62.1
1,4,3	b-Neup	38%	173.6	96.9	40.2	67.4	54.2	70.7	69.8	73.1	64.1
1,4,3,5	Ac	83%	176.3	23.6
1,4,3,4	b-D-Galp	61%	104.2	71.5	72.9	77.6	73.6	63.6
1,4,3,4,6	S	
1,4,3,4,4	a-D-GlcpN	59%	99.9	54.6	71.7	71.0	73.3	65.5
1,4,3,4,4,2	Ac	83%	175.3	23.3
1,4,3,4,4,6	S	
1,4,3,4,4,2	b-D-GlcpA	18%	104.1	74.2	76.0	81.6	76.7	176.0
1,4,3,4,4,2,2	a-D-Manp	77%	101.2	71.4	71.4	67.7	72.7	61.6
1,4,3,4,4,2,4	b-D-Galp	58%	104.1	71.4	75.3	63.3	76.3	65.3
1,4,3,4,4,2,4,6	S	
1,4,3,4,4,2,4,3	b-D-Manp	38%	101.9	65.3	75.6	67.6	77.1	62.3
1,4,3,4,4,2,4,3,3	b-Neup	38%	173.6	96.9	40.2	67.4	54.2	70.7	69.8	73.1	64.1
1,4,3,4,4,2,4,3,3,5	Ac	83%	176.3	23.6
1,4,3,4,4,2,4,3,3,4	a-L-Fucp	51%	100.4	69.9	71.0	73.1	68.8	16.5
