Linkage	Residue	Trust	H1	H2	H3	H4	H5	H6	H7	H8	H9
	Me	97%	3.53
1	b-D-Manp	63%	4.59	4.10	3.76	3.83	3.59	3.83-3.91
1,4	b-D-Manp	40%	4.72	4.12	4.14	3.64	3.46	3.76-3.94
1,4,3	b-Neup	34%	-	-	1.82-2.27	4.15	3.82	4.25	3.58	3.86	3.64-3.87
1,4,3,5	Ac	95%	-	2.05
1,4,3,4	b-D-Galp	46%	4.54	3.60	3.89	4.20	3.84	3.94-4.03
1,4,3,4,6	S	
1,4,3,4,4	a-D-GlcpN	25%	5.20	3.78	3.83	3.61	4.20	4.06
1,4,3,4,4,2	Ac	98%	-	2.05
1,4,3,4,4,6	S	
1,4,3,4,4,2	b-D-GlcpA	13%	4.58	3.41	3.61	3.76	3.93	-
1,4,3,4,4,2,2	a-D-Manp	71%	5.07	4.01	3.86	3.70	4	3.77-3.85
1,4,3,4,4,2,4	b-D-Galp	51%	4.48	3.69	3.70	4.09	3.69	4.01
1,4,3,4,4,2,4,6	S	
1,4,3,4,4,2,4,3	b-D-Manp	38%	4.90	4.12	4.14	3.64	3.44	3.75-3.91
1,4,3,4,4,2,4,3,3	b-Neup	34%	-	-	1.82-2.27	4.15	3.82	4.25	3.58	3.86	3.64-3.87
1,4,3,4,4,2,4,3,3,5	Ac	95%	-	2.05
1,4,3,4,4,2,4,3,3,4	a-L-Fucp	29%	5.10	3.89	3.87	3.79	4.30	1.22
