Linkage	Residue	Trust	C1	C2	C3	C4	C5	C6
	Me	87%	58.0
1	b-D-Galp	64%	97.9	84.6	69.2	70.5	76.1	62.1
1,2	b-D-Galp	43%	102.6	71.6	73.6	78.2	75.2	61.5
1,2,2	b-D-Xylp	67%	107.6	76.8	78.5	72.1	68.4
1,2,4	a-D-GlcpN	65%	99.9	54.6	71.8	71.0	73.3	61.4
1,2,4,2	Ac	83%	175.3	23.3
1,2,4,2	b-D-Galp	52%	104.2	76.5	79.6	68.9	75.7	61.8
1,2,4,2,3	S	
1,2,4,2,2	b-D-GlcpN	61%	101.9	56.1	82.7	70.2	76.9	65.7
1,2,4,2,2,2	Ac	88%	175.6	23.4
1,2,4,2,2,6	S	
1,2,4,2,2,3	b-D-GlcpN	51%	96.6	56.4	75.8	71.5	77.1	62.2
1,2,4,2,2,3,2	Ac	88%	175.6	23.4
1,2,4,2,2,3,2	b-D-Manp	25%	101.2	73.1	73.5	76.5	77.0	61.9
1,2,4,2,2,3,2,4	a-D-GlcpA	66%	101.2	73.0	74.1	72.5	73.2	175.8
1,2,4,2,2,3,2,2	b-D-Xylp	29%	105.0	74.3	76.2	70.7	65.5
1,2,4,2,2,3,2,2,2	b-L-Fucp	66%	102.9	72.1	73.7	72.4	71.9	16.1
