Linkage	Residue	Trust	H1	H2	H3	H4	H5	H6
	Me	97%	3.56
1	b-D-Galp	44%	4.86	3.64	3.87	4.07	3.67	3.77-3.78
1,2	b-D-Galp	33%	4.87	3.62	3.70	3.98	3.75	3.72-3.75
1,2,2	b-D-Xylp	81%	4.61	3.25	3.41	3.72	3.25-3.78
1,2,4	a-D-GlcpN	42%	5.20	3.78	3.83	3.54	4.18	3.80-3.81
1,2,4,2	Ac	98%	-	2.05
1,2,4,2	b-D-Galp	47%	4.53	3.62	4.27	4.11	3.70	3.78-3.85
1,2,4,2,3	S	
1,2,4,2,2	b-D-GlcpN	43%	4.88	3.58	3.80	3.51	3.44	4.09-4.16
1,2,4,2,2,2	Ac	98%	-	2.03
1,2,4,2,2,6	S	
1,2,4,2,2,3	b-D-GlcpN	36%	4.69	3.60	3.66	3.38	3.45	3.71-3.96
1,2,4,2,2,3,2	Ac	98%	-	2.03
1,2,4,2,2,3,2	b-D-Manp	19%	4.83	4.13	3.72	3.82	3.66	3.77-3.92
1,2,4,2,2,3,2,4	a-D-GlcpA	54%	5.28	3.55	3.67	3.61	4.20	-
1,2,4,2,2,3,2,2	b-D-Xylp	10%	4.50	3.32	3.48	3.60	3.32-3.94
1,2,4,2,2,3,2,2,2	b-L-Fucp	59%	4.46	3.50	3.62	3.77	3.91	1.25
