Linkage	Residue	Trust	C1	C2	C3	C4	C5	C6
	Me	87%	58.0
1	b-D-Galp	58%	105.9	74.3	82.7	70.2	76.9	61.2
1,3	b-D-Galp	50%	105.8	74.1	76.9	71.5	75.2	63.5
1,2	b-D-Galp	59%	107.0	72.9	76.5	68.5	75.2	59.5
1,2,3	S	
1,2,2	a-D-Galp	57%	97.5	67.7	72.2	70.4	70.8	65.6
1,2,2,6	S	
1,2,2,3	a-L-Fucp	56%	104.1	71.1	72.2	83.4	69.8	18.0
1,2,2,3,4	b-D-GlcpN	61%	103.0	57.7	81.4	72.5	78.0	62.8
1,2,2,3,4,2	Ac	88%	175.6	23.4
1,2,2,3,4,3	a-D-Manp	39%	101.3	73.9	80.3	66.2	74.5	61.8
1,2,2,3,4,3,3	a-D-Glcp	71%	102.5	73.8	75.0	71.9	74.5	62.9
1,2,2,3,4,3,2	a-D-GlcpN	63%	95.2	54.8	70.6	79.7	75.3	61.1
1,2,2,3,4,3,2,2	Ac	83%	175.3	23.3
1,2,2,3,4,3,2,4	b-D-Galp	64%	103.8	71.9	73.5	78.6	76.1	61.5
1,2,2,3,4,3,2,4,6	S	
1,2,2,3,4,3,2,4,4	b-D-GlcpN	40%	102.2	56.4	74.1	70.7	77.6	65.6
1,2,2,3,4,3,2,4,4,2	Ac	88%	175.6	23.4
1,2,2,3,4,3,2,4,4,6	S	
1,2,2,3,4,3,2,4,4,2	a-L-Fucp	41%	100.3	69.4	71.3	80.7	68.3	17.7
1,2,2,3,4,3,2,4,4,2,4	a-D-Manp	56%	102.6	71.4	71.6	77.5	73.8	61.9
1,2,2,3,4,3,2,4,4,2,4,4	a-D-Manp	58%	102.2	69.1	71.2	79.9	73.1	61.6
1,2,2,3,4,3,2,4,4,2,4,4,4	a-D-Xylp	41%	100.0	77.5	72.9	78.0	61.4
1,2,2,3,4,3,2,4,4,2,4,4,4,4	b-D-GlcpA	65%	102.4	73.7	76.9	78.0	77.3	175.4
1,2,2,3,4,3,2,4,4,2,4,4,4,4,4	a-D-Galp	53%	99.2	69.1	76.3	67.6	71.7	61.9
1,2,2,3,4,3,2,4,4,2,4,4,4,4,4,3	a-D-Fucp	74%	104.1	69.4	70.3	73.1	68.8	16.5
