Linkage	Residue	Trust	H1	H2	H3	H4	H5	H6
	Me	97%	3.56
1	b-D-Galp	60%	5.09	3.72	4.03	4.13	4.03	3.83
1,3	b-D-Galp	73%	5.12	3.73	3.94	4.22	4.11	3.68
1,2	b-D-Galp	49%	4.53	3.62	4.24	4.21	3.97	3.56
1,2,3	S	
1,2,2	a-D-Galp	39%	5.41	3.89	3.97	3.86	4.45	4-4.03
1,2,2,6	S	
1,2,2,3	a-L-Fucp	63%	5.05	3.75	3.59	3.81	4.31	1.23
1,2,2,3,4	b-D-GlcpN	52%	4.67	3.58	3.72	3.47	3.43	3.79-3.91
1,2,2,3,4,2	Ac	98%	-	2.03
1,2,2,3,4,3	a-D-Manp	31%	5.16	4.12	3.96	3.85	3.59	3.81-3.82
1,2,2,3,4,3,3	a-D-Glcp	72%	5.30	3.57	3.74	3.47	3.85	3.85-3.91
1,2,2,3,4,3,2	a-D-GlcpN	70%	5.11	3.92	3.98	3.78	3.52	3.97
1,2,2,3,4,3,2,2	Ac	98%	-	2.05
1,2,2,3,4,3,2,4	b-D-Galp	61%	4.46	3.53	4.24	4.22	3.81	3.79-3.80
1,2,2,3,4,3,2,4,6	S	
1,2,2,3,4,3,2,4,4	b-D-GlcpN	18%	4.69	3.60	3.66	3.61	3.44	4.06-4.13
1,2,2,3,4,3,2,4,4,2	Ac	98%	-	2.03
1,2,2,3,4,3,2,4,4,6	S	
1,2,2,3,4,3,2,4,4,2	a-L-Fucp	40%	5.10	3.88	4.01	3.97	4.20	1.27
1,2,2,3,4,3,2,4,4,2,4	a-D-Manp	40%	5.26	4.10	3.91	3.84	3.92	3.70-3.90
1,2,2,3,4,3,2,4,4,2,4,4	a-D-Manp	61%	4.93	4.08	3.94	3.68	3.70	3.78-3.95
1,2,2,3,4,3,2,4,4,2,4,4,4	a-D-Xylp	41%	5.25	3.56	3.70	3.85	3.67-3.76
1,2,2,3,4,3,2,4,4,2,4,4,4,4	b-D-GlcpA	47%	4.56	3.42	3.74	3.80	3.87	-
1,2,2,3,4,3,2,4,4,2,4,4,4,4,4	a-D-Galp	50%	5.47	3.74	3.99	4.18	4.05	3.57-3.69
1,2,2,3,4,3,2,4,4,2,4,4,4,4,4,3	a-D-Fucp	61%	5.18	3.90	4.01	3.79	4.30	1.22
