Linkage	Residue	Trust	H1	H2	H3	H4	H5	H6
	a-D-Fucp	41%	4.85	3.89	3.91	3.90	4.47	1.33
2	a-D-Fucp	60%	4.85	3.89	3.72	3.79	4.33	1.26
4	a-D-Fucp	34%	5.10	3.89	3.91	3.85	4.30	1.21
4,2	a-D-GlcpN	63%	5.03	4.07	3.98	3.78	4.07	3.82-3.92
4,2,2	Ac	98%	-	2.05
4,2,4	b-D-Galp	57%	4.62	3.62	4.31	4.06	3.68	3.75-3.79
4,2,4,3	S	
4,2,4,2	b-D-Galp	24%	5.14	3.60	3.77	4.05	3.73	3.56
4,2,4,2,3	S	
4,2,4,2,4	b-L-Fucp	25%	4.65	3.54	3.68	3.81	3.82	1.23
4,2,4,2,4,4	b-D-GlcpN	51%	4.65	3.58	3.74	3.69	3.43	3.67-3.79
4,2,4,2,4,4,2	Ac	98%	-	2.03
4,2,4,2,4,4,3	a-D-GlcpN	61%	5.46	3.86	5.22	4.01	4	3.84-3.86
4,2,4,2,4,4,3,2	Ac	98%	-	2.05
4,2,4,2,4,4,3,4	a-D-Glcp	26%	4.97	3.59	3.85	3.60	3.70	4.06-4.15
4,2,4,2,4,4,3,4,6	S	
4,2,4,2,4,4,3,4,2	b-D-GalpA	68%	4.60	3.66	3.64	4.22	4.15	-
