Linkage	Residue	Trust	H1	H2	H3	H4	H5	H6	H7	H8	H9
	Me	98%	3.57
1	b-L-Fucp	15%	4.35	3.54	3.69	3.79	3.82	1.26
1,4	b-L-Fucp	56%	4.79	3.61	3.62	3.77	3.91	1.25
1,3	b-Neup	34%	-	-	1.82-2.27	4.15	3.82	4.25	3.58	3.86	3.64-3.87
1,3,5	Ac	95%	-	2.05
1,3,4	b-D-Galp	49%	4.53	3.62	4.24	4.23	3.72	3.75
1,3,4,3	S	
1,3,4,2	a-D-Glcp	34%	5.38	3.79	3.87	3.61	3.99	4.06-4.14
1,3,4,2,6	S	
1,3,4,2,3	b-D-GalpA	0%	4.73	3.60	3.78	4.30	4.18	-
1,3,4,2,3,3	b-L-Fucp	35%	4.65	3.54	3.62	3.77	3.91	1.25
1,3,4,2,3,4	b-D-ManpA	29%	4.61	3.99	3.61	3.74	3.54	-
1,3,4,2,3,4,2	b-D-Galp	40%	4.53	3.62	3.95	4.06	3.83	4-4.02
1,3,4,2,3,4,2,6	S	
1,3,4,2,3,4,2,2	b-D-Galp	64%	5.14	3.60	3.89	4.20	3.84	3.94-4.03
1,3,4,2,3,4,2,2,6	S	
1,3,4,2,3,4,2,2,4	a-D-GlcpN	25%	5.20	3.78	3.83	3.61	4.20	4.06
1,3,4,2,3,4,2,2,4,2	Ac	98%	-	2.05
1,3,4,2,3,4,2,2,4,6	S	
1,3,4,2,3,4,2,2,4,2	b-D-Galp	40%	4.54	3.60	3.75	4.08	3.91	3.94-4
1,3,4,2,3,4,2,2,4,2,6	S	
1,3,4,2,3,4,2,2,4,2,4	a-D-Manp	93%	4.87	4.04	3.88	3.72	4.06	3.80-3.85
