Linkage	Residue	Trust	H1	H2	H3	H4	H5	H6	H7	H8	H9
	b-D-Galp	33%	4.57	3.62	3.69	4.10	3.77	3.75-3.79
4	b-D-Galp	90%	4.76	3.56	3.67	3.91	3.67	3.76-3.78
2	a-D-GlcpN	52%	5.45	3.96	3.84	3.44	4.30	4.06
2,2	Ac	98%	-	2.05
2,6	S	
2,4	b-D-GlcpN	75%	4.67	3.85	3.77	3.71	3.50	3.72-3.91
2,4,2	Ac	98%	-	2.03
2,4,6	S	
2,4,3	a-D-Glcp	52%	5.33	3.50	3.86	3.56	3.99	3.69-3.80
2,4,3,4	b-D-GlcpN	35%	4.69	3.60	3.66	3.55	3.47	3.74-3.87
2,4,3,4,2	Ac	98%	-	2.03
2,4,3,4,2	a-D-GlcpN	21%	5.20	3.78	3.83	3.57	3.96	4.08-4.15
2,4,3,4,2,2	Ac	98%	-	2.05
2,4,3,4,2,6	S	
2,4,3,4,2,2	b-D-Galp	20%	4.54	3.60	3.70	4.09	3.73	4.01
2,4,3,4,2,2,6	S	
2,4,3,4,2,2,3	b-D-ManpA	33%	4.90	4.17	3.69	3.83	3.87	-
2,4,3,4,2,2,3,4	a-D-GlcpN	10%	5.27	3.77	3.86	3.60	4.05	3.73-3.88
2,4,3,4,2,2,3,4,2	Ac	98%	-	2.05
2,4,3,4,2,2,3,4,3	a-Neup	34%	-	-	1.76-2.73	3.73	3.86	3.74	3.58	3.86	3.64-3.87
2,4,3,4,2,2,3,4,3,5	Ac	99%	-	2.03
2,4,3,4,2,2,3,4,3,4	a-D-Manp	10%	5.17	4.11	3.95	3.80	3.87	3.80-3.84
2,4,3,4,2,2,3,4,3,4,4	b-D-GlcpA	56%	4.58	3.40	3.62	3.55	3.73	-
2,4,3,4,2,2,3,4,3,4,3	a-Neup	34%	-	-	1.76-2.73	3.73	3.86	3.74	3.58	3.86	3.64-3.87
2,4,3,4,2,2,3,4,3,4,3,5	Ac	99%	-	2.03
2,4,3,4,2,2,3,4,3,4,3,4	b-L-Fucp	35%	4.65	3.54	3.62	3.77	3.91	1.25
