Lineage	Residue	Trust	C1	C2	C3	C4	C5	C6	C7	C8	C9
	Me	91%	55.8
1	a-D-Manp	66%	102.3	79.9	80.0	67.7	74.8	61.9
1,3	a-D-Manp	92%	103.4	70.9	71.4	68.0	74.5	62.1
1,2	b-D-GalpA	88%	104.2	71.0	83.6	70.4	75.9	173.9
1,2,3	b-D-Galp	91%	105.3	72.1	74.6	78.5	75.7	62.1
1,2,3,4	b-D-Galp	63%	105.2	72.2	74.0	78.6	75.3	63.8
1,2,3,4,6	S		
1,2,3,4,4	b-D-GlcpN	87%	103.9	55.6	81.4	71.8	76.9	62.0
1,2,3,4,4,2	Ac	99%	175.6	23.5
1,2,3,4,4,3	a-D-GlcpA	40%	99.2	76.2	72.9	77.0	73.6	177.3
1,2,3,4,4,3,4	a-D-GlcpA	90%	99.9	72.3	73.7	72.5	72.3	173.9
1,2,3,4,4,3,2	a-D-Glcp	32%	98.3	72.9	79.5	69.6	72.5	64.9
1,2,3,4,4,3,2,6	S		
1,2,3,4,4,3,2,3	a-Neup	61%	174.4	101.7	38.8	78.5	52.9	73.4	69.5	73.0	63.9
1,2,3,4,4,3,2,3,5	Ac	57%	90.7	24.6
1,2,3,4,4,3,2,3,4	b-L-Fucp	90%	104.0	71.8	82.1	72.2	71.9	16.7
1,2,3,4,4,3,2,3,4,3	a-D-ManpA	59%	103.3	71.2	71.4	78.6	73.0	176.5
1,2,3,4,4,3,2,3,4,3,4	a-D-Galp	92%	101.0	69.6	70.8	78.6	71.5	67.0
1,2,3,4,4,3,2,3,4,3,4,6	S		
1,2,3,4,4,3,2,3,4,3,4,4	b-D-GlcpN	49%	103.3	57.6	71.8	80.6	76.1	61.8
1,2,3,4,4,3,2,3,4,3,4,4,2	Ac	99%	175.6	23.5
1,2,3,4,4,3,2,3,4,3,4,4,6	S		175.6
1,2,3,4,4,3,2,3,4,3,4,4,4	a-D-GlcpN	61%	98.5	53.9	77.6	71.4	73.3	65.1
1,2,3,4,4,3,2,3,4,3,4,4,4,2	Ac	98%	175.3	23.2
1,2,3,4,4,3,2,3,4,3,4,4,4,6	S		175.4
1,2,3,4,4,3,2,3,4,3,4,4,4,3	a-D-Glcp	93%	100.1	72.7	74.0	70.7	73.5	61.6
