Lineage	Residue	Trust	C1	C2	C3	C4	C5	C6	C7	C8	C9	C10	C11
	Me	100%	55.9
1	a-D-Manp	38%	99.9	78.6	79.3	67.6	73.9	62.3
1,3	a-D-Manp	100%	103.6	71.0	71.5	68.2	74.7	62.3
1,2	b-D-GalpA	100%	103.9	71.1	84.1	71.3	75.9	173.8
1,2,3	b-D-Galp	100%	105.5	72.0	74.6	78.6	75.6	62.2
1,2,3,4	b-D-Galp	50%	105.5	71.8	74.4	78.6	74.5	65.8
1,2,3,4,6	S	50%
1,2,3,4,4	b-D-GlcpNAc	100%	104.0	55.8	81.9	71.9	77.0	62.1	175.6	23.5
1,2,3,4,4,3	a-D-GlcpA	38%	99.2	76.2	73.3	77.5	73.6	173.5
1,2,3,4,4,3,4	a-D-GlcpA	100%	99.4	72.0	73.6	72.5	72.2	173.5
1,2,3,4,4,3,2	a-D-Glcp	13%	97.0	71.4	79.5	69.2	72.7	65.1
1,2,3,4,4,3,2,6	S	50%
1,2,3,4,4,3,2,3	a-Neup5Ac	63%	174.1	101.6	39.8	78.5	52.8	73.4	69.2	72.6	63.6	175.9	23.5
1,2,3,4,4,3,2,3,4	b-L-Fucp	100%	104.0	71.7	82.1	72.1	71.9	16.6
1,2,3,4,4,3,2,3,4,3	a-D-ManpA	63%	103.5	71.3	71.7	78.6	73.5	178.0
1,2,3,4,4,3,2,3,4,3,4	a-D-Galp	100%	101.2	69.6	70.8	78.5	71.5	67.0
1,2,3,4,4,3,2,3,4,3,4,6	S	50%
1,2,3,4,4,3,2,3,4,3,4,4	b-D-GlcpNAc	25%	104.0	57.0	75.4	78.2	75.1	64.6	175.6	23.5
1,2,3,4,4,3,2,3,4,3,4,4,6	S	50%
1,2,3,4,4,3,2,3,4,3,4,4,4	a-D-GlcpNAc	63%	99.7	54.1	78.8	70.7	72.0	64.6	175.4	23.2
1,2,3,4,4,3,2,3,4,3,4,4,4,6	S	50%
1,2,3,4,4,3,2,3,4,3,4,4,4,3	a-D-Glcp	100%	100.0	72.7	74.0	70.9	73.7	61.9
