Linkage	Residue	Trust	C1	C2	C3	C4	C5	C6	C7	C8	C9
	Me	83%	55.6
1	a-D-Manp	66%	102.7	80.1	80.2	67.7	75.0	61.9
1,3	a-D-Manp	85%	103.0	70.8	71.3	67.6	74.2	61.7
1,2	b-D-GalpA	58%	104.9	70.5	81.2	68.1	75.7	174.8
1,2,3	b-D-Galp	64%	104.7	72.1	74.2	78.5	76.0	62.0
1,2,3,4	b-D-Galp	59%	105.1	72.5	73.8	78.6	75.5	61.5
1,2,3,4,6	S	
1,2,3,4,4	b-D-GlcpN	59%	102.8	54.9	79.8	71.6	75.9	61.6
1,2,3,4,4,2	Ac	88%	175.6	23.4
1,2,3,4,4,3	a-D-GlcpA	28%	99.7	72.7	72.7	76.9	73.1	178.3
1,2,3,4,4,3,4	a-D-GlcpA	67%	101.2	72.8	74.0	72.5	73.2	175.8
1,2,3,4,4,3,2	a-D-Glcp	34%	98.3	72.9	74.5	69.6	72.4	64.9
1,2,3,4,4,3,2,6	S	
1,2,3,4,4,3,2,3	a-Neup	48%	174.7	101.9	37.7	69.8	53.1	74.1	69.8	73.1	64.1
1,2,3,4,4,3,2,3,5	Ac	83%	54.9	25.1
1,2,3,4,4,3,2,3,4	b-L-Fucp	41%	98.2	72.5	82.5	72.7	71.7	16.8
1,2,3,4,4,3,2,3,4,3	a-D-ManpA	48%	103.1	71.1	70.4	73.3	71.3	175.6
1,2,3,4,4,3,2,3,4,3,4	a-D-Galp	43%	99.9	69.9	70.6	78.6	71.5	64.4
1,2,3,4,4,3,2,3,4,3,4,6	S	
1,2,3,4,4,3,2,3,4,3,4,4	b-D-GlcpN	56%	103.2	57.6	71.0	80.9	76.1	61.4
1,2,3,4,4,3,2,3,4,3,4,4,2	Ac	88%	175.6	23.4
1,2,3,4,4,3,2,3,4,3,4,4,6	S	
1,2,3,4,4,3,2,3,4,3,4,4,4	a-D-GlcpN	60%	96.9	53.8	76.3	72.0	77.3	65.4
1,2,3,4,4,3,2,3,4,3,4,4,4,2	Ac	83%	175.3	23.3
1,2,3,4,4,3,2,3,4,3,4,4,4,6	S	
1,2,3,4,4,3,2,3,4,3,4,4,4,3	a-D-Glcp	77%	100.3	72.7	74.1	70.3	73.1	61.3
