Linkage	Residue	Trust	C1	C2	C3	C4	C5	C6
	Me	87%	58.0
1	b-D-Galp	68%	104.0	72.6	74.2	78.5	76.0	62.0
1,4	b-D-Galp	42%	103.4	71.6	73.7	78.1	76.4	61.2
1,4,2	b-D-ManpA	46%	101.5	71.3	73.6	69.5	75.6	175.0
1,4,4	a-D-Glcp	54%	100.6	74.3	81.0	71.6	72.2	65.1
1,4,4,6	S	
1,4,4,3	a-D-Fucp	19%	100.5	69.4	74.2	73.1	68.3	16.4
1,4,4,3,3	a-L-Fucp	65%	104.1	71.1	71.0	73.1	68.8	16.5
1,4,4,3,2	b-D-GlcpN	44%	103.8	56.4	75.3	71.4	77.2	65.6
1,4,4,3,2,2	Ac	88%	175.6	23.4
1,4,4,3,2,6	S	
1,4,4,3,2,2	b-D-Galp	38%	104.2	70.0	78.6	70.5	75.8	65.3
1,4,4,3,2,2,6	S	
1,4,4,3,2,2,3	a-D-Manp	61%	95.7	79.9	77.2	67.2	70.2	59.8
1,4,4,3,2,2,3,3	a-D-Xylp	61%	101.9	72.7	76.6	70.3	61.2
1,4,4,3,2,2,3,2	b-D-Glcp	64%	99.8	72.8	84.1	70.3	77.4	64.6
1,4,4,3,2,2,3,2,6	S	
1,4,4,3,2,2,3,2,3	a-D-Manp	51%	101.1	74.0	71.6	68.3	72.8	61.8
1,4,4,3,2,2,3,2,3,2	b-L-Fucp	39%	104.8	72.7	73.7	72.4	71.7	18.8
1,4,4,3,2,2,3,2,3,2,2	a-D-Glcp	45%	98.9	72.5	81.3	71.5	72.4	65.1
1,4,4,3,2,2,3,2,3,2,2,6	S	
1,4,4,3,2,2,3,2,3,2,2,3	a-D-Glcp	69%	96.1	72.2	71.3	75.1	69.9	64.5
1,4,4,3,2,2,3,2,3,2,2,3,4	a-D-Galp	45%	98.8	70.5	74.5	81.6	69.6	60.9
1,4,4,3,2,2,3,2,3,2,2,3,4,3	S	
1,4,4,3,2,2,3,2,3,2,2,3,4,4	a-D-GlcpN	51%	99.3	53.5	78.4	72.0	72.5	61.3
1,4,4,3,2,2,3,2,3,2,2,3,4,4,2	Ac	83%	175.3	23.3
1,4,4,3,2,2,3,2,3,2,2,3,4,4,3	a-D-ManpA	52%	102.0	71.8	70.3	73.3	71.0	175.3
1,4,4,3,2,2,3,2,3,2,2,3,4,4,3,4	b-D-GlcpN	73%	102.0	56.9	75.0	71.2	77.0	62.0
1,4,4,3,2,2,3,2,3,2,2,3,4,4,3,4,2	Ac	88%	175.6	23.4
