Linkage	Residue	Trust	H1	H2	H3	H4	H5	H6
	Me	97%	3.56
1	b-D-Galp	65%	4.40	3.59	3.74	4.14	3.75	3.77-3.81
1,4	b-D-Galp	29%	4.53	3.62	3.70	4.03	3.76	3.80-3.87
1,4,2	b-D-ManpA	57%	4.79	4.02	3.66	3.74	3.68	-
1,4,4	a-D-Glcp	45%	4.92	3.61	3.90	3.71	4.30	4.10-4.17
1,4,4,6	S	
1,4,4,3	a-D-Fucp	11%	5.10	3.89	3.94	3.87	4.38	1.15
1,4,4,3,3	a-L-Fucp	54%	5.05	3.75	3.87	3.79	4.30	1.22
1,4,4,3,2	b-D-GlcpN	22%	4.69	3.60	3.66	3.57	3.55	4.06-4.13
1,4,4,3,2,2	Ac	98%	-	2.03
1,4,4,3,2,6	S	
1,4,4,3,2,2	b-D-Galp	26%	4.54	3.60	3.80	3.98	3.70	4.01
1,4,4,3,2,2,6	S	
1,4,4,3,2,2,3	a-D-Manp	71%	5.13	4.24	4.10	4.02	3.94	3.80
1,4,4,3,2,2,3,3	a-D-Xylp	70%	5.07	3.58	3.59	3.67	3.55-3.69
1,4,4,3,2,2,3,2	b-D-Glcp	68%	4.87	3.95	3.67	3.50	3.41	4.15-4.25
1,4,4,3,2,2,3,2,6	S	
1,4,4,3,2,2,3,2,3	a-D-Manp	27%	5.16	4.12	3.92	3.68	3.94	3.74-3.90
1,4,4,3,2,2,3,2,3,2	b-L-Fucp	19%	4.65	3.65	3.68	3.75	3.85	1.23
1,4,4,3,2,2,3,2,3,2,2	a-D-Glcp	30%	5.38	3.58	3.87	3.70	3.84	4.06-4.14
1,4,4,3,2,2,3,2,3,2,2,6	S	
1,4,4,3,2,2,3,2,3,2,2,3	a-D-Glcp	60%	5	3.58	3.69	3.66	3.87	3.87-4.59
1,4,4,3,2,2,3,2,3,2,2,3,4	a-D-Galp	25%	5.17	3.68	3.97	3.71	4.18	3.70-3.72
1,4,4,3,2,2,3,2,3,2,2,3,4,3	S	
1,4,4,3,2,2,3,2,3,2,2,3,4,4	a-D-GlcpN	49%	4.94	3.76	3.85	3.59	4.25	3.78-3.83
1,4,4,3,2,2,3,2,3,2,2,3,4,4,2	Ac	98%	-	2.05
1,4,4,3,2,2,3,2,3,2,2,3,4,4,3	a-D-ManpA	45%	5.05	3.95	3.98	3.76	4.08	-
1,4,4,3,2,2,3,2,3,2,2,3,4,4,3,4	b-D-GlcpN	68%	4.53	3.74	3.56	3.42	3.43	3.74-3.92
1,4,4,3,2,2,3,2,3,2,2,3,4,4,3,4,2	Ac	98%	-	2.03
