Linkage	Residue	Trust	C1	C2	C3	C4	C5	C6	C7	C8	C9
	Me	0%	58.1
1	b-Neup	59%	173.6	100.2	37.5	72.7	53.0	70.7	69.8	73.1	64.1
1,5	Ac	83%	176.3	23.6
1,4	a-D-GlcpN	26%	96.2	54.6	71.4	70.6	72.7	65.5
1,4,2	Ac	83%	175.3	23.3
1,4,6	S	
1,4,2	b-D-Galp	37%	104.2	71.6	77.5	75.5	74.1	62.2
1,4,2,3	S	
1,4,2,4	b-D-GlcpN	40%	102.2	56.4	74.1	70.7	77.6	65.6
1,4,2,4,2	Ac	88%	175.6	23.4
1,4,2,4,6	S	
1,4,2,4,2	a-D-Galp	25%	99.0	69.1	74.2	78.7	71.8	61.2
1,4,2,4,2,3	a-D-Galp	62%	97.8	69.2	69.7	70.8	71.3	62.2
1,4,2,4,2,4	a-D-Galp	78%	98.6	70.0	69.1	78.6	71.3	61.4
1,4,2,4,2,4,4	a-D-Galp	62%	101.2	69.7	70.7	79.3	71.2	62.4
1,4,2,4,2,4,4,6	S	
1,4,2,4,2,4,4,4	b-D-Galp	69%	103.1	73.0	76.7	73.2	75.7	61.7
1,4,2,4,2,4,4,4,3	S	
1,4,2,4,2,4,4,4,2	a-D-Fucp	48%	100.0	77.8	69.9	72.9	68.9	15.6
1,4,2,4,2,4,4,4,2,2	b-D-ManpA	49%	102.7	71.3	69.1	69.5	75.9	175.0
1,4,2,4,2,4,4,4,2,2,3	b-D-Glcp	71%	104.3	74.8	76.4	70.5	76.9	61.9
