Linkage	Residue	Trust	C1	C2	C3	C4	C5	C6
	b-D-Glcp	85%	97.0	75.1	75.7	79.6	76.0	61.4
4	b-D-Galp	73%	104.0	71.1	83.2	69.4	76.1	69.4
4,6	b-D-GlcpN	55%	102.3	56.8	75.6	73.8	75.9	60.7
4,6,2	Ac	88%	175.6	23.4
4,6,4	b-D-Galp	74%	104.2	72.4	73.9	69.9	76.7	62.4
4,6,3	a-L-Fucp	70%	102.1	69.9	71.4	73.8	68.8	17.2
4,3	b-D-GlcpN	67%	103.3	56.8	75.6	73.8	75.9	60.7
4,3,2	Ac	88%	175.6	23.4
4,3,4	a-L-Fucp	88%	99.2	69.0	70.3	73.1	67.7	16.5
4,3,3	b-D-Galp	67%	101.5	78.0	74.9	70.5	76.5	62.4
4,3,3,2	a-L-Fucp	87%	100.5	69.2	70.7	73.0	67.5	16.3
