Linkage	Residue	Trust	C1	C2	C3	C4	C5	C6
	Me	83%	58.4
1	b-D-GlcpN	48%	103.4	56.4	75.0	71.3	77.2	62.3
1,2	Ac	88%	175.6	23.4
1,2	b-D-GlcpN	26%	102.2	56.4	74.1	71.3	76.0	62.4
1,2,2	Ac	88%	175.6	23.4
1,2,2	a-D-Galp	41%	99.1	68.5	75.6	75.8	71.2	61.6
1,2,2,3	S	
1,2,2,4	b-D-Galp	62%	103.3	78.5	73.2	69.6	71.5	61.8
1,2,2,4,2	a-D-Xylp	2%	98.5	72.1	72.9	72.3	61.4
1,2,2,4,2,2	a-D-ManpA	57%	100.6	70.7	71.3	69.5	73.2	175.8
1,2,2,4,2,3	b-D-ManpA	32%	99.6	72.1	72.0	74.5	77.0	176.2
1,2,2,4,2,3,4	a-D-Fucp	40%	101.0	71.1	72.4	68.2	68.3	15.7
1,2,2,4,2,3,4,3	a-D-Glcp	67%	99.8	74.4	71.3	73.1	72.4	61.0
1,2,2,4,2,3,4,2	a-L-Fucp	20%	100.5	69.4	70.7	81.5	68.2	16.7
1,2,2,4,2,3,4,2,4	b-D-GalpA	66%	102.0	73.8	69.8	71.1	76.0	174.8
1,2,2,4,2,3,4,2,2	b-D-GlcpN	42%	101.9	56.4	74.1	71.3	77.4	62.5
1,2,2,4,2,3,4,2,2,2	Ac	88%	175.6	23.4
1,2,2,4,2,3,4,2,2,2	b-D-GlcpN	40%	102.3	56.6	75.5	77.6	76.1	66.0
1,2,2,4,2,3,4,2,2,2,2	Ac	88%	175.6	23.4
1,2,2,4,2,3,4,2,2,2,6	S	
1,2,2,4,2,3,4,2,2,2,4	a-D-Glcp	69%	102.2	71.0	74.2	73.8	74.0	64.8
1,2,2,4,2,3,4,2,2,2,4,6	S	
1,2,2,4,2,3,4,2,2,2,4,4	a-D-Galp	42%	95.0	69.2	74.5	70.4	71.7	61.6
1,2,2,4,2,3,4,2,2,2,4,4,3	S	
1,2,2,4,2,3,4,2,2,2,4,4,2	a-D-GlcpN	34%	98.8	55.0	73.4	77.5	72.7	61.1
1,2,2,4,2,3,4,2,2,2,4,4,2,2	Ac	83%	175.3	23.3
1,2,2,4,2,3,4,2,2,2,4,4,2,6	S	
1,2,2,4,2,3,4,2,2,2,4,4,2,4	a-D-GlcpA	59%	101.7	77.0	73.5	72.5	73.7	175.9
1,2,2,4,2,3,4,2,2,2,4,4,2,4,2	b-D-ManpA	55%	102.7	71.3	73.6	69.5	76.6	176.5
