Linkage	Residue	Trust	H1	H2	H3	H4	H5	H6
	Me	95%	3.49
1	b-D-GlcpN	34%	4.71	3.57	3.67	3.42	3.35	3.69-3.92
1,2	Ac	98%	-	2.03
1,2	b-D-GlcpN	30%	4.69	3.60	3.66	3.42	3.46	3.74-3.92
1,2,2	Ac	98%	-	2.03
1,2,2	a-D-Galp	40%	5.22	3.89	4.43	4.42	4.01	3.72-3.83
1,2,2,3	S	
1,2,2,4	b-D-Galp	29%	4.48	3.62	3.76	3.86	3.86	3.72-3.83
1,2,2,4,2	a-D-Xylp	16%	5.13	3.61	3.70	3.79	3.67-3.76
1,2,2,4,2,2	a-D-ManpA	53%	5.12	4.02	3.83	3.74	4.21	-
1,2,2,4,2,3	b-D-ManpA	14%	4.85	4.04	3.83	3.83	3.88	-
1,2,2,4,2,3,4	a-D-Fucp	33%	4.55	3.89	3.89	3.89	4.13	1.14
1,2,2,4,2,3,4,3	a-D-Glcp	81%	5.31	3.55	3.77	3.46	3.84	3.66
1,2,2,4,2,3,4,2	a-L-Fucp	17%	5.10	3.89	3.91	3.98	4.40	1.24
1,2,2,4,2,3,4,2,4	b-D-GalpA	69%	4.56	3.30	3.37	4.22	4.15	-
1,2,2,4,2,3,4,2,2	b-D-GlcpN	37%	4.69	3.60	3.66	3.56	3.49	3.75-3.95
1,2,2,4,2,3,4,2,2,2	Ac	98%	-	2.03
1,2,2,4,2,3,4,2,2,2	b-D-GlcpN	42%	4.70	3.57	3.81	3.70	3.70	4.02-4.22
1,2,2,4,2,3,4,2,2,2,2	Ac	98%	-	2.03
1,2,2,4,2,3,4,2,2,2,6	S	
1,2,2,4,2,3,4,2,2,2,4	a-D-Glcp	42%	5.24	3.55	3.90	3.52	3.79	3.65-3.95
1,2,2,4,2,3,4,2,2,2,4,6	S	
1,2,2,4,2,3,4,2,2,2,4,4	a-D-Galp	23%	5.21	3.90	3.97	3.93	3.76	3.67-3.69
1,2,2,4,2,3,4,2,2,2,4,4,3	S	
1,2,2,4,2,3,4,2,2,2,4,4,2	a-D-GlcpN	53%	5.01	4.01	5.22	4.01	4	3.77
1,2,2,4,2,3,4,2,2,2,4,4,2,2	Ac	98%	-	2.05
1,2,2,4,2,3,4,2,2,2,4,4,2,6	S	
1,2,2,4,2,3,4,2,2,2,4,4,2,4	a-D-GlcpA	30%	5.20	3.69	3.74	3.52	4.02	-
1,2,2,4,2,3,4,2,2,2,4,4,2,4,2	b-D-ManpA	51%	4.79	4.02	3.66	3.74	3.67	-
