Linkage	Residue	Trust	C1	C2	C3	C4	C5	C6	C7	C8	C9
	b-L-Fucp	34%	102.2	72.7	78.1	72.5	71.7	16.7
2	b-L-Fucp	65%	103.0	72.8	73.7	72.4	71.9	16.1
4	b-D-Manp	40%	101.9	71.6	75.6	67.6	76.6	62.2
4,3	a-Neup	47%	177.6	102.0	40.6	77.5	51.7	71.9	69.8	71.9	64.6
4,3,5	Ac	83%	54.9	25.1
4,3,4	b-D-GlcpN	35%	103.2	56.4	74.1	70.7	76.0	65.6
4,3,4,2	Ac	88%	175.6	23.4
4,3,4,6	S	
4,3,4,2	b-D-ManpA	38%	101.5	81.8	72.2	69.5	77.2	176.4
4,3,4,2,2	b-D-Galp	59%	105.2	76.5	79.6	68.9	75.7	61.8
4,3,4,2,2,3	S	
4,3,4,2,2,2	b-D-GlcpN	66%	101.9	56.8	75.5	79.6	77.0	64.4
4,3,4,2,2,2,2	Ac	88%	175.6	23.4
4,3,4,2,2,2,6	S	
4,3,4,2,2,2,4	b-D-Glcp	60%	102.6	74.1	76.3	78.8	76.3	60.8
4,3,4,2,2,2,4,4	a-D-GalpA	29%	101.2	69.1	71.5	70.4	72.1	176.2
4,3,4,2,2,2,4,4,3	b-Neup	54%	175.1	96.9	41.1	69.2	53.3	70.7	69.8	73.3	64.2
4,3,4,2,2,2,4,4,3,5	Ac	83%	176.3	23.6
