Linkage	Residue	Trust	C1	C2	C3	C4	C5	C6
	Me	76%	56.2
1	a-D-GalpA	60%	97.7	72.7	68.2	71.4	72.0	174.6
1,2	a-D-GalpA	44%	96.4	68.5	77.1	71.1	72.1	175.0
1,2,3	a-D-Manp	52%	102.7	71.0	76.3	77.5	73.2	64.5
1,2,3,4	a-D-Galp	34%	100.0	69.1	74.2	77.7	79.0	63.4
1,2,3,4,4	a-D-Xylp	50%	100.5	72.8	73.7	73.7	61.2
1,2,3,4,3	a-L-Fucp	53%	104.1	71.1	72.2	81.1	69.8	15.5
1,2,3,4,3,4	b-D-Xylp	42%	104.2	74.3	75.9	69.6	65.4
1,2,3,4,3,4,2	a-D-GlcpN	65%	97.7	54.8	72.1	71.0	73.9	62.0
1,2,3,4,3,4,2,2	Ac	83%	175.3	23.3
