Linkage	Residue	Trust	H1	H2	H3	H4	H5	H6
	b-D-Manp	74%	4.91	4.01	3.84	3.83	3.59	3.83-3.91
4	b-D-Manp	48%	4.72	4.12	3.75	3.87	3.46	3.76-3.94
4,3	b-D-GlcpN	50%	4.86	3.74	3.72	3.59	3.72	3.77-3.92
4,3,2	Ac	98%	-	2.03
4,3,4	a-D-GlcpA	19%	5.43	3.69	3.87	3.63	4	-
4,3,4,2	a-D-Glcp	81%	5.05	3.48	3.71	3.38	3.85	3.71-3.75
4,3,4,3	b-D-GlcpN	58%	4.86	3.74	3.93	3.67	3.93	3.70-3.83
4,3,4,3,2	Ac	98%	-	2.03
4,3,4,3,4	a-D-GlcpN	51%	4.64	3.76	3.97	3.59	3.55	3.77-3.95
4,3,4,3,4,2	Ac	98%	-	2.05
4,3,4,3,4,3	b-D-ManpA	4%	4.61	3.99	3.69	3.74	3.91	-
4,3,4,3,4,3,2	b-D-Manp	68%	4.88	4.14	3.64	3.57	3.38	3.72-3.92
4,3,4,3,4,3,3	a-D-Xylp	30%	5.10	3.72	3.83	3.66	3.67-3.76
4,3,4,3,4,3,3,2	a-D-Galp	57%	5.38	4.03	3.89	4.17	3.87	3.75-3.83
4,3,4,3,4,3,3,2,4	b-D-GlcpN	61%	4.87	3.69	3.56	3.42	3.39	3.79-3.85
4,3,4,3,4,3,3,2,4,2	Ac	98%	-	2.03
