Linkage	Residue	Trust	C1	C2	C3	C4	C5	C6
	a-D-ManpA	76%	92.9	79.5	70.4	69.5	72.6	176.6
2	a-D-ManpA	50%	100.6	78.4	70.0	73.3	73.1	175.8
2,2	b-D-GlcpA	63%	103.5	74.2	77.3	77.5	76.6	174.6
2,2,4	a-D-GlcpN	52%	97.8	54.6	71.5	70.5	73.1	61.6
2,2,4,2	Ac	83%	175.3	23.3
2,2,4,2	b-D-Fucp	32%	98.2	74.3	82.7	72.5	71.7	16.3
2,2,4,2,3	b-D-Xylp	60%	105.1	74.0	76.9	70.8	66.2
2,2,4,2,2	b-D-Galp	51%	104.9	72.3	83.6	69.5	75.7	61.9
2,2,4,2,2,3	b-D-Fucp	51%	105.5	71.6	73.3	79.0	71.7	16.4
2,2,4,2,2,3,4	a-D-GlcpN	65%	99.4	53.4	81.8	69.5	72.9	61.3
2,2,4,2,2,3,4,2	Ac	83%	175.3	23.3
2,2,4,2,2,3,4,3	b-D-GlcpA	38%	103.9	74.4	76.1	77.5	76.7	174.8
2,2,4,2,2,3,4,3,3	a-L-Fucp	65%	99.6	69.0	71.0	73.1	68.8	16.5
2,2,4,2,2,3,4,3,4	a-D-GlcpN	50%	97.7	54.6	71.5	70.3	71.8	65.5
2,2,4,2,2,3,4,3,4,2	Ac	83%	175.3	23.3
2,2,4,2,2,3,4,3,4,6	S	
2,2,4,2,2,3,4,3,4,2	b-D-GalpA	55%	103.7	71.4	73.6	71.1	76.0	174.8
