Linkage	Residue	Trust	H1	H2	H3	H4	H5	H6
	a-D-ManpA	72%	5.39	3.98	3.97	3.74	4.02	-
2	a-D-ManpA	47%	5.21	4.24	3.92	3.74	4.21	-
2,2	b-D-GlcpA	54%	4.52	3.41	3.69	3.75	3.87	-
2,2,4	a-D-GlcpN	34%	5.20	3.78	3.83	3.62	3.58	3.73-3.80
2,2,4,2	Ac	98%	-	2.05
2,2,4,2	b-D-Fucp	38%	4.65	3.65	4.03	4.02	3.79	1.23
2,2,4,2,3	b-D-Xylp	60%	4.75	3.39	3.43	3.63	3.34-3.94
2,2,4,2,2	b-D-Galp	33%	4.87	3.60	3.83	4.16	3.72	3.75-3.78
2,2,4,2,2,3	b-D-Fucp	31%	4.86	3.63	3.79	4.09	3.82	1.20
2,2,4,2,2,3,4	a-D-GlcpN	44%	4.94	4.08	3.82	3.59	3.83	3.83-4.03
2,2,4,2,2,3,4,2	Ac	98%	-	2.05
2,2,4,2,2,3,4,3	b-D-GlcpA	12%	4.53	3.40	3.62	3.70	3.81	-
2,2,4,2,2,3,4,3,3	a-L-Fucp	49%	5.17	3.87	3.87	3.79	4.30	1.22
2,2,4,2,2,3,4,3,4	a-D-GlcpN	34%	5.20	3.78	3.83	3.57	3.79	4.08-4.15
2,2,4,2,2,3,4,3,4,2	Ac	98%	-	2.05
2,2,4,2,2,3,4,3,4,6	S	
2,2,4,2,2,3,4,3,4,2	b-D-GalpA	30%	4.55	3.60	3.73	4.22	4.15	-
