Linkage	Residue	Trust	H1	H2	H3	H4	H5	H6	H7	H8	H9
	b-D-GlcpN	35%	4.71	3.57	3.67	3.42	3.48	3.70-3.89
2	Ac	98%	-	2.03
2	b-D-Galp	40%	4.54	3.60	4.36	4.18	3.75	3.77-3.80
2,3	S	
2,4	a-D-Fucp	32%	5.46	3.88	4.05	3.87	4.37	1.24
2,4,3	b-D-Manp	31%	4.90	4.17	3.79	3.64	3.54	3.52-4.04
2,4,3,4	b-D-Glcp	38%	4.62	3.37	3.57	3.42	3.51	3.72-3.92
2,4,3,4,2	a-D-ManpA	24%	5.11	4.05	3.94	3.76	4.38	-
2,4,3,4,2,3	a-D-GlcpA	47%	5.29	3.93	3.74	3.40	4.11	-
2,4,3,4,2,3,4	a-D-Manp	36%	5.21	3.90	3.64	3.51	3.69	3.57-3.76
2,4,3,4,2,3,3	b-D-Glcp	59%	6.21	4.03	3.61	3.44	3.47	3.74-3.94
2,4,3,4,2,3,3,2	b-D-Glcp	68%	4.42	3.28	3.54	3.39	3.49	4.10-4.19
2,4,3,4,2,3,3,2,6	S	
2,4,3,4,2,3,3,2,2	b-D-GlcpN	66%	4.80	3.81	3.69	3.60	3.62	4.13-4.25
2,4,3,4,2,3,3,2,2,2	Ac	98%	-	2.03
2,4,3,4,2,3,3,2,2,6	S	
2,4,3,4,2,3,3,2,2,3	a-D-GalpA	71%	5.60	3.95	3.93	4.25	4.32	-
2,4,3,4,2,3,3,2,2,3,2	a-D-Manp	58%	4.43	3.24	3.97	3.78	3.81	3.83-3.92
2,4,3,4,2,3,3,2,2,3,2,3	a-D-Manp	77%	5.27	4	3.86	3.75	3.76	3.77-3.88
2,4,3,4,2,3,3,2,2,3,2,3,2	b-D-Xylp	67%	4.39	3.31	3.63	3.85	3.41-4.12
2,4,3,4,2,3,3,2,2,3,2,3,2,4	b-D-GlcpA	20%	4.53	3.40	3.62	3.58	3.73	-
2,4,3,4,2,3,3,2,2,3,2,3,2,4,3	b-Neup	55%	-	-	1.82-2.27	3.66	3.82	4.23	3.58	3.87	3.64-3.87
2,4,3,4,2,3,3,2,2,3,2,3,2,4,3,5	Ac	95%	-	2.05
