Linkage	Residue	Trust	C1	C2	C3	C4	C5	C6
	b-D-ManpA	31%	101.5	70.9	73.0	79.5	77.4	175.9
4	b-D-ManpA	67%	101.1	71.3	73.6	69.5	76.6	176.5
3	a-D-GalpA	21%	99.6	69.2	69.7	81.9	72.1	175.3
3,4	b-D-Xylp	62%	104.1	73.4	76.1	70.8	66.2
3,2	b-L-Fucp	41%	102.8	71.3	74.9	76.8	71.7	16.5
3,2,3	a-D-GlcpN	53%	95.6	54.7	73.4	73.9	68.4	60.4
3,2,3,2	Ac	83%	175.3	23.3
3,2,3,4	a-D-Glcp	64%	97.6	76.9	73.6	70.0	71.9	64.9
3,2,3,4,6	S	
3,2,3,4,2	a-D-Xylp	11%	98.5	72.0	72.9	73.2	61.4
3,2,3,4,2,4	a-D-Xylp	41%	98.5	72.0	76.6	70.1	61.2
3,2,3,4,2,3	b-D-Xylp	65%	103.1	74.2	75.2	75.5	63.6
3,2,3,4,2,3,4	a-L-Fucp	62%	98.7	69.9	71.0	73.1	68.8	16.5
