Linkage	Residue	Trust	H1	H2	H3	H4	H5	H6
	b-D-ManpA	32%	4.90	4.07	3.69	3.83	3.69	-
4	b-D-ManpA	81%	4.67	3.99	3.66	3.74	3.67	-
3	a-D-GalpA	14%	5.30	3.92	4.03	4.37	4.80	-
3,4	b-D-Xylp	51%	4.59	3.54	3.43	3.63	3.34-3.94
3,2	b-L-Fucp	37%	4.46	3.54	3.69	3.95	3.82	1.19
3,2,3	a-D-GlcpN	66%	5.22	3.96	5.22	4.01	3.97	3.88
3,2,3,2	Ac	98%	-	2.05
3,2,3,4	a-D-Glcp	55%	5.62	3.64	3.70	3.60	3.70	4.06-4.15
3,2,3,4,6	S	
3,2,3,4,2	a-D-Xylp	12%	5.10	3.83	3.70	3.66	3.67-3.76
3,2,3,4,2,4	a-D-Xylp	33%	5.10	3.55	3.59	3.62	3.55-3.69
3,2,3,4,2,3	b-D-Xylp	57%	4.61	3.37	3.56	3.69	3.40-4.12
3,2,3,4,2,3,4	a-L-Fucp	79%	5.06	3.91	3.92	3.79	4.59	1.21
