Linkage	Residue	Trust	H1	H2	H3	H4	H5	H6
	Me	97%	3.42
1	a-D-Glcp	55%	5.46	3.69	3.86	3.48	3.88	3.78-3.90
1,2	a-D-Glcp	48%	5.18	3.59	3.69	3.45	3.91	3.78-3.86
1,2,2	b-D-GlcpN	52%	4.73	3.58	3.74	3.58	3.48	3.78-3.93
1,2,2,2	Ac	98%	-	2.03
1,2,2,3	b-D-Manp	50%	4.83	4.13	3.60	3.46	3.43	3.71-3.91
1,2,2,3,2	b-D-GlcpN	55%	4.56	3.58	3.70	3.66	3.46	5.46-5.92
1,2,2,3,2,2	Ac	98%	-	2.03
1,2,2,3,2,6	S	
1,2,2,3,2,3	a-L-Fucp	62%	5.03	3.71	3.93	4.04	3.98	1.17
1,2,2,3,2,3,4	a-D-GlcpA	40%	5.11	3.87	3.66	3.60	4.21	-
1,2,2,3,2,3,4,2	a-D-ManpA	80%	5.15	4.07	3.61	3.74	4.17	-
