Linkage	Residue	Trust	H1	H2	H3	H4	H5	H6
	Me	98%	3.57
1	b-L-Fucp	59%	4.35	3.70	3.82	4.02	3.84	1.26
1,3	b-L-Fucp	27%	4.66	3.63	3.68	3.79	3.82	1.32
1,3,4	b-D-Glcp	28%	4.62	3.37	3.57	3.40	3.45	3.73-3.88
1,3,4,2	b-L-Fucp	14%	4.46	3.54	3.69	3.79	3.82	1.18
1,3,4,2,3	a-D-GalpA	48%	5.20	3.82	4.06	4.21	4.50	-
1,3,4,2,4	a-D-GlcpN	20%	5.36	3.76	3.77	3.60	4.04	4.08-4.16
1,3,4,2,4,2	Ac	98%	-	2.05
1,3,4,2,4,6	S	
1,3,4,2,4,3	b-L-Fucp	40%	4.65	3.54	3.66	3.52	3.74	1.17
1,3,4,2,4,3,3	a-D-GlcpA	35%	5.20	3.69	3.98	3.55	4.28	-
1,3,4,2,4,3,3,2	b-D-GalpA	50%	4.70	3.60	3.50	4.48	4.24	-
1,3,4,2,4,3,3,2,3	b-D-GlcpN	57%	4.73	3.72	3.56	3.63	3.61	3.75-3.86
1,3,4,2,4,3,3,2,3,2	Ac	98%	-	2.03
