Linkage	Residue	Trust	C1	C2	C3	C4	C5	C6	C7	C8	C9
	Me	76%	56.2
1	a-D-Fucp	60%	100.6	77.2	69.3	71.8	68.7	16.5
1,2	a-D-Fucp	53%	100.6	73.1	69.3	71.8	68.7	16.9
1,2,2	a-D-ManpA	11%	98.9	68.7	76.5	73.3	73.1	176.4
1,2,2,3	b-D-GalpA	67%	104.9	72.7	73.6	71.1	76.0	174.8
1,2,2,4	b-D-Manp	43%	101.4	71.5	72.0	76.1	73.1	60.8
1,2,2,4,4	a-D-GalpA	65%	99.3	72.6	71.5	80.4	72.3	174.3
1,2,2,4,4,4	a-D-Glcp	65%	99.5	76.7	74.0	70.6	73.7	61.6
1,2,2,4,4,4,2	a-D-Xylp	6%	98.5	72.0	72.9	72.3	61.4
1,2,2,4,4,4,2,3	b-Neup	54%	173.6	96.9	41.1	69.2	53.3	70.7	69.8	73.3	64.2
1,2,2,4,4,4,2,3,5	Ac	83%	176.3	23.6
