Linkage	Residue	Trust	C1	C2	C3	C4	C5	C6	C7	C8	C9
	Me	87%	58.0
1	b-D-Galp	63%	103.8	73.0	83.7	70.2	76.3	61.6
1,3	b-D-Galp	39%	105.8	78.1	76.9	71.4	75.2	63.5
1,3,2	a-D-Glcp	55%	94.4	75.4	79.3	69.1	72.6	62.1
1,3,2,3	b-D-Fucp	65%	103.3	71.1	72.0	72.4	71.9	16.1
1,3,2,2	a-D-Fucp	50%	93.8	72.3	69.9	72.9	69.3	16.5
1,3,2,2,2	a-D-GlcpN	39%	94.5	54.6	71.4	71.4	72.6	61.5
1,3,2,2,2,2	Ac	83%	175.3	23.3
1,3,2,2,2,2	a-D-GlcpN	16%	96.2	54.5	74.0	70.4	72.7	65.4
1,3,2,2,2,2,2	Ac	83%	175.3	23.3
1,3,2,2,2,2,6	S	
1,3,2,2,2,2,3	a-Neup	46%	174.4	102.0	38.0	75.6	50.8	74.1	69.8	73.1	64.1
1,3,2,2,2,2,3,5	Ac	83%	54.9	25.1
1,3,2,2,2,2,3,4	a-D-Galp	69%	96.3	69.4	69.8	77.6	71.3	63.6
1,3,2,2,2,2,3,4,6	S	
1,3,2,2,2,2,3,4,4	a-D-GlcpN	30%	99.6	54.1	74.0	70.4	72.7	65.4
1,3,2,2,2,2,3,4,4,2	Ac	83%	175.3	23.3
1,3,2,2,2,2,3,4,4,6	S	
1,3,2,2,2,2,3,4,4,3	a-Neup	54%	175.5	102.0	41.1	70.0	53.3	74.4	69.8	73.3	64.2
1,3,2,2,2,2,3,4,4,3,5	Ac	83%	54.9	25.1
