Linkage	Residue	Trust	C1	C2	C3	C4	C5	C6	C7	C8	C9
	Me	76%	56.2
1	a-L-Fucp	45%	99.2	69.7	68.2	80.2	70.1	18.2
1,3	a-L-Fucp	63%	104.1	71.1	71.0	73.1	68.8	16.8
1,4	a-D-Galp	60%	101.3	68.9	80.5	70.1	69.8	65.6
1,4,6	S	
1,4,3	b-D-Xylp	40%	105.1	73.9	75.6	72.9	65.5
1,4,3,4	b-D-GlcpN	19%	102.2	56.4	77.9	70.6	76.1	62.2
1,4,3,4,2	Ac	88%	175.6	23.4
1,4,3,4,3	a-Neup	47%	175.1	102.0	37.9	72.4	53.1	74.1	69.8	73.1	64.1
1,4,3,4,3,5	Ac	83%	54.9	25.1
1,4,3,4,3,4	a-D-GlcpN	52%	94.7	54.6	74.9	69.8	72.7	62.0
1,4,3,4,3,4,2	Ac	83%	175.3	23.3
1,4,3,4,3,4,3	a-D-GlcpN	45%	99.0	54.6	71.7	70.1	72.5	61.2
1,4,3,4,3,4,3,2	Ac	83%	175.3	23.3
1,4,3,4,3,4,3,2	a-D-Glcp	36%	99.2	71.5	81.8	69.1	72.4	65.1
1,4,3,4,3,4,3,2,6	S	
1,4,3,4,3,4,3,2,3	b-D-Fucp	65%	103.3	71.1	72.0	72.4	71.9	16.1
