Linkage	Residue	Trust	H1	H2	H3	H4	H5	H6	H7	H8	H9
	Me	97%	3.42
1	a-L-Fucp	28%	4.82	3.88	3.94	3.91	3.98	1.30
1,3	a-L-Fucp	44%	5.05	3.86	3.87	3.79	4.24	1.19
1,4	a-D-Galp	45%	5.03	3.89	4.03	4.25	4.03	4-4.03
1,4,6	S	
1,4,3	b-D-Xylp	37%	4.75	3.49	3.67	3.66	3.35-3.99
1,4,3,4	b-D-GlcpN	19%	4.70	3.59	3.72	3.51	3.50	3.73-3.88
1,4,3,4,2	Ac	98%	-	2.03
1,4,3,4,3	a-Neup	42%	-	-	1.76-2.73	4	3.86	3.74	3.58	3.86	3.64-3.87
1,4,3,4,3,5	Ac	99%	-	2.03
1,4,3,4,3,4	a-D-GlcpN	50%	4.88	3.76	3.78	3.58	3.93	3.63
1,4,3,4,3,4,2	Ac	98%	-	2.05
1,4,3,4,3,4,3	a-D-GlcpN	34%	5.20	3.78	3.83	3.63	3.71	3.84
1,4,3,4,3,4,3,2	Ac	98%	-	2.05
1,4,3,4,3,4,3,2	a-D-Glcp	19%	5.19	3.58	3.87	3.61	3.97	4.06-4.14
1,4,3,4,3,4,3,2,6	S	
1,4,3,4,3,4,3,2,3	b-D-Fucp	66%	4.56	3.49	3.60	3.77	3.91	1.25
