Linkage	Residue	Trust	C1	C2	C3	C4	C5	C6
	a-D-Manp	79%	94.4	70.4	78.7	66.2	72.9	61.3
3	a-D-Manp	63%	102.5	77.8	71.1	67.7	74.4	61.8
3,2	a-D-Fucp	52%	99.0	69.4	78.2	66.4	68.2	16.5
3,2,3	a-D-GlcpN	58%	99.3	54.6	72.5	70.4	72.8	61.1
3,2,3,2	Ac	83%	175.3	23.3
3,2,3,2	b-D-Galp	41%	104.2	79.0	69.7	74.7	74.6	65.3
3,2,3,2,6	S	
3,2,3,2,2	b-D-Glcp	45%	102.9	75.4	77.1	73.1	77.7	65.1
3,2,3,2,2,6	S	
3,2,3,2,2,4	b-L-Fucp	39%	104.1	72.7	73.7	71.8	71.7	16.2
3,2,3,2,2,4,2	a-L-Fucp	62%	100.4	69.4	70.1	82.4	68.4	16.7
3,2,3,2,2,4,2,4	b-D-GlcpA	69%	104.7	73.3	83.0	73.1	77.9	174.5
3,2,3,2,2,4,2,4,3	a-D-GlcpA	43%	101.7	73.3	83.7	71.3	73.1	176.4
3,2,3,2,2,4,2,4,3,3	b-D-GlcpN	71%	102.8	57.1	75.0	71.2	77.0	62.9
3,2,3,2,2,4,2,4,3,3,2	Ac	88%	175.6	23.4
