Linkage	Residue	Trust	H1	H2	H3	H4	H5	H6
	a-D-Manp	88%	5.21	4.18	3.99	3.85	3.93	3.82-3.94
3	a-D-Manp	67%	4.91	3.86	3.94	3.68	3.76	3.77-3.88
3,2	a-D-Fucp	38%	5.18	3.88	3.99	4.10	4.52	1.21
3,2,3	a-D-GlcpN	40%	5.20	3.78	3.83	3.66	3.90	3.75-3.82
3,2,3,2	Ac	98%	-	2.05
3,2,3,2	b-D-Galp	40%	4.53	3.62	3.95	3.84	3.77	4
3,2,3,2,6	S	
3,2,3,2,2	b-D-Glcp	15%	4.70	3.26	3.57	3.52	3.53	4.06-4.16
3,2,3,2,2,6	S	
3,2,3,2,2,4	b-L-Fucp	30%	4.65	3.65	3.68	3.35	3.85	1.23
3,2,3,2,2,4,2	a-L-Fucp	54%	4.85	3.88	3.84	3.99	4.28	1.29
3,2,3,2,2,4,2,4	b-D-GlcpA	44%	4.58	3.40	3.69	3.80	3.71	-
3,2,3,2,2,4,2,4,3	a-D-GlcpA	51%	5.35	3.70	3.82	3.63	4.24	-
3,2,3,2,2,4,2,4,3,3	b-D-GlcpN	74%	4.83	3.73	3.56	3.42	3.47	3.74-3.94
3,2,3,2,2,4,2,4,3,3,2	Ac	98%	-	2.03
