Linkage	Residue	Trust	H1	H2	H3	H4	H5	H6	H7	H8	H9
	b-D-GalpA	39%	4.55	3.62	4.21	4.34	4.05	-
3	b-D-GalpA	74%	4.74	3.64	3.73	4.37	4.09	-
2	a-D-Galp	60%	5.23	4.16	4.43	4.42	4.01	3.73-3.79
2,3	S	
2,4	b-D-Glcp	25%	4.79	3.62	3.58	3.46	3.56	3.77-3.94
2,4,3	b-Neup	34%	-	-	1.82-2.27	4.15	3.82	4.25	3.58	3.86	3.64-3.87
2,4,3,5	Ac	95%	-	2.05
2,4,3,4	b-D-Glcp	48%	4.61	3.36	3.57	3.66	3.56	4.04-4.15
2,4,3,4,6	S	
2,4,3,4,3	a-D-GlcpN	41%	4.78	3.75	3.83	3.86	3.82	3.70-3.86
2,4,3,4,3,2	Ac	98%	-	2.05
2,4,3,4,3,4	a-D-ManpA	32%	5	4.05	4.06	3.74	4.02	-
2,4,3,4,3,4,2	a-D-GlcpN	58%	5.15	4.02	3.95	3.64	3.98	3.80-3.84
2,4,3,4,3,4,2,2	Ac	98%	-	2.05
2,4,3,4,3,4,2,3	b-D-Galp	33%	4.51	3.70	3.76	4.05	3.75	3.78-3.83
2,4,3,4,3,4,2,3,3	a-D-GalpA	54%	5.18	3.90	3.93	4.21	4.50	-
2,4,3,4,3,4,2,3,4	a-D-Galp	42%	4.95	3.89	4	4.11	4.37	3.70-3.71
2,4,3,4,3,4,2,3,4,3	a-D-ManpA	79%	5.17	4.12	3.91	3.74	4.46	-
