Linkage	Residue	Trust	H1	H2	H3	H4	H5	H6
	Me	95%	3.49
1	b-D-GlcpN	74%	4.48	3.77	3.79	3.51	3.45	3.75-3.93
1,2	Ac	98%	-	2.03
1,3	b-D-GlcpN	36%	4.69	3.60	3.66	3.38	3.45	3.71-3.96
1,3,2	Ac	98%	-	2.03
1,3,2	b-D-Glcp	9%	4.61	3.36	3.58	3.50	3.52	3.72-3.85
1,3,2,3	b-D-GalpA	58%	4.71	3.43	3.65	4.32	4.15	-
1,3,2,4	b-D-GlcpN	79%	4.55	3.73	3.81	3.70	4	3.81
1,3,2,4,2	Ac	98%	-	2.03
1,3,2,4,4	a-D-Glcp	64%	5.41	3.58	3.84	3.82	4.30	4.06
1,3,2,4,4,6	S	
1,3,2,4,4,4	b-D-GlcpN	34%	4.69	3.60	3.66	3.55	3.46	3.73-3.89
1,3,2,4,4,4,2	Ac	98%	-	2.03
1,3,2,4,4,4,2	b-D-GlcpN	29%	4.69	3.60	3.66	3.42	3.40	3.73-3.91
1,3,2,4,4,4,2,2	Ac	98%	-	2.03
1,3,2,4,4,4,2,2	b-D-GlcpN	36%	4.70	3.57	3.93	3.67	3.93	3.78-3.88
1,3,2,4,4,4,2,2,2	Ac	98%	-	2.03
1,3,2,4,4,4,2,2,6	S	
1,3,2,4,4,4,2,2,4	a-D-GlcpN	52%	5.34	4.09	3.98	3.78	4.07	3.82-3.92
1,3,2,4,4,4,2,2,4,2	Ac	98%	-	2.05
1,3,2,4,4,4,2,2,4,4	b-D-Galp	79%	4.70	3.89	3.72	4.21	3.68	3.75-3.79
1,3,2,4,4,4,2,2,4,4,3	S	
1,3,2,4,4,4,2,2,4,4,2	a-D-Galp	42%	5.21	3.90	3.97	4.11	4.37	3.70
1,3,2,4,4,4,2,2,4,4,2,3	S	
1,3,2,4,4,4,2,2,4,4,2,2	b-D-GlcpN	80%	4.76	3.80	3.70	3.72	3.63	4.11-4.18
1,3,2,4,4,4,2,2,4,4,2,2,2	Ac	98%	-	2.03
1,3,2,4,4,4,2,2,4,4,2,2,6	S	
1,3,2,4,4,4,2,2,4,4,2,2,4	b-D-Galp	50%	4.62	3.62	4.31	4.12	3.86	3.76-3.77
1,3,2,4,4,4,2,2,4,4,2,2,4,3	S	
1,3,2,4,4,4,2,2,4,4,2,2,4,2	b-D-Glcp	58%	4.61	3.43	3.66	3.41	3.48	4.08-4.15
1,3,2,4,4,4,2,2,4,4,2,2,4,2,6	S	
1,3,2,4,4,4,2,2,4,4,2,2,4,2,3	a-D-ManpA	64%	5.01	3.97	3.79	3.74	4.21	-
