Linkage	Residue	Trust	H1	H2	H3	H4	H5	H6
	b-D-Galp	60%	4.72	3.64	3.87	4.07	3.58	3.72-3.95
2	b-D-Galp	38%	5.14	3.60	3.70	4.09	3.97	3.56
2,3	b-D-Manp	34%	4.83	4.13	3.72	3.44	3.36	3.64-3.93
2,3,2	b-L-Fucp	17%	4.65	3.65	3.68	3.86	3.85	1.18
2,3,2,2	a-D-Galp	58%	5.01	3.87	4.02	4.24	3.91	3.72-3.82
2,3,2,2,6	S	
2,3,2,2,4	b-D-Galp	25%	4.66	3.60	3.76	4.01	3.70	4.01
2,3,2,2,4,6	S	
2,3,2,2,4,3	b-L-Fucp	23%	4.65	3.65	3.68	3.65	3.85	1.27
2,3,2,2,4,3,2	a-D-GlcpN	56%	5.20	4.04	5.22	4.01	4	3.70
2,3,2,2,4,3,2,2	Ac	98%	-	2.05
2,3,2,2,4,3,2,4	a-D-Glcp	59%	5.40	3.61	3.84	3.67	4.30	4.06
2,3,2,2,4,3,2,4,6	S	
2,3,2,2,4,3,2,4,4	b-D-GlcpN	19%	4.69	3.60	3.66	3.57	3.53	4.06-4.13
2,3,2,2,4,3,2,4,4,2	Ac	98%	-	2.03
2,3,2,2,4,3,2,4,4,6	S	
2,3,2,2,4,3,2,4,4,2	a-D-Xylp	33%	5.10	3.55	3.59	3.62	3.55-3.69
