Linkage	Residue	Trust	C1	C2	C3	C4	C5	C6
	b-D-GlcpA	67%	97.0	74.4	75.1	81.3	76.0	174.9
4	b-D-GlcpA	54%	102.9	82.8	75.9	82.0	78.8	175.4
4,2	a-D-GlcpA	70%	99.4	72.3	73.9	72.5	73.2	175.8
4,4	b-D-GlcpN	71%	101.5	55.4	83.1	69.6	76.6	61.9
4,4,2	Ac	88%	175.6	23.4
4,4,3	b-D-Xylp	55%	102.0	78.5	75.8	69.2	65.5
4,4,3,2	a-D-Glcp	65%	103.0	78.9	74.5	70.7	73.9	62.0
4,4,3,2,2	b-D-Galp	53%	104.8	77.5	78.6	71.5	76.4	61.8
4,4,3,2,2,3	S	
4,4,3,2,2,2	b-D-Galp	58%	107.0	72.3	83.4	69.3	75.2	65.3
4,4,3,2,2,2,6	S	
4,4,3,2,2,2,3	b-D-Xylp	52%	105.1	81.5	76.4	70.2	66.1
4,4,3,2,2,2,3,2	b-D-GlcpN	56%	102.2	56.4	73.7	79.6	76.1	65.1
4,4,3,2,2,2,3,2,2	Ac	88%	175.6	23.4
4,4,3,2,2,2,3,2,6	S	
4,4,3,2,2,2,3,2,4	b-D-Galp	89%	104.4	71.4	72.9	77.6	73.6	63.8
4,4,3,2,2,2,3,2,4,6	S	
4,4,3,2,2,2,3,2,4,4	a-D-GlcpN	59%	99.9	54.6	71.7	71.0	73.3	65.5
4,4,3,2,2,2,3,2,4,4,2	Ac	83%	175.3	23.3
4,4,3,2,2,2,3,2,4,4,6	S	
4,4,3,2,2,2,3,2,4,4,2	b-D-ManpA	20%	101.5	70.9	72.0	74.5	77.0	176.2
4,4,3,2,2,2,3,2,4,4,2,4	a-D-Fucp	70%	99.4	69.2	71.0	73.1	68.8	16.5
