Linkage	Residue	Trust	C1	C2	C3	C4	C5	C6
	b-L-Fucp	67%	97.1	72.0	83.9	73.0	71.9	16.6
3	b-L-Fucp	41%	105.0	71.6	74.9	72.1	71.7	16.8
3,3	a-D-GlcpA	52%	99.4	73.3	72.4	78.4	71.3	177.0
3,3,4	a-D-Glcp	52%	100.6	73.3	74.7	79.5	70.0	64.4
3,3,4,6	S	
3,3,4,4	b-D-GlcpN	39%	102.0	56.4	74.1	70.7	76.3	65.6
3,3,4,4,2	Ac	88%	175.6	23.4
3,3,4,4,6	S	
3,3,4,4,2	b-L-Fucp	32%	98.2	72.7	73.7	72.4	71.7	16.1
3,3,4,4,2,2	a-D-Glcp	58%	98.2	78.2	74.5	70.7	74.9	62.9
3,3,4,4,2,2,2	b-D-Galp	68%	105.1	75.0	78.5	66.1	76.4	61.8
3,3,4,4,2,2,2,3	a-D-Xylp	62%	104.2	71.1	76.4	70.2	61.2
