Lineage	Residue	Trust	C1	C2	C3	C4	C5	C6
	b-L-Fucp	94%	97.3	72.4	83.8	72.4	71.9	16.6
3	b-L-Fucp	95%	105.1	71.7	82.1	72.1	71.9	16.7
3,3	a-D-GlcpA	87%	101.8	72.2	73.8	79.6	70.5	174.0
3,3,4	a-D-Glcp	47%	100.6	73.3	74.7	79.5	70.0	64.4
3,3,4,6	S		
3,3,4,4	b-D-GlcpN	67%	102.2	64.5	73.8	70.8	76.4	65.3
3,3,4,4,2	Ac	99%	175.6	23.5
3,3,4,4,6	S		175.6
3,3,4,4,2	b-L-Fucp	91%	103.0	77.0	74.7	72.4	71.9	16.4
3,3,4,4,2,2	a-D-Glcp	87%	99.5	81.0	73.3	70.9	73.3	62.2
3,3,4,4,2,2,2	b-D-Galp	90%	105.3	71.2	78.9	66.2	76.4	62.1
3,3,4,4,2,2,2,3	a-D-Xylp	88%	99.2	71.9	74.1	70.4	62.4
