Linkage	Residue	Trust	H1	H2	H3	H4	H5	H6
	b-L-Fucp	74%	4.53	3.65	3.80	4.02	3.80	1.24
3	b-L-Fucp	23%	4.64	3.54	3.69	3.73	3.82	1.24
3,3	a-D-GlcpA	63%	5.20	3.64	3.98	3.78	4.14	-
3,3,4	a-D-Glcp	55%	5.41	3.57	3.84	3.67	3.72	4.06
3,3,4,6	S	
3,3,4,4	b-D-GlcpN	19%	4.69	3.60	3.66	3.57	3.53	4.06-4.13
3,3,4,4,2	Ac	98%	-	2.03
3,3,4,4,6	S	
3,3,4,4,2	b-L-Fucp	12%	4.65	3.65	3.68	3.75	3.85	1.27
3,3,4,4,2,2	a-D-Glcp	51%	4.48	3.68	4.05	3.70	3.69	3.73-3.97
3,3,4,4,2,2,2	b-D-Galp	51%	4.52	3.60	3.79	4.18	3.64	3.79-3.82
3,3,4,4,2,2,2,3	a-D-Xylp	61%	5.13	3.65	3.59	3.63	3.55-3.69
