Lineage	Residue	Trust	C1	C2	C3	C4	C5	C6	C7	C8
	b-L-Fucp	100%	97.3	72.5	83.8	72.2	71.9	16.6
3	b-L-Fucp	100%	105.1	71.7	82.1	72.1	71.9	16.6
3,3	a-D-GlcpA	100%	101.9	72.0	73.9	79.9	70.4	173.5
3,3,4	a-D-Glcp	0%	101.0	72.4	72.5	76.2	71.7	65.1
3,3,4,6	S	50%
3,3,4,4	b-D-GlcpNAc	50%	102.5	64.5	73.8	70.8	76.4	64.6	175.6	23.5
3,3,4,4,6	S	50%
3,3,4,4,2	b-L-Fucp	100%	103.0	77.0	74.7	72.5	71.9	16.6
3,3,4,4,2,2	a-D-Glcp	100%	99.7	81.6	73.0	70.9	73.0	62.0
3,3,4,4,2,2,2	b-D-Galp	100%	105.4	70.2	79.0	66.3	76.3	62.2
3,3,4,4,2,2,2,3	a-D-Xylp	100%	96.6	72.3	73.9	70.4	62.5
