Linkage	Residue	Trust	C1	C2	C3	C4	C5	C6	C7	C8	C9
	Me	84%	58.1
1	b-D-GalpA	53%	104.3	79.9	68.6	81.0	76.8	174.8
1,4	b-D-GalpA	67%	102.0	71.2	73.6	71.1	76.0	174.8
1,2	b-D-GalpA	52%	101.1	72.3	77.8	80.1	76.5	174.3
1,2,4	b-D-GlcpN	45%	102.5	56.4	74.9	71.3	75.7	61.7
1,2,4,2	Ac	88%	175.6	23.4
1,2,4,2	b-D-Glcp	29%	103.5	72.9	75.3	77.0	75.2	62.0
1,2,4,2,4	b-D-Glcp	59%	104.6	71.3	76.9	75.4	77.8	62.7
1,2,4,2,4,4	b-D-Glcp	80%	104.1	74.5	76.0	79.7	77.5	62.1
1,2,4,2,4,4,4	a-D-GlcpN	43%	97.5	54.4	71.9	77.5	69.4	69.4
1,2,4,2,4,4,4,2	Ac	83%	175.3	23.3
1,2,4,2,4,4,4,6	S	
1,2,4,2,4,4,4,4	a-D-Glcp	39%	100.0	72.3	74.5	69.6	72.4	64.9
1,2,4,2,4,4,4,4,6	S	
1,2,4,2,4,4,4,4,3	a-Neup	57%	174.7	101.9	37.7	77.5	51.7	71.9	69.8	71.9	64.6
1,2,4,2,4,4,4,4,3,5	Ac	83%	54.9	25.1
1,2,4,2,4,4,4,4,3,4	b-D-GlcpN	41%	103.2	56.4	74.1	71.3	76.9	61.9
1,2,4,2,4,4,4,4,3,4,2	Ac	88%	175.6	23.4
1,2,4,2,4,4,4,4,3,4,2	b-D-Manp	52%	101.2	71.4	80.8	67.0	77.0	61.7
1,2,4,2,4,4,4,4,3,4,2,3	a-D-Manp	60%	102.1	78.4	76.9	66.3	74.5	62.2
1,2,4,2,4,4,4,4,3,4,2,3,2	b-D-GalpA	72%	103.1	70.9	72.6	71.1	76.0	174.8
1,2,4,2,4,4,4,4,3,4,2,3,3	a-D-GalpA	63%	101.7	68.0	79.8	70.6	72.3	175.6
1,2,4,2,4,4,4,4,3,4,2,3,3,3	b-D-GalpA	55%	104.5	72.1	74.0	77.4	74.5	175.4
1,2,4,2,4,4,4,4,3,4,2,3,3,3,4	a-D-ManpA	64%	102.2	71.4	71.3	69.5	73.2	175.8
