Linkage	Residue	Trust	H1	H2	H3	H4	H5	H6	H7	H8	H9
	Me	98%	3.57
1	b-D-GalpA	28%	4.55	3.62	3.52	4.45	4.43	-
1,4	b-D-GalpA	44%	4.78	3.83	3.73	4.22	4.15	-
1,2	b-D-GalpA	52%	4.69	3.60	4.24	4.34	3.85	-
1,2,4	b-D-GlcpN	28%	4.69	3.60	3.66	3.56	3.59	3.76-3.92
1,2,4,2	Ac	98%	-	2.03
1,2,4,2	b-D-Glcp	26%	4.61	3.36	3.60	3.66	3.67	3.78-3.91
1,2,4,2,4	b-D-Glcp	71%	4.55	3.39	3.62	3.65	3.69	3.77-3.90
1,2,4,2,4,4	b-D-Glcp	72%	4.50	3.34	4.22	3.65	3.66	3.80-3.92
1,2,4,2,4,4,4	a-D-GlcpN	65%	5.66	3.95	3.97	3.59	3.84	4.02-4.22
1,2,4,2,4,4,4,2	Ac	98%	-	2.05
1,2,4,2,4,4,4,6	S	
1,2,4,2,4,4,4,4	a-D-Glcp	25%	5.40	3.58	3.81	3.44	3.72	4.08-4.16
1,2,4,2,4,4,4,4,6	S	
1,2,4,2,4,4,4,4,3	a-Neup	57%	-	-	1.76-2.73	4.10	3.99	3.99	3.52	3.77	3.61-3.82
1,2,4,2,4,4,4,4,3,5	Ac	99%	-	2.03
1,2,4,2,4,4,4,4,3,4	b-D-GlcpN	34%	4.69	3.60	3.66	3.55	3.49	3.77-3.93
1,2,4,2,4,4,4,4,3,4,2	Ac	98%	-	2.03
1,2,4,2,4,4,4,4,3,4,2	b-D-Manp	45%	4.83	4.12	3.74	3.73	3.43	3.76-3.93
1,2,4,2,4,4,4,4,3,4,2,3	a-D-Manp	51%	5.26	4.35	4.04	3.88	3.74	3.71-3.82
1,2,4,2,4,4,4,4,3,4,2,3,2	b-D-GalpA	70%	4.53	3.45	3.59	4.22	4.15	-
1,2,4,2,4,4,4,4,3,4,2,3,3	a-D-GalpA	71%	5.30	4.02	4.17	4.59	4.54	-
1,2,4,2,4,4,4,4,3,4,2,3,3,3	b-D-GalpA	60%	4.72	3.63	3.84	4.35	4.33	-
1,2,4,2,4,4,4,4,3,4,2,3,3,3,4	a-D-ManpA	54%	4.90	3.98	3.83	3.74	4.21	-
