Linkage	Residue	Trust	C1	C2	C3	C4	C5	C6
	Me	83%	58.4
1	b-D-GlcpN	73%	101.5	55.8	82.8	70.2	76.3	62.1
1,2	Ac	88%	175.6	23.4
1,3	b-D-GlcpN	79%	102.2	56.7	73.4	80.9	75.6	60.8
1,3,2	Ac	88%	175.6	23.4
1,3,4	b-D-GlcpN	60%	102.2	56.4	74.8	71.7	77.2	62.0
1,3,4,2	Ac	88%	175.6	23.4
1,3,4,2	a-D-GalpA	42%	99.6	80.4	70.3	71.4	72.2	175.8
1,3,4,2,2	a-D-Manp	56%	94.1	70.6	70.9	78.9	74.2	62.2
1,3,4,2,2,4	b-D-Glcp	57%	103.6	81.6	76.3	68.8	75.9	64.0
1,3,4,2,2,4,6	S	
1,3,4,2,2,4,2	b-D-Glcp	63%	102.4	82.5	75.5	75.4	76.5	64.0
1,3,4,2,2,4,2,6	S	
1,3,4,2,2,4,2,2	b-D-Galp	56%	105.3	73.8	74.4	70.4	77.0	65.3
1,3,4,2,2,4,2,2,6	S	
1,3,4,2,2,4,2,2,2	a-D-GlcpN	49%	100.2	54.7	70.1	79.4	72.7	60.4
1,3,4,2,2,4,2,2,2,2	Ac	83%	175.3	23.3
1,3,4,2,2,4,2,2,2,6	S	
1,3,4,2,2,4,2,2,2,4	b-D-GlcpA	59%	103.4	73.1	84.3	69.9	77.2	178.8
1,3,4,2,2,4,2,2,2,4,3	b-D-Xylp	50%	104.0	72.9	84.0	70.7	66.4
1,3,4,2,2,4,2,2,2,4,3,3	b-D-Glcp	64%	103.4	73.9	85.8	69.2	78.0	62.7
1,3,4,2,2,4,2,2,2,4,3,3,3	b-D-GlcpN	61%	102.4	56.4	72.8	79.4	75.9	60.8
1,3,4,2,2,4,2,2,2,4,3,3,3,2	Ac	88%	175.6	23.4
1,3,4,2,2,4,2,2,2,4,3,3,3,4	b-D-Xylp	12%	103.0	74.8	76.2	72.9	65.5
1,3,4,2,2,4,2,2,2,4,3,3,3,4,3	a-D-GlcpA	63%	96.6	72.5	73.7	72.5	73.2	175.8
1,3,4,2,2,4,2,2,2,4,3,3,3,4,4	b-D-GlcpN	24%	102.2	56.4	78.0	70.7	76.1	65.7
1,3,4,2,2,4,2,2,2,4,3,3,3,4,4,2	Ac	88%	175.6	23.4
1,3,4,2,2,4,2,2,2,4,3,3,3,4,4,6	S	
1,3,4,2,2,4,2,2,2,4,3,3,3,4,4,3	b-L-Fucp	71%	104.5	71.7	73.7	73.8	71.9	16.8
