Linkage	Residue	Trust	H1	H2	H3	H4	H5	H6
	Me	95%	3.49
1	b-D-GlcpN	74%	4.48	3.77	3.79	3.51	3.45	3.75-3.93
1,2	Ac	98%	-	2.03
1,3	b-D-GlcpN	78%	4.59	3.67	3.76	3.58	3.54	3.54-3.74
1,3,2	Ac	98%	-	2.03
1,3,4	b-D-GlcpN	34%	4.69	3.60	3.66	3.41	3.42	3.76-3.90
1,3,4,2	Ac	98%	-	2.03
1,3,4,2	a-D-GalpA	15%	5.30	3.92	4.02	4.30	4.46	-
1,3,4,2,2	a-D-Manp	36%	5.15	4.07	3.89	3.76	3.62	3.79-3.95
1,3,4,2,2,4	b-D-Glcp	66%	4.62	3.65	3.78	3.46	3.55	4.10-4.19
1,3,4,2,2,4,6	S	
1,3,4,2,2,4,2	b-D-Glcp	66%	4.90	3.56	3.78	3.65	3.49	4.10-4.19
1,3,4,2,2,4,2,6	S	
1,3,4,2,2,4,2,2	b-D-Galp	35%	4.53	3.62	3.72	3.93	3.72	4-4.02
1,3,4,2,2,4,2,2,6	S	
1,3,4,2,2,4,2,2,2	a-D-GlcpN	50%	5.60	4.01	3.77	3.64	4.12	3.76-3.81
1,3,4,2,2,4,2,2,2,2	Ac	98%	-	2.05
1,3,4,2,2,4,2,2,2,6	S	
1,3,4,2,2,4,2,2,2,4	b-D-GlcpA	53%	4.46	3.56	3.75	3.62	3.92	-
1,3,4,2,2,4,2,2,2,4,3	b-D-Xylp	33%	4.60	3.55	4.15	3.61	3.33-4
1,3,4,2,2,4,2,2,2,4,3,3	b-D-Glcp	67%	4.73	3.42	3.66	3.49	3.44	3.75-3.96
1,3,4,2,2,4,2,2,2,4,3,3,3	b-D-GlcpN	58%	4.79	3.76	3.75	3.74	3.68	3.86-4.09
1,3,4,2,2,4,2,2,2,4,3,3,3,2	Ac	98%	-	2.03
1,3,4,2,2,4,2,2,2,4,3,3,3,4	b-D-Xylp	16%	4.48	3.38	3.49	3.66	3.35-3.99
1,3,4,2,2,4,2,2,2,4,3,3,3,4,3	a-D-GlcpA	37%	5.18	3.61	3.78	3.61	4.20	-
1,3,4,2,2,4,2,2,2,4,3,3,3,4,4	b-D-GlcpN	16%	4.70	3.58	3.72	3.51	3.43	4.09-4.16
1,3,4,2,2,4,2,2,2,4,3,3,3,4,4,2	Ac	98%	-	2.03
1,3,4,2,2,4,2,2,2,4,3,3,3,4,4,6	S	
1,3,4,2,2,4,2,2,2,4,3,3,3,4,4,3	b-L-Fucp	40%	4.65	3.54	3.62	3.79	3.91	1.19
