Linkage	Residue	Trust	C1	C2	C3	C4	C5	C6
	a-D-Glcp	67%	91.9	68.5	70.0	76.8	70.0	60.5
4	a-D-Glcp	76%	100.7	72.5	74.0	83.2	72.4	61.7
4,4	a-D-Glcp	62%	97.5	77.2	72.0	70.3	73.4	64.9
4,4,6	S	
4,4,2	a-D-Galp	49%	102.1	69.7	76.7	68.0	70.8	65.6
4,4,2,6	S	
4,4,2,3	a-D-Fucp	55%	99.5	69.6	70.0	78.9	68.2	17.4
4,4,2,3,4	b-D-GlcpN	64%	102.2	57.2	74.9	77.6	77.3	64.8
4,4,2,3,4,2	Ac	88%	175.6	23.4
4,4,2,3,4,6	S	
4,4,2,3,4,4	a-D-Galp	39%	101.2	69.2	74.5	68.6	73.0	62.8
4,4,2,3,4,4,3	S	
4,4,2,3,4,4,2	b-D-Manp	54%	102.5	71.3	74.1	78.3	77.1	61.8
4,4,2,3,4,4,2,4	b-D-GlcpN	44%	101.6	56.4	74.1	71.9	77.1	65.6
4,4,2,3,4,4,2,4,2	Ac	88%	175.6	23.4
4,4,2,3,4,4,2,4,6	S	
4,4,2,3,4,4,2,4,2	a-D-Galp	47%	99.0	68.4	80.5	70.1	71.8	65.6
4,4,2,3,4,4,2,4,2,6	S	
4,4,2,3,4,4,2,4,2,3	b-D-Fucp	54%	105.0	72.2	73.6	72.5	71.7	17.4
4,4,2,3,4,4,2,4,2,3,4	b-D-GlcpN	36%	102.2	56.4	74.1	70.7	77.3	65.9
4,4,2,3,4,4,2,4,2,3,4,2	Ac	88%	175.6	23.4
4,4,2,3,4,4,2,4,2,3,4,6	S	
4,4,2,3,4,4,2,4,2,3,4,2	a-D-Glcp	44%	99.2	82.2	70.9	68.8	72.3	64.9
4,4,2,3,4,4,2,4,2,3,4,2,6	S	
4,4,2,3,4,4,2,4,2,3,4,2,2	b-D-Glcp	62%	102.8	73.4	74.1	73.8	73.5	64.8
4,4,2,3,4,4,2,4,2,3,4,2,2,6	S	
4,4,2,3,4,4,2,4,2,3,4,2,2,4	a-D-Galp	69%	99.7	68.3	70.0	69.5	73.3	62.9
