Linkage	Residue	Trust	C1	C2	C3	C4	C5	C6	C7	C8	C9
	Me	83%	57.8
1	a-D-Xylp	21%	102.4	72.1	72.9	73.2	65.1
1,4	a-D-Xylp	41%	98.5	72.0	76.6	70.1	61.2
1,2	b-D-Manp	37%	102.4	71.3	72.0	76.1	73.1	61.3
1,2,4	a-D-Galp	43%	104.9	75.2	70.2	75.1	71.8	62.4
1,2,4,2	b-D-Glcp	76%	104.3	73.7	76.0	70.9	76.4	61.9
1,2,4,4	b-D-Galp	54%	104.6	72.2	76.4	78.6	75.7	61.4
1,2,4,4,3	S	
1,2,4,4,4	a-D-Galp	53%	101.3	76.9	69.9	69.9	71.0	65.7
1,2,4,4,4,6	S	
1,2,4,4,4,2	b-L-Fucp	25%	98.2	72.7	74.9	71.5	71.9	16.2
1,2,4,4,4,2,3	a-D-Xylp	54%	104.2	71.1	72.4	73.7	61.2
1,2,4,4,4,2,2	a-D-GalpA	54%	98.2	78.5	68.2	71.4	72.2	175.8
1,2,4,4,4,2,2,2	a-D-GlcpA	28%	99.7	78.7	79.9	72.5	73.1	175.9
1,2,4,4,4,2,2,2,3	b-D-Galp	66%	103.3	69.5	73.8	69.5	76.0	62.4
1,2,4,4,4,2,2,2,2	a-D-ManpA	36%	94.1	70.6	76.5	73.3	73.6	175.9
1,2,4,4,4,2,2,2,2,3	b-Neup	38%	173.6	96.9	40.2	67.4	54.2	70.7	69.8	73.1	64.1
1,2,4,4,4,2,2,2,2,3,5	Ac	83%	176.3	23.6
1,2,4,4,4,2,2,2,2,3,4	b-D-Xylp	45%	103.7	74.5	76.9	70.8	66.2
