Linkage	Residue	Trust	H1	H2	H3	H4	H5	H6	H7	H8	H9
	Me	95%	3.33
1	a-D-Xylp	0%	5.10	3.61	3.70	3.66	3.67-3.76
1,4	a-D-Xylp	33%	5.10	3.55	3.59	3.62	3.55-3.69
1,2	b-D-Manp	31%	4.78	4.02	3.83	3.82	3.77	4.02-4.10
1,2,4	a-D-Galp	43%	4.97	3.70	3.92	3.75	4.11	3.72-3.84
1,2,4,2	b-D-Glcp	77%	4.52	3.29	3.52	3.43	3.45	3.64-3.81
1,2,4,4	b-D-Galp	58%	4.90	3.68	4.36	3.92	3.77	3.77-3.89
1,2,4,4,3	S	
1,2,4,4,4	a-D-Galp	45%	5.21	3.90	3.92	4.06	4.47	3.99
1,2,4,4,4,6	S	
1,2,4,4,4,2	b-L-Fucp	19%	4.65	3.65	3.69	3.70	3.81	1.28
1,2,4,4,4,2,3	a-D-Xylp	57%	5.23	3.56	3.59	3.62	3.55-3.69
1,2,4,4,4,2,2	a-D-GalpA	18%	5.30	3.92	4.08	4.30	4.46	-
1,2,4,4,4,2,2,2	a-D-GlcpA	28%	5.30	3.69	3.45	3.63	4.24	-
1,2,4,4,4,2,2,2,3	b-D-Galp	68%	4.77	3.50	3.65	3.92	3.68	3.79-3.88
1,2,4,4,4,2,2,2,2	a-D-ManpA	21%	5.15	4.05	3.80	3.76	4.17	-
1,2,4,4,4,2,2,2,2,3	b-Neup	34%	-	-	1.82-2.27	4.15	3.82	4.25	3.58	3.86	3.64-3.87
1,2,4,4,4,2,2,2,2,3,5	Ac	95%	-	2.05
1,2,4,4,4,2,2,2,2,3,4	b-D-Xylp	30%	4.50	3.31	3.43	3.63	3.34-3.94
