Linkage	Residue	Trust	C1	C2	C3	C4	C5	C6
	Me	76%	56.2
1	a-L-Fucp	60%	99.2	69.7	68.2	70.9	70.2	17.1
1,3	a-L-Fucp	51%	104.1	71.1	72.5	78.5	67.6	15.4
1,3,4	b-D-Galp	52%	103.3	76.0	68.6	78.6	69.5	61.0
1,3,4,2	b-D-GalpA	65%	101.1	72.3	73.6	71.1	76.0	174.8
1,3,4,4	b-D-Glcp	49%	103.0	73.3	84.0	70.5	78.8	65.3
1,3,4,4,6	S	
1,3,4,4,3	a-D-GlcpA	35%	99.5	71.4	73.5	73.1	73.1	177.8
1,3,4,4,3,3	b-D-ManpA	48%	104.3	72.0	73.9	74.5	77.3	174.8
1,3,4,4,3,3,4	b-D-Glcp	58%	103.8	73.0	84.0	70.5	75.8	65.7
1,3,4,4,3,3,4,6	S	
1,3,4,4,3,3,4,3	a-D-Fucp	62%	96.4	73.6	70.8	72.9	68.2	16.5
1,3,4,4,3,3,4,3,2	a-D-Glcp	58%	98.1	72.0	81.8	69.1	72.6	61.5
1,3,4,4,3,3,4,3,2,3	b-D-Glcp	67%	103.7	73.2	83.1	72.4	77.0	61.8
1,3,4,4,3,3,4,3,2,3,3	a-D-Glcp	76%	100.4	70.0	72.6	71.2	72.2	61.6
