Linkage	Residue	Trust	H1	H2	H3	H4	H5	H6
	Me	97%	3.42
1	a-L-Fucp	68%	4.82	3.74	3.78	3.81	4.10	1.03
1,3	a-L-Fucp	44%	5.05	3.86	4.08	4.16	4.53	1.21
1,3,4	b-D-Galp	17%	4.53	3.62	3.52	4.13	3.97	3.82-3.98
1,3,4,2	b-D-GalpA	64%	4.72	3.60	3.90	4.22	4.15	-
1,3,4,4	b-D-Glcp	41%	4.56	3.42	3.68	3.59	3.51	4.08-4.15
1,3,4,4,6	S	
1,3,4,4,3	a-D-GlcpA	9%	5.62	3.65	3.75	3.69	4.24	-
1,3,4,4,3,3	b-D-ManpA	29%	4.72	3.62	3.84	3.83	3.84	-
1,3,4,4,3,3,4	b-D-Glcp	55%	4.54	3.38	3.68	3.59	3.57	4.10-4.17
1,3,4,4,3,3,4,6	S	
1,3,4,4,3,3,4,3	a-D-Fucp	52%	5.08	3.95	4.04	3.83	4.29	1.22
1,3,4,4,3,3,4,3,2	a-D-Glcp	56%	5.23	3.79	3.87	3.62	3.83	3.74-4.01
1,3,4,4,3,3,4,3,2,3	b-D-Glcp	81%	4.73	3.47	3.74	3.69	3.54	3.76-3.94
1,3,4,4,3,3,4,3,2,3,3	a-D-Glcp	46%	5.25	3.54	3.79	3.45	3.73	3.74-3.88
