Linkage	Residue	Trust	H1	H2	H3	H4	H5	H6	H7	H8	H9
	Me	97%	3.42
1	a-D-GlcpA	51%	4.82	3.64	3.87	4.06	4.20	-
1,3	a-D-GlcpA	28%	5.51	3.72	3.98	3.69	4.21	-
1,3,2	a-D-Galp	31%	5.31	3.91	3.97	4.28	4	3.72-3.75
1,3,2,3	S	
1,3,2,4	b-D-ManpA	9%	4.61	3.99	3.69	3.74	3.74	-
1,3,2,4,2	b-D-Glcp	69%	4.67	3.42	3.51	3.38	3.45	3.74-3.89
1,3,2,4,3	a-Neup	34%	-	-	1.76-2.73	3.73	3.86	3.74	3.58	3.86	3.64-3.87
1,3,2,4,3,5	Ac	99%	-	2.03
1,3,2,4,3,4	b-D-Manp	26%	4.83	4.12	3.75	3.92	3.50	3.73-3.88
1,3,2,4,3,4,3	a-Neup	34%	-	-	1.76-2.73	3.73	3.86	3.74	3.58	3.86	3.64-3.87
1,3,2,4,3,4,3,5	Ac	99%	-	2.03
1,3,2,4,3,4,3,4	b-D-Galp	34%	4.54	3.60	3.74	4.14	3.75	3.77-3.81
1,3,2,4,3,4,3,4,4	b-D-Galp	65%	4.38	3.27	3.52	3.75	3.75	3.57-3.93
1,3,2,4,3,4,3,4,4,4	b-D-GalpA	73%	4.73	3.57	3.67	4.22	4.15	-
1,3,2,4,3,4,3,4,4,2	b-D-GlcpA	58%	4.72	3.55	3.60	3.74	3.76	-
1,3,2,4,3,4,3,4,4,2,4	b-D-GlcpN	90%	4.60	3.88	3.87	3.61	3.54	3.80-3.96
1,3,2,4,3,4,3,4,4,2,4,2	Ac	98%	-	2.03
1,3,2,4,3,4,3,4,4,2,4,3	b-D-GalpA	84%	4.48	3.53	3.66	4.22	3.99	-
