Linkage	Residue	Trust	C1	C2	C3	C4	C5	C6	C7	C8	C9
	b-D-GlcpA	64%	96.7	74.8	85.5	78.0	77.3	175.4
3	b-D-GlcpA	60%	105.5	73.8	75.9	73.4	77.6	176.3
4	a-D-Galp	45%	98.2	69.2	74.5	70.3	71.6	61.9
4,3	S	
4,2	b-D-ManpA	33%	102.5	71.3	73.0	69.5	78.1	176.0
4,2,3	b-Neup	48%	173.6	96.9	40.9	78.0	51.4	70.7	69.8	71.9	64.6
4,2,3,5	Ac	83%	176.3	23.6
4,2,3,4	b-D-GlcpN	49%	103.2	55.7	82.8	69.3	76.1	65.7
4,2,3,4,2	Ac	88%	175.6	23.4
4,2,3,4,6	S	
4,2,3,4,3	b-D-Galp	67%	104.5	70.6	79.2	66.4	76.2	62.2
4,2,3,4,3,3	a-D-Galp	60%	96.8	68.6	74.3	70.2	71.8	62.1
4,2,3,4,3,3,3	b-Neup	54%	175.1	96.9	41.1	69.2	53.3	70.7	69.8	73.3	64.2
4,2,3,4,3,3,3,5	Ac	83%	176.3	23.6
