Linkage	Residue	Trust	C1	C2	C3	C4	C5	C6	C7	C8	C9
	Me	76%	56.2
1	a-D-Glcp	55%	102.2	76.3	81.4	70.1	71.7	68.7
1,2	a-D-Glcp	88%	97.3	72.6	74.1	70.7	73.2	61.7
1,3	a-D-Manp	53%	101.5	79.4	76.3	77.5	76.8	61.6
1,3,4	a-D-Xylp	60%	100.7	72.6	78.1	71.7	61.2
1,3,2	b-D-Galp	63%	102.2	70.9	72.6	78.4	75.5	61.2
1,3,2,6	S	
1,3,2,4	a-D-Glcp	36%	100.6	72.8	74.5	70.6	72.4	64.9
1,3,2,4,6	S	
1,3,2,4,3	b-Neup	33%	175.5	96.9	40.2	67.4	54.2	70.7	69.8	73.1	64.1
1,3,2,4,3,5	Ac	83%	176.3	23.6
1,3,2,4,3,4	b-D-Galp	41%	104.2	73.8	72.3	70.4	75.8	65.3
1,3,2,4,3,4,6	S	
1,3,2,4,3,4,2	a-D-GlcpN	52%	100.2	54.7	74.4	78.6	76.2	62.7
1,3,2,4,3,4,2,2	Ac	83%	175.3	23.3
1,3,2,4,3,4,2,4	a-D-GlcpN	43%	98.1	54.6	74.0	71.0	76.7	65.5
1,3,2,4,3,4,2,4,2	Ac	83%	175.3	23.3
1,3,2,4,3,4,2,4,6	S	
1,3,2,4,3,4,2,4,2	a-D-Galp	41%	99.0	77.8	70.4	71.6	71.8	62.1
1,3,2,4,3,4,2,4,2,2	b-D-Xylp	57%	104.6	74.0	76.2	70.8	66.2
