Linkage	Residue	Trust	H1	H2	H3	H4	H5	H6	H7	H8	H9
	Me	95%	3.44
1	a-D-Galp	47%	5	3.81	3.85	4.03	4.01	3.79-3.86
1,4	a-D-Galp	81%	5	3.93	3.97	4.25	4.37	3.70-3.79
1,4,4	b-D-Glcp	33%	4.48	3.60	3.71	3.52	3.57	3.72-3.83
1,4,4,2	a-D-Xylp	62%	5.22	3.51	3.59	3.61	3.55-3.69
1,4,4,4	b-D-GlcpN	66%	4.53	3.80	3.69	3.60	3.57	4.10-4.17
1,4,4,4,2	Ac	98%	-	2.03
1,4,4,4,6	S	
1,4,4,4,3	a-D-Fucp	55%	5.01	4.04	3.99	3.87	4.33	1.17
1,4,4,4,3,3	a-D-GlcpN	56%	5.24	3.96	3.84	3.67	3.94	3.69-3.82
1,4,4,4,3,3,2	Ac	98%	-	2.05
1,4,4,4,3,3,4	b-D-GlcpN	76%	4.55	3.73	3.81	3.70	3.61	3.81-3.86
1,4,4,4,3,3,4,2	Ac	98%	-	2.03
1,4,4,4,3,3,4,4	a-D-Glcp	74%	5.72	3.69	3.72	3.45	3.67	4.06-4.15
1,4,4,4,3,3,4,4,6	S	
1,4,4,4,3,3,4,4,2	b-D-GlcpN	63%	4.73	3.77	3.74	3.75	3.62	3.97-4.21
1,4,4,4,3,3,4,4,2,2	Ac	98%	-	2.03
1,4,4,4,3,3,4,4,2,6	S	
1,4,4,4,3,3,4,4,2,3	a-D-GlcpN	35%	5.20	3.78	3.83	3.38	3.63	3.81
1,4,4,4,3,3,4,4,2,3,2	Ac	98%	-	2.05
1,4,4,4,3,3,4,4,2,3,2	b-D-Xylp	0%	4.50	3.31	3.49	3.61	3.35-3.99
1,4,4,4,3,3,4,4,2,3,2,3	a-Neup	74%	-	-	1.84-2.71	3.69	3.82	3.62	3.58	3.87	3.64-3.87
1,4,4,4,3,3,4,4,2,3,2,3,5	Ac	99%	-	2.03
