Linkage	Residue	Trust	C1	C2	C3	C4	C5	C6	C7	C8	C9
	Me	84%	58.1
1	b-L-Fucp	48%	104.6	72.7	73.6	71.5	72.3	16.1
1,2	a-D-Galp	33%	98.0	69.0	74.2	70.2	71.8	65.9
1,2,6	S	
1,2,3	b-Neup	38%	175.1	96.9	40.2	67.4	54.2	70.7	69.8	73.1	64.1
1,2,3,5	Ac	83%	176.3	23.6
1,2,3,4	b-D-Manp	17%	101.2	73.1	75.4	67.8	77.1	62.1
1,2,3,4,2	b-L-Fucp	64%	105.2	72.8	73.7	73.7	71.9	15.8
1,2,3,4,3	b-L-Fucp	37%	103.9	72.9	73.7	80.2	71.7	18.2
1,2,3,4,3,4	a-D-Galp	46%	99.3	70.2	74.5	78.7	71.8	61.3
1,2,3,4,3,4,3	S	
1,2,3,4,3,4,4	a-D-Galp	58%	100.5	67.4	75.9	67.2	71.5	65.6
1,2,3,4,3,4,4,6	S	
1,2,3,4,3,4,4,3	a-D-GlcpN	69%	93.4	54.6	72.6	80.6	73.2	61.5
1,2,3,4,3,4,4,3,2	Ac	83%	175.3	23.3
1,2,3,4,3,4,4,3,4	b-D-GlcpN	57%	102.5	56.4	74.7	71.0	77.0	65.6
1,2,3,4,3,4,4,3,4,2	Ac	88%	175.6	23.4
1,2,3,4,3,4,4,3,4,6	S	
1,2,3,4,3,4,4,3,4,2	b-D-Galp	52%	104.2	76.5	79.6	68.9	75.7	61.8
1,2,3,4,3,4,4,3,4,2,3	S	
1,2,3,4,3,4,4,3,4,2,2	b-D-GlcpN	59%	101.9	56.8	75.5	77.6	77.0	65.6
1,2,3,4,3,4,4,3,4,2,2,2	Ac	88%	175.6	23.4
1,2,3,4,3,4,4,3,4,2,2,6	S	
1,2,3,4,3,4,4,3,4,2,2,4	a-D-Fucp	37%	104.9	75.2	74.2	72.1	68.3	16.4
1,2,3,4,3,4,4,3,4,2,2,4,2	b-D-GalpA	63%	106.0	72.9	73.6	71.1	76.0	174.8
1,2,3,4,3,4,4,3,4,2,2,4,3	a-D-ManpA	48%	96.0	79.0	71.9	73.3	73.1	175.8
1,2,3,4,3,4,4,3,4,2,2,4,3,2	b-D-Galp	29%	105.0	71.4	76.2	69.6	75.8	65.4
1,2,3,4,3,4,4,3,4,2,2,4,3,2,6	S	
1,2,3,4,3,4,4,3,4,2,2,4,3,2,3	b-Neup	63%	175.1	96.9	41.1	69.2	52.5	70.7	69.0	72.9	63.7
1,2,3,4,3,4,4,3,4,2,2,4,3,2,3,5	Ac	83%	176.3	23.6
