Linkage	Residue	Trust	H1	H2	H3	H4	H5	H6	H7	H8	H9
	Me	98%	3.57
1	b-L-Fucp	22%	4.65	3.65	3.68	3.86	3.85	1.24
1,2	a-D-Galp	30%	5.01	3.89	3.96	4.11	4.11	4-4.03
1,2,6	S	
1,2,3	b-Neup	34%	-	-	1.82-2.27	4.15	3.82	4.25	3.58	3.86	3.64-3.87
1,2,3,5	Ac	95%	-	2.05
1,2,3,4	b-D-Manp	13%	4.83	4.13	3.75	3.64	3.46	3.75-3.94
1,2,3,4,2	b-L-Fucp	36%	4.65	3.54	3.62	3.83	3.91	1.18
1,2,3,4,3	b-L-Fucp	23%	4.65	3.54	3.68	4.04	3.82	1.28
1,2,3,4,3,4	a-D-Galp	33%	5.14	3.90	4.79	4.04	4.04	3.79-3.87
1,2,3,4,3,4,3	S	
1,2,3,4,3,4,4	a-D-Galp	55%	5.17	4	3.90	4.48	4.18	4-4.03
1,2,3,4,3,4,4,6	S	
1,2,3,4,3,4,4,3	a-D-GlcpN	55%	5.13	3.99	3.84	3.66	3.94	3.58-3.70
1,2,3,4,3,4,4,3,2	Ac	98%	-	2.05
1,2,3,4,3,4,4,3,4	b-D-GlcpN	23%	4.69	3.60	3.66	3.41	3.49	4.06-4.13
1,2,3,4,3,4,4,3,4,2	Ac	98%	-	2.03
1,2,3,4,3,4,4,3,4,6	S	
1,2,3,4,3,4,4,3,4,2	b-D-Galp	47%	4.53	3.62	4.27	4.11	3.70	3.78-3.85
1,2,3,4,3,4,4,3,4,2,3	S	
1,2,3,4,3,4,4,3,4,2,2	b-D-GlcpN	40%	4.87	3.74	3.76	3.66	3.49	4.06-4.13
1,2,3,4,3,4,4,3,4,2,2,2	Ac	98%	-	2.03
1,2,3,4,3,4,4,3,4,2,2,6	S	
1,2,3,4,3,4,4,3,4,2,2,4	a-D-Fucp	20%	4.97	3.89	3.94	3.81	4.38	1.21
1,2,3,4,3,4,4,3,4,2,2,4,2	b-D-GalpA	59%	4.68	3.60	3.73	4.22	4.15	-
1,2,3,4,3,4,4,3,4,2,2,4,3	a-D-ManpA	46%	5.15	4.15	3.84	3.74	4.21	-
1,2,3,4,3,4,4,3,4,2,2,4,3,2	b-D-Galp	32%	4.50	3.60	3.78	4.11	3.73	4.01-4.03
1,2,3,4,3,4,4,3,4,2,2,4,3,2,6	S	
1,2,3,4,3,4,4,3,4,2,2,4,3,2,3	b-Neup	58%	-	-	1.82-2.27	3.66	3.82	4.23	3.59	3.82	3.63-3.84
1,2,3,4,3,4,4,3,4,2,2,4,3,2,3,5	Ac	95%	-	2.05
