Linkage	Residue	Trust	C1	C2	C3	C4	C5	C6
	Me	83%	58.4
1	b-D-GlcpN	73%	101.7	55.4	73.0	80.5	75.3	60.8
1,2	Ac	88%	175.6	23.4
1,4	b-D-GlcpN	67%	101.2	55.2	82.8	70.2	76.7	62.5
1,4,2	Ac	88%	175.6	23.4
1,4,3	b-D-GlcpN	61%	102.2	56.7	74.2	78.2	76.3	63.1
1,4,3,2	Ac	88%	175.6	23.4
1,4,3,4	a-L-Fucp	69%	102.0	68.6	78.4	73.5	67.8	16.5
1,4,3,4,3	a-D-Galp	53%	97.7	72.7	78.9	70.6	72.0	62.2
1,4,3,4,3,3	a-D-Fucp	74%	104.1	69.4	70.3	73.1	68.8	16.5
1,4,3,4,3,2	a-D-Galp	54%	99.4	71.6	75.6	75.8	71.2	61.6
1,4,3,4,3,2,3	S	
1,4,3,4,3,2,4	b-D-Galp	55%	103.6	75.2	73.8	69.9	75.3	65.4
1,4,3,4,3,2,4,6	S	
1,4,3,4,3,2,4,2	a-D-Glcp	68%	97.9	72.7	73.7	79.6	72.6	62.1
1,4,3,4,3,2,4,2,4	b-D-Fucp	69%	104.3	72.3	74.0	72.4	71.9	16.1
