Linkage	Residue	Trust	H1	H2	H3	H4	H5	H6
	Me	95%	3.49
1	b-D-GlcpN	35%	4.48	3.81	3.57	3.49	3.43	3.54-3.74
1,2	Ac	98%	-	2.03
1,4	b-D-GlcpN	72%	4.49	3.77	3.79	3.51	3.43	3.77-3.88
1,4,2	Ac	98%	-	2.03
1,4,3	b-D-GlcpN	66%	4.59	3.67	3.68	3.60	3.40	3.61-3.90
1,4,3,2	Ac	98%	-	2.03
1,4,3,4	a-L-Fucp	79%	5	4	3.87	3.91	4.44	1.21
1,4,3,4,3	a-D-Galp	35%	5.52	3.90	3.97	4.22	4.15	3.73-3.77
1,4,3,4,3,3	a-D-Fucp	61%	5.18	3.90	4.01	3.79	4.30	1.22
1,4,3,4,3,2	a-D-Galp	73%	5.28	4.17	4.14	4.42	4.47	3.74-3.78
1,4,3,4,3,2,3	S	
1,4,3,4,3,2,4	b-D-Galp	45%	4.69	3.62	3.74	3.97	3.87	4
1,4,3,4,3,2,4,6	S	
1,4,3,4,3,2,4,2	a-D-Glcp	31%	5.38	3.61	3.84	3.68	3.98	3.75-3.89
1,4,3,4,3,2,4,2,4	b-D-Fucp	72%	4.46	3.55	3.65	3.77	3.91	1.25
