Linkage	Residue	Trust	C1	C2	C3	C4	C5	C6	C7	C8	C9
	a-L-Fucp	61%	98.3	69.3	70.1	82.4	68.9	16.9
4	a-L-Fucp	67%	100.4	69.3	70.8	72.9	67.5	16.3
2	b-D-Galp	66%	105.7	73.2	72.9	77.6	73.6	63.6
2,6	S	
2,4	a-D-GlcpN	75%	99.8	54.1	81.8	69.8	73.3	61.4
2,4,2	Ac	83%	175.3	23.3
2,4,3	b-D-Glcp	59%	103.9	74.0	84.5	76.6	75.9	61.4
2,4,3,3	b-D-Fucp	67%	102.7	69.5	74.1	72.4	71.9	16.1
2,4,3,4	b-D-Galp	70%	104.1	71.3	83.0	76.3	75.7	62.2
2,4,3,4,3	S	
2,4,3,4,4	b-D-Glcp	42%	103.0	73.2	81.3	69.6	76.2	65.1
2,4,3,4,4,6	S	
2,4,3,4,4,3	a-Neup	49%	174.7	101.9	37.7	69.8	53.1	74.1	69.8	73.1	64.1
2,4,3,4,4,3,5	Ac	83%	54.9	25.1
2,4,3,4,4,3,4	b-L-Fucp	28%	98.2	72.2	74.9	76.8	71.7	16.5
2,4,3,4,4,3,4,3	a-D-GlcpN	34%	94.4	54.6	71.4	71.0	72.8	62.1
2,4,3,4,4,3,4,3,2	Ac	83%	175.3	23.3
2,4,3,4,4,3,4,3,2	b-D-GlcpN	14%	102.3	56.4	74.1	71.8	76.1	61.9
2,4,3,4,4,3,4,3,2,2	Ac	88%	175.6	23.4
2,4,3,4,4,3,4,3,2,4	b-L-Fucp	73%	104.1	72.0	73.7	73.1	71.9	16.5
