Linkage	Residue	Trust	H1	H2	H3	H4	H5	H6
	Me	95%	3.42
1	a-D-Manp	45%	4.65	4.08	3.91	3.84	3.92	3.70-3.90
1,4	a-D-Manp	58%	5.01	4.24	4.16	3.82	3.83	3.78-3.86
1,4,3	b-D-Manp	80%	4.82	4.11	3.71	3.61	3.41	3.76-3.95
1,4,3,2	a-D-ManpA	45%	5.34	4.11	3.83	3.76	4.11	-
1,4,3,2,2	a-D-Galp	62%	5.15	3.83	3.89	4	4.12	3.74-3.75
1,4,3,2,4	b-D-Glcp	57%	4.62	3.65	3.78	3.65	3.56	4.08-4.15
1,4,3,2,4,6	S	
1,4,3,2,4,2	b-D-Galp	36%	5.12	4.02	3.83	4.16	3.71	4.01
1,4,3,2,4,2,6	S	
1,4,3,2,4,2,3	b-D-Fucp	40%	4.86	3.63	3.77	4	3.82	1.20
1,4,3,2,4,2,3,4	a-D-Fucp	58%	5.01	3.84	3.87	3.79	4.30	1.22
