Linkage	Residue	Trust	C1	C2	C3	C4	C5	C6	C7	C8	C9
	Me	83%	56.0
1	a-D-GlcpN	65%	96.2	52.7	78.9	71.6	72.7	61.5
1,2	Ac	83%	175.3	23.3
1,3	a-D-GalpA	70%	101.1	68.3	79.8	70.6	72.7	174.8
1,3,3	b-D-GlcpA	67%	104.7	74.2	76.4	78.0	76.5	175.8
1,3,3,4	a-D-Manp	36%	99.7	73.9	71.3	77.4	75.0	61.8
1,3,3,4,4	a-D-GlcpA	64%	101.2	73.9	75.1	72.5	73.2	175.8
1,3,3,4,2	b-D-ManpA	55%	100.0	81.8	73.0	69.5	78.8	177.3
1,3,3,4,2,2	b-D-Glcp	58%	104.5	74.8	76.5	78.6	75.4	62.0
1,3,3,4,2,2,4	a-D-Galp	61%	100.6	69.0	78.9	77.3	73.1	61.0
1,3,3,4,2,2,4,3	S	
1,3,3,4,2,2,4,4	a-D-Galp	66%	100.8	77.8	70.3	70.4	71.4	66.0
1,3,3,4,2,2,4,4,6	S	
1,3,3,4,2,2,4,4,2	b-D-Galp	60%	105.2	73.8	73.8	70.4	75.7	65.3
1,3,3,4,2,2,4,4,2,6	S	
1,3,3,4,2,2,4,4,2,2	a-D-GlcpN	31%	100.2	54.7	71.4	70.4	72.7	61.9
1,3,3,4,2,2,4,4,2,2,2	Ac	83%	175.3	23.3
1,3,3,4,2,2,4,4,2,2,6	S	
1,3,3,4,2,2,4,4,2,2,4	a-D-Manp	43%	102.3	71.0	74.3	67.5	73.6	61.5
1,3,3,4,2,2,4,4,2,2,4,3	b-Neup	38%	173.6	96.9	40.2	67.4	54.2	70.7	69.8	73.1	64.1
1,3,3,4,2,2,4,4,2,2,4,3,5	Ac	83%	176.3	23.6
1,3,3,4,2,2,4,4,2,2,4,3,4	b-D-Glcp	23%	103.5	74.3	77.0	70.5	76.2	61.8
1,3,3,4,2,2,4,4,2,2,4,3,4,3	b-Neup	42%	173.6	96.9	37.5	72.7	54.2	70.7	69.8	73.1	64.1
1,3,3,4,2,2,4,4,2,2,4,3,4,3,5	Ac	83%	176.3	23.6
1,3,3,4,2,2,4,4,2,2,4,3,4,3,4	a-D-GlcpN	26%	96.2	54.6	71.4	70.6	72.7	65.5
1,3,3,4,2,2,4,4,2,2,4,3,4,3,4,2	Ac	83%	175.3	23.3
1,3,3,4,2,2,4,4,2,2,4,3,4,3,4,6	S	
1,3,3,4,2,2,4,4,2,2,4,3,4,3,4,2	b-D-GlcpN	57%	102.2	56.9	75.0	71.2	77.0	62.0
1,3,3,4,2,2,4,4,2,2,4,3,4,3,4,2,2	Ac	88%	175.6	23.4
