Linkage	Residue	Trust	C1	C2	C3	C4	C5	C6	C7	C8	C9
	b-D-Galp	59%	97.9	84.6	69.2	70.5	75.2	67.8
2	b-D-Galp	58%	107.0	72.3	73.1	78.2	75.2	66.1
2,6	S	
2,4	a-D-GalpA	57%	100.5	67.4	75.6	68.5	72.2	175.5
2,4,3	a-D-GlcpN	50%	95.6	54.7	73.4	73.9	68.4	62.6
2,4,3,2	Ac	83%	175.3	23.3
2,4,3,4	a-D-Galp	68%	97.2	74.2	69.4	70.4	76.6	66.0
2,4,3,4,6	S	
2,4,3,4,2	a-D-Galp	68%	96.7	69.3	70.3	77.6	71.8	63.6
2,4,3,4,2,6	S	
2,4,3,4,2,4	a-D-GlcpN	54%	99.6	54.1	78.4	72.0	76.2	65.7
2,4,3,4,2,4,2	Ac	83%	175.3	23.3
2,4,3,4,2,4,6	S	
2,4,3,4,2,4,3	a-D-Manp	72%	101.1	80.4	71.6	68.0	73.1	61.3
2,4,3,4,2,4,3,2	a-D-Galp	46%	102.4	67.5	72.8	69.1	71.8	65.9
2,4,3,4,2,4,3,2,6	S	
2,4,3,4,2,4,3,2,3	a-Neup	63%	173.8	99.8	39.4	70.0	53.3	74.4	69.8	73.3	64.2
2,4,3,4,2,4,3,2,3,5	Ac	83%	54.9	25.1
