Linkage	Residue	Trust	C1	C2	C3	C4	C5	C6	C7	C8	C9
	a-L-Fucp	82%	93.6	69.8	70.0	82.5	68.6	17.3
4	a-L-Fucp	50%	100.8	69.7	70.6	75.4	68.2	16.9
4,4	b-L-Fucp	57%	105.4	71.9	77.9	72.4	68.4	16.5
4,4,3	a-D-Galp	67%	93.0	72.7	70.2	70.6	72.4	62.6
4,4,3,2	a-D-Galp	71%	96.6	69.2	70.2	78.6	71.9	61.4
4,4,3,2,4	a-D-Galp	47%	104.6	69.4	76.7	68.0	71.5	61.7
4,4,3,2,4,6	S	
4,4,3,2,4,3	a-D-Galp	37%	97.9	68.7	74.3	69.6	71.9	62.3
4,4,3,2,4,3,3	b-Neup	49%	175.1	96.9	37.1	72.9	50.8	70.7	69.8	73.1	64.1
4,4,3,2,4,3,3,5	Ac	83%	176.3	23.6
4,4,3,2,4,3,3,4	a-D-Glcp	68%	95.7	72.7	74.1	70.5	73.1	61.6
