Linkage	Residue	Trust	C1	C2	C3	C4	C5	C6	C7	C8	C9
	Me	83%	57.7
1	b-D-ManpA	57%	101.9	69.1	80.8	69.5	76.6	176.5
1,3	b-D-ManpA	35%	98.2	72.0	73.0	74.5	77.0	176.2
1,3,4	b-L-Fucp	52%	103.7	71.7	77.9	71.6	68.4	17.3
1,3,4,3	a-D-Galp	48%	104.0	67.5	72.8	69.1	72.9	62.0
1,3,4,3,3	a-Neup	58%	174.0	100.9	38.3	75.6	50.8	74.1	69.8	73.1	64.1
1,3,4,3,3,5	Ac	83%	54.9	25.1
1,3,4,3,3,4	a-D-Galp	48%	96.3	77.8	69.9	70.2	71.8	66.0
1,3,4,3,3,4,6	S	
1,3,4,3,3,4,2	b-D-ManpA	46%	102.5	71.3	79.1	69.5	78.1	176.0
1,3,4,3,3,4,2,3	b-D-GalpA	67%	104.9	72.7	73.6	71.1	76.0	174.8
