Linkage	Residue	Trust	C1	C2	C3	C4	C5	C6
	a-D-Galp	82%	92.7	73.7	69.1	70.6	72.1	62.2
2	a-D-Galp	68%	96.6	69.2	70.2	79.7	71.9	62.0
2,4	b-D-Fucp	55%	104.8	72.0	83.3	72.8	71.7	16.4
2,4,3	b-D-GlcpN	37%	104.1	56.4	74.1	71.3	76.0	62.0
2,4,3,2	Ac	88%	175.6	23.4
2,4,3,2	a-D-Fucp	44%	100.4	77.9	70.1	72.9	68.2	16.5
2,4,3,2,2	b-D-Xylp	49%	102.4	79.2	75.7	69.2	65.5
2,4,3,2,2,2	a-D-Glcp	49%	98.4	72.6	73.3	73.8	72.3	61.1
2,4,3,2,2,2,6	S	
2,4,3,2,2,2,4	a-D-GlcpA	35%	104.9	72.7	71.3	81.2	73.1	175.9
2,4,3,2,2,2,4,4	b-D-ManpA	64%	101.1	71.5	73.6	69.5	76.6	176.5
2,4,3,2,2,2,4,2	b-D-GalpA	44%	106.0	84.6	69.2	71.2	75.7	174.8
2,4,3,2,2,2,4,2,2	a-D-Fucp	54%	100.2	77.9	70.1	72.9	68.2	16.5
2,4,3,2,2,2,4,2,2,2	b-D-Xylp	26%	102.4	74.3	76.2	70.8	65.5
2,4,3,2,2,2,4,2,2,2,2	b-D-Galp	56%	104.9	72.4	74.7	78.4	75.8	61.8
2,4,3,2,2,2,4,2,2,2,2,4	b-D-Xylp	66%	105.1	74.9	75.8	78.0	64.1
2,4,3,2,2,2,4,2,2,2,2,4,4	b-D-GlcpA	49%	102.2	79.7	76.5	72.9	76.8	176.2
2,4,3,2,2,2,4,2,2,2,2,4,4,2	b-D-Fucp	54%	102.5	80.3	78.1	72.4	71.7	16.1
2,4,3,2,2,2,4,2,2,2,2,4,4,2,2	b-D-GalpA	65%	101.1	72.3	73.6	71.1	76.0	174.8
