Linkage	Residue	Trust	H1	H2	H3	H4	H5	H6
	Me	97%	3.42
1	a-D-GlcpA	31%	5.46	3.69	3.83	3.54	4.16	-
1,4	a-D-GlcpA	66%	5	3.52	3.71	3.61	4.14	-
1,2	b-D-Xylp	4%	4.59	3.31	3.49	3.61	3.33-4
1,2,3	b-D-GlcpN	48%	4.73	3.80	3.76	3.66	3.54	3.75-3.87
1,2,3,2	Ac	98%	-	2.03
1,2,3,4	a-D-Fucp	20%	5.03	3.89	3.94	3.87	4.38	1.23
1,2,3,4,3	b-D-Manp	57%	4.90	4.04	3.64	3.57	3.38	3.72-3.77
1,2,3,4,2	a-D-Galp	36%	5.11	3.84	3.97	3.71	4.18	3.70-3.72
1,2,3,4,2,3	S	
1,2,3,4,2,4	a-D-GlcpN	47%	4.95	3.76	3.85	3.59	4.31	4.08-4.16
1,2,3,4,2,4,2	Ac	98%	-	2.05
1,2,3,4,2,4,6	S	
1,2,3,4,2,4,3	a-D-ManpA	8%	5	4.05	?	3.76	4.08	-
1,2,3,4,2,4,3,2	b-D-GlcpA	67%	4.51	3.39	3.51	3.55	3.73	-
1,2,3,4,2,4,3,4	b-D-GlcpN	29%	4.69	3.60	3.66	3.42	3.46	3.77-3.91
1,2,3,4,2,4,3,4,2	Ac	98%	-	2.03
1,2,3,4,2,4,3,4,2	a-D-GlcpN	24%	5.23	3.73	3.88	3.72	4.12	4.08-4.15
1,2,3,4,2,4,3,4,2,2	Ac	98%	-	2.05
1,2,3,4,2,4,3,4,2,6	S	
1,2,3,4,2,4,3,4,2,4	b-D-Fucp	73%	4.45	3.54	3.64	3.77	3.91	1.25
