Lineage	Residue	Trust	C1	C2	C3	C4	C5	C6	C7	C8	C9
	Me	98%	58.4
1	b-D-GlcpN	67%	103.4	62.7	75.0	71.2	77.2	62.3
1,2	Ac	99%	175.6	23.5
1,2	b-D-GlcpN	57%	103.5	61.7	73.8	71.2	77.1	62.3
1,2,2	Ac	99%	175.6	23.5
1,2,2	a-D-Galp	82%	99.1	69.7	70.8	79.8	70.5	64.9
1,2,2,6	S		
1,2,2,4	b-D-Galp	87%	105.3	71.8	74.4	78.2	75.6	62.1
1,2,2,4,4	b-D-GlcpN	57%	103.2	61.7	73.8	70.8	77.1	65.4
1,2,2,4,4,2	Ac	99%	175.6	23.5
1,2,2,4,4,6	S		175.6
1,2,2,4,4,2	a-D-Glcp	21%	99.0	72.3	79.5	70.4	72.5	64.9
1,2,2,4,4,2,6	S		
1,2,2,4,4,2,3	b-Neup	64%	176.1	101.4	40.1	76.6	51.7	71.1	69.6	72.5	64.3
1,2,2,4,4,2,3,5	Ac	86%	176.1	23.5
1,2,2,4,4,2,3,4	b-D-Glcp	62%	104.1	78.8	75.4	69.9	76.0	65.1
1,2,2,4,4,2,3,4,6	S		
1,2,2,4,4,2,3,4,2	a-D-ManpA	88%	101.0	71.2	71.5	70.3	74.5	177.6
