Linkage	Residue	Trust	C1	C2	C3	C4	C5	C6	C7	C8	C9
	Me	83%	58.4
1	b-D-GlcpN	48%	103.4	56.4	75.0	71.3	77.2	62.3
1,2	Ac	88%	175.6	23.4
1,2	b-D-GlcpN	26%	102.2	56.4	74.1	71.3	76.0	62.4
1,2,2	Ac	88%	175.6	23.4
1,2,2	a-D-Galp	43%	99.1	70.3	70.8	79.8	71.5	62.4
1,2,2,6	S	
1,2,2,4	b-D-Galp	60%	104.7	72.2	73.7	76.1	75.9	61.5
1,2,2,4,4	b-D-GlcpN	37%	102.2	56.4	74.1	70.7	77.6	65.9
1,2,2,4,4,2	Ac	88%	175.6	23.4
1,2,2,4,4,6	S	
1,2,2,4,4,2	a-D-Glcp	20%	99.2	72.5	74.5	70.6	72.4	64.9
1,2,2,4,4,2,6	S	
1,2,2,4,4,2,3	b-Neup	33%	175.5	96.9	40.2	67.4	54.2	70.7	69.8	73.1	64.1
1,2,2,4,4,2,3,5	Ac	83%	176.3	23.6
1,2,2,4,4,2,3,4	b-D-Glcp	29%	103.5	74.4	76.2	69.8	76.2	65.1
1,2,2,4,4,2,3,4,6	S	
1,2,2,4,4,2,3,4,2	a-D-ManpA	63%	101.5	70.9	71.3	69.5	73.2	175.8
