Linkage	Residue	Trust	H1	H2	H3	H4	H5	H6	H7	H8	H9
	Me	95%	3.49
1	b-D-GlcpN	34%	4.71	3.57	3.67	3.42	3.35	3.69-3.92
1,2	Ac	98%	-	2.03
1,2	b-D-GlcpN	30%	4.69	3.60	3.66	3.42	3.46	3.74-3.92
1,2,2	Ac	98%	-	2.03
1,2,2	a-D-Galp	39%	5.22	3.89	4.02	4.24	3.91	3.72-3.82
1,2,2,6	S	
1,2,2,4	b-D-Galp	66%	4.63	3.56	4.24	4.32	3.83	3.66-3.74
1,2,2,4,4	b-D-GlcpN	18%	4.69	3.60	3.66	3.61	3.44	4.06-4.13
1,2,2,4,4,2	Ac	98%	-	2.03
1,2,2,4,4,6	S	
1,2,2,4,4,2	a-D-Glcp	10%	5.19	3.58	3.81	3.48	3.96	4.08-4.16
1,2,2,4,4,2,6	S	
1,2,2,4,4,2,3	b-Neup	34%	-	-	1.82-2.27	4.15	3.82	4.25	3.58	3.86	3.64-3.87
1,2,2,4,4,2,3,5	Ac	95%	-	2.05
1,2,2,4,4,2,3,4	b-D-Glcp	29%	4.62	3.37	3.57	3.54	3.56	4.08-4.15
1,2,2,4,4,2,3,4,6	S	
1,2,2,4,4,2,3,4,2	a-D-ManpA	55%	5.12	4.02	3.83	3.74	4.21	-
