Lineage	Residue	Trust	C1	C2	C3	C4	C5	C6	C7	C8	C9	C10	C11
	Me	100%	58.5
1	b-D-GlcpNAc	13%	102.6	64.0	75.1	71.2	77.2	62.1	175.6	23.5
1,2	b-D-GlcpNAc	50%	103.5	61.7	73.8	71.2	77.2	62.1	175.6	23.5
1,2,2	a-D-Galp	75%	99.1	69.6	70.7	79.9	70.4	66.0
1,2,2,6	S	50%
1,2,2,4	b-D-Galp	100%	105.5	71.7	74.6	78.6	75.6	62.2
1,2,2,4,4	b-D-GlcpNAc	50%	104.3	61.7	73.8	70.8	76.4	64.6	175.6	23.5
1,2,2,4,4,6	S	50%
1,2,2,4,4,2	a-D-Glcp	13%	99.0	71.4	79.5	69.2	72.7	65.1
1,2,2,4,4,2,6	S	50%
1,2,2,4,4,2,3	b-Neup5Ac	63%	176.1	101.4	40.1	76.6	51.7	71.1	69.5	71.1	64.5	175.9	23.5
1,2,2,4,4,2,3,4	b-D-Glcp	50%	104.1	78.8	75.3	69.9	76.0	65.2
1,2,2,4,4,2,3,4,6	S	50%
1,2,2,4,4,2,3,4,2	a-D-ManpA	100%	100.8	71.3	71.5	70.4	74.6	178.0
