Linkage	Residue	Trust	C1	C2	C3	C4	C5	C6	C7	C8	C9
	Me	87%	58.0
1	b-D-Glcp	45%	103.8	73.6	81.3	79.7	75.8	61.2
1,4	b-D-Glcp	70%	103.4	74.0	76.5	70.4	76.9	61.8
1,3	a-Neup	60%	172.1	101.6	37.7	75.6	50.8	74.1	69.8	73.1	64.1
1,3,5	Ac	83%	54.9	25.1
1,3,4	a-D-Galp	59%	96.3	69.4	70.8	79.8	71.5	62.4
1,3,4,6	S	
1,3,4,4	b-D-Galp	61%	107.0	73.8	84.4	78.2	77.1	63.5
1,3,4,4,3	S	
1,3,4,4,4	b-D-Galp	50%	104.8	72.4	76.4	78.3	75.2	61.7
1,3,4,4,4,3	S	
1,3,4,4,4,4	a-D-Galp	52%	101.3	72.3	69.9	70.4	71.0	65.7
1,3,4,4,4,4,6	S	
1,3,4,4,4,4,2	a-D-GlcpN	50%	98.8	55.0	70.3	80.1	72.7	65.1
1,3,4,4,4,4,2,2	Ac	83%	175.3	23.3
1,3,4,4,4,4,2,6	S	
1,3,4,4,4,4,2,4	b-D-Galp	66%	104.1	72.2	73.5	77.9	76.1	62.0
1,3,4,4,4,4,2,4,6	S	
1,3,4,4,4,4,2,4,4	b-D-Galp	60%	103.3	75.2	74.1	70.4	75.4	65.7
1,3,4,4,4,4,2,4,4,6	S	
1,3,4,4,4,4,2,4,4,2	a-D-Galp	57%	98.4	69.7	70.8	79.8	71.5	62.4
1,3,4,4,4,4,2,4,4,2,6	S	
1,3,4,4,4,4,2,4,4,2,4	b-D-Galp	79%	104.7	72.2	73.7	69.6	75.9	61.8
