Linkage	Residue	Trust	H1	H2	H3	H4	H5	H6	H7	H8	H9
	Me	97%	3.58
1	b-D-Glcp	26%	4.40	3.36	3.58	3.50	3.60	3.79-3.91
1,4	b-D-Glcp	86%	4.51	3.31	3.50	3.40	3.49	3.73-3.91
1,3	a-Neup	66%	-	-	1.79-2.71	3.67	4	3.80	3.64	3.87	3.64-3.89
1,3,5	Ac	99%	-	2.03
1,3,4	a-D-Galp	63%	5.05	3.77	4.02	4.24	3.91	3.72-3.82
1,3,4,6	S	
1,3,4,4	b-D-Galp	79%	4.70	3.84	3.92	4.19	3.72	3.70-3.84
1,3,4,4,3	S	
1,3,4,4,4	b-D-Galp	53%	4.71	3.57	4.36	4.18	3.75	3.78-3.83
1,3,4,4,4,3	S	
1,3,4,4,4,4	a-D-Galp	44%	5.21	3.90	4.04	3.93	4.47	3.99
1,3,4,4,4,4,6	S	
1,3,4,4,4,4,2	a-D-GlcpN	70%	5.03	4.07	3.95	3.72	3.92	4.11-4.18
1,3,4,4,4,4,2,2	Ac	98%	-	2.05
1,3,4,4,4,4,2,6	S	
1,3,4,4,4,4,2,4	b-D-Galp	53%	4.52	3.64	3.72	4.12	3.74	3.79-3.86
1,3,4,4,4,4,2,4,6	S	
1,3,4,4,4,4,2,4,4	b-D-Galp	39%	4.48	3.62	3.74	4.05	3.76	3.99
1,3,4,4,4,4,2,4,4,6	S	
1,3,4,4,4,4,2,4,4,2	a-D-Galp	64%	5.18	3.93	4.02	4.24	3.91	3.72-3.82
1,3,4,4,4,4,2,4,4,2,6	S	
1,3,4,4,4,4,2,4,4,2,4	b-D-Galp	83%	4.63	3.56	3.68	3.83	3.72	3.73-3.79
