Linkage	Residue	Trust	H1	H2	H3	H4	H5	H6
	Me	97%	3.58
1	b-D-Glcp	66%	4.40	3.46	3.66	3.64	3.60	3.82-3.95
1,4	b-D-Glcp	49%	4.48	3.82	3.75	3.70	3.49	3.73-3.91
1,4,3	b-D-Manp	34%	4.84	4.13	3.75	3.71	3.46	3.62-3.97
1,4,3,3	a-L-Fucp	75%	5.07	3.84	4.04	3.87	4.57	1.26
1,4,3,2	a-D-GalpA	30%	5.30	3.92	4.04	4.30	4.89	-
1,4,3,2,2	a-D-GlcpN	51%	5.37	4.11	3.82	3.38	3.83	3.61-3.78
1,4,3,2,2,2	Ac	98%	-	2.05
1,4,3,2,2,3	b-D-GlcpA	58%	4.57	3.24	3.75	3.62	3.91	-
1,4,3,2,2,3,3	b-D-Galp	63%	4.85	3.51	4.06	3.65	3.62	3.75
1,4,3,2,2,3,3,4	a-L-Fucp	56%	5.07	3.75	3.92	3.88	4.42	1.27
1,4,3,2,2,3,3,4,4	b-D-Glcp	88%	4.58	3.38	3.51	3.39	3.43	3.64-3.87
