Lineage	Residue	Trust	C1	C2	C3	C4	C5	C6
	Me	91%	56.1
1	a-D-GlcpN	56%	97.6	59.0	71.8	71.1	73.1	61.9
1,2	Ac	98%	175.3	23.2
1,2	a-D-Galp	65%	96.9	79.6	69.2	70.7	71.2	66.0
1,2,6	S		
1,2,2	b-D-GlcpN	59%	102.1	64.5	75.1	70.8	76.6	65.3
1,2,2,2	Ac	99%	175.6	23.5
1,2,2,6	S		175.6
1,2,2,2	b-D-Galp	60%	104.5	73.6	77.1	68.5	75.6	61.6
1,2,2,2,3	S		
1,2,2,2,2	a-D-Glcp	81%	98.7	71.7	80.3	70.4	72.7	65.1
1,2,2,2,2,6	S		
1,2,2,2,2,3	a-D-GlcpA	88%	99.6	81.0	72.3	72.6	71.8	173.9
1,2,2,2,2,3,2	b-D-GlcpN	87%	103.5	57.0	73.8	80.6	75.8	61.7
1,2,2,2,2,3,2,2	Ac	99%	175.6	23.5
1,2,2,2,2,3,2,4	b-D-Manp	88%	101.1	79.0	75.0	68.0	77.3	62.2
1,2,2,2,2,3,2,4,2	a-D-GlcpA	87%	102.0	71.3	78.8	71.4	72.0	174.3
1,2,2,2,2,3,2,4,2,3	a-L-Fucp	95%	100.5	68.5	78.7	72.9	68.0	16.7
1,2,2,2,2,3,2,4,2,3,3	a-D-Glcp	91%	97.2	76.7	73.1	70.8	73.4	62.0
1,2,2,2,2,3,2,4,2,3,3,2	a-D-Glcp	92%	94.5	76.8	72.8	70.4	73.2	61.8
1,2,2,2,2,3,2,4,2,3,3,2,2	a-D-Fucp	58%	93.0	73.6	69.0	82.3	68.2	16.3
1,2,2,2,2,3,2,4,2,3,3,2,2,4	a-D-Fucp	91%	101.1	69.3	70.5	73.0	67.8	16.6
1,2,2,2,2,3,2,4,2,3,3,2,2,2	a-D-Glcp	72%	99.0	80.4	73.0	70.3	72.7	65.0
1,2,2,2,2,3,2,4,2,3,3,2,2,2,6	S		
1,2,2,2,2,3,2,4,2,3,3,2,2,2,2	b-D-Galp	73%	106.4	73.0	74.3	79.5	74.4	65.8
1,2,2,2,2,3,2,4,2,3,3,2,2,2,2,6	S		
1,2,2,2,2,3,2,4,2,3,3,2,2,2,2,4	b-D-GalpA	91%	104.9	71.3	74.2	71.4	75.9	173.9
