Linkage	Residue	Trust	C1	C2	C3	C4	C5	C6
	Me	83%	56.0
1	a-D-GlcpN	50%	98.2	54.5	72.1	71.1	73.1	61.8
1,2	Ac	83%	175.3	23.3
1,2	a-D-Galp	47%	99.0	79.9	69.1	70.7	71.8	66.0
1,2,6	S	
1,2,2	b-D-GlcpN	39%	101.9	56.4	74.1	70.7	76.9	65.6
1,2,2,2	Ac	88%	175.6	23.4
1,2,2,6	S	
1,2,2,2	b-D-Galp	60%	104.2	73.0	76.8	68.3	75.3	61.5
1,2,2,2,3	S	
1,2,2,2,2	a-D-Glcp	55%	97.9	72.7	81.0	71.4	72.6	65.1
1,2,2,2,2,6	S	
1,2,2,2,2,3	a-D-GlcpA	45%	100.3	81.3	74.1	73.2	73.4	175.8
1,2,2,2,2,3,2	b-D-GlcpN	59%	102.0	56.8	75.2	81.7	75.3	62.8
1,2,2,2,2,3,2,2	Ac	88%	175.6	23.4
1,2,2,2,2,3,2,4	b-D-Manp	66%	101.3	75.8	75.6	68.2	77.2	62.0
1,2,2,2,2,3,2,4,2	a-D-GlcpA	58%	101.1	75.7	80.7	71.9	73.2	177.2
1,2,2,2,2,3,2,4,2,3	a-L-Fucp	75%	100.2	68.3	78.8	73.0	68.1	16.7
1,2,2,2,2,3,2,4,2,3,3	a-D-Glcp	81%	93.0	76.7	74.3	70.5	73.9	62.3
1,2,2,2,2,3,2,4,2,3,3,2	a-D-Glcp	72%	93.2	76.8	73.3	67.7	73.1	61.7
1,2,2,2,2,3,2,4,2,3,3,2,2	a-D-Fucp	45%	92.7	73.5	69.1	75.1	68.2	16.5
1,2,2,2,2,3,2,4,2,3,3,2,2,4	a-D-Fucp	67%	100.4	69.3	70.8	72.9	67.5	16.3
1,2,2,2,2,3,2,4,2,3,3,2,2,2	a-D-Glcp	59%	103.0	78.9	74.5	70.7	72.6	64.9
1,2,2,2,2,3,2,4,2,3,3,2,2,2,6	S	
1,2,2,2,2,3,2,4,2,3,3,2,2,2,2	b-D-Galp	56%	107.4	75.0	73.7	81.4	74.4	65.6
1,2,2,2,2,3,2,4,2,3,3,2,2,2,2,6	S	
1,2,2,2,2,3,2,4,2,3,3,2,2,2,2,4	b-D-GalpA	72%	102.0	72.6	74.1	71.1	76.0	174.8
