Linkage	Residue	Trust	H1	H2	H3	H4	H5	H6
	Me	95%	3.41
1	a-D-GlcpN	27%	5.24	3.75	3.83	3.55	3.83	3.78-3.90
1,2	Ac	98%	-	2.05
1,2	a-D-Galp	38%	5.21	3.90	3.95	3.99	4.25	4-4.04
1,2,6	S	
1,2,2	b-D-GlcpN	25%	4.69	3.60	3.66	3.57	3.40	4.06-4.13
1,2,2,2	Ac	98%	-	2.03
1,2,2,6	S	
1,2,2,2	b-D-Galp	49%	4.53	3.62	4.24	4.23	3.72	3.75
1,2,2,2,3	S	
1,2,2,2,2	a-D-Glcp	33%	5.38	4.05	3.90	3.69	3.99	4.06-4.14
1,2,2,2,2,6	S	
1,2,2,2,2,3	a-D-GlcpA	34%	5.20	3.69	3.72	3.51	4.01	-
1,2,2,2,2,3,2	b-D-GlcpN	68%	4.64	3.74	3.78	3.72	3.52	3.74-3.82
1,2,2,2,2,3,2,2	Ac	98%	-	2.03
1,2,2,2,2,3,2,4	b-D-Manp	69%	4.79	4.29	3.78	3.83	3.44	3.71-3.89
1,2,2,2,2,3,2,4,2	a-D-GlcpA	51%	5.13	3.65	3.88	3.62	4.73	-
1,2,2,2,2,3,2,4,2,3	a-L-Fucp	75%	5.27	4.01	3.93	3.95	4.34	1.19
1,2,2,2,2,3,2,4,2,3,3	a-D-Glcp	66%	5.52	3.99	3.86	3.48	3.85	3.76-3.85
1,2,2,2,2,3,2,4,2,3,3,2	a-D-Glcp	80%	5.55	3.73	3.98	3.45	3.91	3.78-3.86
1,2,2,2,2,3,2,4,2,3,3,2,2	a-D-Fucp	35%	5.60	3.97	3.91	4	4.32	1.23
1,2,2,2,2,3,2,4,2,3,3,2,2,4	a-D-Fucp	81%	5.19	3.81	3.87	3.85	4.30	1.21
1,2,2,2,2,3,2,4,2,3,3,2,2,2	a-D-Glcp	27%	5.18	3.59	4.05	3.70	3.83	4.06-4.15
1,2,2,2,2,3,2,4,2,3,3,2,2,2,6	S	
1,2,2,2,2,3,2,4,2,3,3,2,2,2,2	b-D-Galp	53%	4.60	3.66	3.76	4.23	3.76	3.99
1,2,2,2,2,3,2,4,2,3,3,2,2,2,2,6	S	
1,2,2,2,2,3,2,4,2,3,3,2,2,2,2,4	b-D-GalpA	73%	4.73	3.57	3.67	4.22	4.15	-
