Lineage	Residue	Trust	C1	C2	C3	C4	C5	C6	C7	C8
	Me	100%	56.2
1	a-D-GlcpNAc	38%	97.0	59.0	70.7	71.4	72.8	61.9	175.4	23.2
1,2	a-D-Galp	50%	96.9	79.2	69.4	70.6	71.1	66.0
1,2,6	S	50%
1,2,2	b-D-GlcpNAc	50%	102.5	64.5	75.1	70.8	76.4	64.6	175.6	23.5
1,2,2,6	S	50%
1,2,2,2	b-D-Galp	50%	104.5	74.8	77.9	69.7	76.3	62.2
1,2,2,2,3	S	50%
1,2,2,2,2	a-D-Glcp	88%	99.2	71.2	80.3	70.1	72.7	65.1
1,2,2,2,2,6	S	50%
1,2,2,2,2,3	a-D-GlcpA	100%	99.6	81.0	72.3	72.5	71.7	173.5
1,2,2,2,2,3,2	b-D-GlcpNAc	100%	103.8	57.0	73.7	80.2	75.9	61.3	175.6	23.5
1,2,2,2,2,3,2,4	b-D-Manp	100%	101.0	79.3	74.9	67.9	77.4	62.3
1,2,2,2,2,3,2,4,2	a-D-GlcpA	100%	102.1	70.8	78.5	71.2	71.7	173.5
1,2,2,2,2,3,2,4,2,3	a-L-Fucp	100%	100.6	68.6	78.7	72.8	68.0	16.7
1,2,2,2,2,3,2,4,2,3,3	a-D-Glcp	100%	99.8	76.7	72.7	70.9	73.2	61.9
1,2,2,2,2,3,2,4,2,3,3,2	a-D-Glcp	100%	94.9	76.7	72.7	70.9	73.2	61.9
1,2,2,2,2,3,2,4,2,3,3,2,2	a-D-Fucp	38%	94.5	74.0	68.6	82.3	68.1	16.0
1,2,2,2,2,3,2,4,2,3,3,2,2,4	a-D-Fucp	100%	101.3	69.2	70.4	73.0	67.9	16.7
1,2,2,2,2,3,2,4,2,3,3,2,2,2	a-D-Glcp	75%	96.8	81.4	72.3	70.2	72.7	65.1
1,2,2,2,2,3,2,4,2,3,3,2,2,2,6	S	50%
1,2,2,2,2,3,2,4,2,3,3,2,2,2,2	b-D-Galp	75%	105.5	71.8	74.4	78.6	74.5	65.8
1,2,2,2,2,3,2,4,2,3,3,2,2,2,2,6	S	50%
1,2,2,2,2,3,2,4,2,3,3,2,2,2,2,4	b-D-GalpA	100%	106.0	70.4	74.3	71.6	75.9	173.8
