Linkage	Residue	Trust	C1	C2	C3	C4	C5	C6
	Me	76%	56.2
1	a-D-GlcpA	48%	99.7	74.4	72.8	73.0	73.3	175.9
1,2	a-D-GlcpA	85%	97.1	72.6	74.1	73.2	73.6	175.8
1,3	a-D-GlcpA	51%	99.5	72.5	81.3	73.4	73.1	174.2
1,3,3	a-D-GlcpN	35%	99.2	54.6	71.4	71.0	72.8	61.7
1,3,3,2	Ac	83%	175.3	23.3
1,3,3,2	a-D-GlcpN	55%	96.1	53.8	80.4	69.8	72.8	61.3
1,3,3,2,2	Ac	83%	175.3	23.3
1,3,3,2,3	b-D-GlcpN	66%	102.3	56.8	73.9	77.6	76.4	61.6
1,3,3,2,3,2	Ac	88%	175.6	23.4
1,3,3,2,3,4	a-D-Xylp	50%	100.0	72.2	68.8	77.8	61.0
1,3,3,2,3,4,4	a-D-ManpA	40%	101.2	80.4	68.8	73.3	73.1	175.8
1,3,3,2,3,4,4,2	a-D-GlcpN	54%	96.1	54.4	70.5	79.4	72.7	63.5
1,3,3,2,3,4,4,2,2	Ac	83%	175.3	23.3
1,3,3,2,3,4,4,2,6	S	
1,3,3,2,3,4,4,2,4	b-D-Glcp	64%	101.2	78.3	77.1	69.9	77.6	65.1
1,3,3,2,3,4,4,2,4,6	S	
1,3,3,2,3,4,4,2,4,2	a-D-Galp	53%	98.0	69.3	74.5	75.5	71.9	61.8
1,3,3,2,3,4,4,2,4,2,3	S	
1,3,3,2,3,4,4,2,4,2,4	b-D-GlcpN	46%	102.5	56.4	74.1	71.3	77.0	61.6
1,3,3,2,3,4,4,2,4,2,4,2	Ac	88%	175.6	23.4
1,3,3,2,3,4,4,2,4,2,4,2	a-D-Xylp	41%	98.5	72.7	73.2	70.4	62.4
1,3,3,2,3,4,4,2,4,2,4,2,2	a-D-Xylp	50%	99.6	72.6	73.1	73.7	62.6
