Linkage	Residue	Trust	H1	H2	H3	H4	H5	H6
	Me	97%	3.42
1	a-D-GlcpA	35%	5.20	3.23	3.74	4.06	4.57	-
1,2	a-D-GlcpA	92%	5.25	3.62	3.81	3.51	4.17	-
1,3	a-D-GlcpA	49%	5.91	3.65	3.78	3.81	4.38	-
1,3,3	a-D-GlcpN	30%	5.20	3.78	3.83	3.55	4.02	3.74-3.94
1,3,3,2	Ac	98%	-	2.05
1,3,3,2	a-D-GlcpN	44%	5.22	3.76	3.92	3.59	3.99	3.80-3.86
1,3,3,2,2	Ac	98%	-	2.05
1,3,3,2,3	b-D-GlcpN	65%	4.59	3.71	3.76	3.66	3.54	3.78-3.95
1,3,3,2,3,2	Ac	98%	-	2.03
1,3,3,2,3,4	a-D-Xylp	58%	5.25	3.60	4	3.91	3.69
1,3,3,2,3,4,4	a-D-ManpA	20%	5	4.05	4.06	3.74	4.21	-
1,3,3,2,3,4,4,2	a-D-GlcpN	43%	5.18	3.84	3.87	3.67	4.32	4.10-4.29
1,3,3,2,3,4,4,2,2	Ac	98%	-	2.05
1,3,3,2,3,4,4,2,6	S	
1,3,3,2,3,4,4,2,4	b-D-Glcp	74%	4.70	3.48	3.58	3.51	3.44	4.08-4.15
1,3,3,2,3,4,4,2,4,6	S	
1,3,3,2,3,4,4,2,4,2	a-D-Galp	44%	5.46	4.03	3.97	4.27	3.91	3.79-3.85
1,3,3,2,3,4,4,2,4,2,3	S	
1,3,3,2,3,4,4,2,4,2,4	b-D-GlcpN	36%	4.69	3.60	3.66	3.42	3.39	3.79-3.85
1,3,3,2,3,4,4,2,4,2,4,2	Ac	98%	-	2.03
1,3,3,2,3,4,4,2,4,2,4,2	a-D-Xylp	12%	5.10	3.61	3.80	3.65	3.82
1,3,3,2,3,4,4,2,4,2,4,2,2	a-D-Xylp	59%	5.22	3.54	3.81	3.62	3.89
