Linkage	Residue	Trust	H1	H2	H3	H4	H5	H6
	a-L-Fucp	75%	5.25	3.88	4.01	3.90	4.40	1.36
4	a-L-Fucp	70%	4.98	4.06	4.07	4.13	4.58	1.28
4,4	b-D-GlcpA	78%	4.58	3.45	3.53	3.60	3.72	-
4,3	a-D-GalpA	31%	5.30	3.92	4.02	4.39	4.67	-
4,3,2	a-D-Manp	29%	5.12	4.02	3.92	3.82	3.87	3.69-3.97
4,3,2,4	b-L-Fucp	24%	4.65	3.54	3.69	3.97	3.82	1.18
4,3,2,4,3	b-D-Glcp	53%	4.62	3.36	3.66	3.49	3.49	3.75-3.92
4,3,2,4,3,3	b-D-GlcpN	65%	4.79	3.76	3.74	3.74	3.68	3.79-3.94
4,3,2,4,3,3,2	Ac	98%	-	2.03
4,3,2,4,3,3,4	b-D-Glcp	70%	4.49	3.45	3.85	3.43	3.55	3.77-3.95
4,3,2,4,3,3,4,6	S	
4,3,2,4,3,3,4,3	a-L-Fucp	41%	5.10	3.89	3.80	3.77	4.47	1.21
4,3,2,4,3,3,4,3,2	a-D-Manp	29%	5.17	4.23	3.92	3.82	3.87	3.73-3.85
4,3,2,4,3,3,4,3,2,4	b-L-Fucp	36%	4.65	3.54	3.62	3.77	3.91	1.18
