Linkage	Residue	Trust	C1	C2	C3	C4	C5	C6
	Me	83%	56.0
1	a-D-GlcpN	50%	98.2	54.5	72.1	71.1	73.1	61.8
1,2	Ac	83%	175.3	23.3
1,2	a-D-Galp	47%	99.0	73.5	69.0	69.9	71.8	66.0
1,2,6	S	
1,2,2	a-D-Glcp	72%	93.3	76.3	72.8	70.3	73.3	64.9
1,2,2,6	S	
1,2,2,2	a-D-Galp	61%	103.0	77.5	73.7	71.5	72.1	62.3
1,2,2,2,3	S	
1,2,2,2,2	b-D-Galp	57%	105.2	75.2	73.8	69.9	75.7	65.4
1,2,2,2,2,6	S	
1,2,2,2,2,2	a-D-Glcp	63%	97.9	72.7	73.7	78.9	70.7	63.5
1,2,2,2,2,2,6	S	
1,2,2,2,2,2,4	b-D-Glcp	76%	102.1	75.1	83.1	69.8	77.1	62.9
1,2,2,2,2,2,4,6	S	
1,2,2,2,2,2,4,3	a-L-Fucp	38%	99.6	69.3	70.7	72.9	67.9	17.1
1,2,2,2,2,2,4,3,2	b-D-ManpA	51%	101.3	78.0	73.3	69.5	77.0	176.5
1,2,2,2,2,2,4,3,2,2	b-D-ManpA	53%	102.3	71.7	81.7	69.5	77.4	175.3
1,2,2,2,2,2,4,3,2,2,3	a-D-Galp	55%	96.8	77.8	70.3	71.4	71.4	63.1
1,2,2,2,2,2,4,3,2,2,3,2	b-D-GlcpA	67%	106.0	75.2	77.3	73.6	78.1	176.0
