Linkage	Residue	Trust	C1	C2	C3	C4	C5	C6
	a-D-GlcpN	80%	91.6	54.4	71.0	80.6	71.6	61.1
2	Ac	83%	175.3	23.3
4	b-D-GlcpN	69%	101.6	55.0	74.7	81.7	77.0	62.8
4,2	Ac	88%	175.6	23.4
4,4	b-D-Manp	78%	103.0	72.9	83.7	67.9	77.0	68.4
4,4,6	a-D-Manp	79%	102.5	72.1	81.5	68.3	65.5	68.2
4,4,6,6	a-D-Manp	76%	101.6	70.7	71.3	68.1	73.7	61.9
4,4,6,3	a-D-Manp	85%	103.0	70.8	71.3	67.6	74.2	61.7
4,4,3	a-D-Manp	70%	102.3	79.9	71.6	68.5	74.8	62.7
4,4,3,2	a-D-Manp	81%	102.1	79.9	71.1	67.9	74.4	62.1
4,4,3,2,2	a-D-Manp	76%	103.6	71.6	71.7	68.2	74.8	62.4
