Linkage	Residue	Trust	H1	H2	H3	H4	H5	H6
	b-D-ManpA	34%	4.91	4.14	3.85	3.65	3.67	-
3	b-D-ManpA	22%	4.86	3.99	3.74	3.74	3.68	-
3,3	a-D-GalpA	16%	5.17	3.92	4.03	4.36	4.51	-
3,3,2	a-D-ManpA	55%	5.12	4.02	3.83	3.74	4.21	-
3,3,4	b-D-GlcpN	65%	4.50	3.68	3.75	3.73	3.48	3.65-3.95
3,3,4,2	Ac	98%	-	2.03
3,3,4,6	S	
3,3,4,4	a-D-Galp	47%	5.44	3.83	3.97	4.27	3.91	3.75-3.81
3,3,4,4,3	S	
3,3,4,4,4	b-D-GlcpN	29%	4.69	3.60	3.66	3.73	3.33	4.10-4.19
3,3,4,4,4,2	Ac	98%	-	2.03
3,3,4,4,4,6	S	
3,3,4,4,4,2	b-D-Glcp	36%	4.61	3.36	3.64	3.71	3.68	4.06-4.16
3,3,4,4,4,2,6	S	
3,3,4,4,4,2,4	b-D-Fucp	19%	4.62	3.65	3.68	3.79	3.82	1.52
3,3,4,4,4,2,4,4	a-D-Fucp	58%	5.01	3.84	3.87	3.79	4.30	1.22
3,3,4,4,4,2,4,2	b-D-Glcp	38%	4.63	3.36	3.75	3.66	3.74	4.08-4.15
3,3,4,4,4,2,4,2,6	S	
3,3,4,4,4,2,4,2,3	b-D-ManpA	8%	4.61	3.99	3.69	3.74	3.75	-
3,3,4,4,4,2,4,2,3,3	b-D-GlcpA	63%	4.75	3.44	3.51	3.55	3.73	-
3,3,4,4,4,2,4,2,3,2	b-D-Fucp	23%	4.45	3.54	3.70	3.73	3.82	1.24
3,3,4,4,4,2,4,2,3,2,3	b-D-ManpA	25%	4.89	3.99	3.78	3.74	3.68	-
3,3,4,4,4,2,4,2,3,2,3,3	a-D-GlcpA	41%	5.22	3.58	3.78	3.61	4.20	-
