Linkage	Residue	Trust	H1	H2	H3	H4	H5	H6	H7	H8	H9
	Me	97%	3.53
1	b-D-Manp	21%	4.95	4.13	3.72	3.64	3.60	3.52-4.04
1,2	b-D-Manp	93%	4.92	4.16	3.64	3.57	3.39	3.73-3.92
1,4	b-D-Glcp	73%	4.58	3.37	3.66	3.64	3.60	3.83-4.02
1,4,4	b-D-Galp	73%	4.50	3.62	3.76	4.07	3.70	3.71-3.82
1,4,4,6	S	
1,4,4,4	b-D-GlcpN	18%	4.69	3.60	3.66	3.61	3.44	4.06-4.13
1,4,4,4,2	Ac	98%	-	2.03
1,4,4,4,6	S	
1,4,4,4,2	b-L-Fucp	7%	4.65	3.54	3.68	3.79	3.82	1.32
1,4,4,4,2,4	a-D-GlcpN	16%	5.12	3.77	3.86	3.60	3.90	3.73-3.88
1,4,4,4,2,4,2	Ac	98%	-	2.05
1,4,4,4,2,4,3	a-Neup	34%	-	-	1.76-2.73	3.73	3.86	3.74	3.58	3.86	3.64-3.87
1,4,4,4,2,4,3,5	Ac	99%	-	2.03
1,4,4,4,2,4,3,4	b-D-Galp	32%	4.54	3.60	3.70	3.98	3.75	3.82-3.90
1,4,4,4,2,4,3,4,6	S	
1,4,4,4,2,4,3,4,4	a-D-Glcp	72%	5.01	3.42	3.87	3.60	4.18	3.70
1,4,4,4,2,4,3,4,4,6	S	
1,4,4,4,2,4,3,4,4,4	a-D-GlcpN	20%	5.20	3.78	3.83	3.68	3.68	3.68-3.77
1,4,4,4,2,4,3,4,4,4,2	Ac	98%	-	2.05
1,4,4,4,2,4,3,4,4,4,2	a-D-Manp	36%	5.17	4.14	3.86	3.70	3.78	3.76-3.88
