Linkage	Residue	Trust	C1	C2	C3	C4	C5	C6	C7	C8	C9
	b-D-Glcp	85%	97.0	75.1	75.7	79.6	76.0	61.4
4	b-D-Galp	89%	104.0	71.1	83.2	69.4	76.1	62.1
4,3	b-D-GlcpN	67%	103.3	56.8	75.6	73.8	75.9	60.7
4,3,2	Ac	88%	175.6	23.4
4,3,4	b-D-Galp	82%	104.1	71.4	83.2	69.1	75.3	62.1
4,3,4,3	b-D-GlcpN	67%	103.3	56.8	75.6	73.8	75.9	60.7
4,3,4,3,2	Ac	88%	175.6	23.4
4,3,4,3,4	b-D-Galp	76%	104.2	71.7	73.7	69.4	76.4	62.3
4,3,4,3,4,3	a-Neup	80%	173.8	99.8	39.4	69.5	52.5	73.8	69.0	72.9	63.7
4,3,4,3,4,3,5	Ac	83%	54.9	25.1
4,3,4,3,3	a-L-Fucp	70%	102.1	69.9	71.4	73.8	68.8	17.2
4,3,3	a-L-Fucp	70%	102.1	69.9	71.4	73.8	68.8	17.2
