Linkage	Residue	Trust	H1	H2	H3	H4	H5	H6
	Me	97%	3.42
1	a-D-Glcp	55%	5.46	3.69	3.86	3.48	3.88	3.78-3.90
1,2	a-D-Glcp	31%	5.14	3.57	3.90	3.75	3.79	3.71-3.84
1,2,4	a-D-Galp	25%	5.17	3.68	3.97	3.71	4.18	3.70-3.72
1,2,4,3	S	
1,2,4,4	a-D-GlcpN	29%	5.20	3.78	3.83	3.71	3.89	3.93-3.99
1,2,4,4,2	Ac	98%	-	2.05
1,2,4,4,2	a-D-Galp	40%	5.22	3.89	3.94	4.24	3.91	3.74
1,2,4,4,2,3	a-D-GalpA	49%	5.27	3.85	3.80	4.37	4.80	-
1,2,4,4,2,3,4	b-D-Galp	39%	4.65	3.97	3.88	4.12	3.82	3.72-3.84
1,2,4,4,2,3,4,6	S	
1,2,4,4,2,3,4,4	b-D-Glcp	46%	4.62	3.37	3.59	3.45	3.50	4.08-4.15
1,2,4,4,2,3,4,4,6	S	
1,2,4,4,2,3,4,4,2	a-D-GlcpN	38%	5.20	3.78	3.83	3.58	3.81	3.82
1,2,4,4,2,3,4,4,2,2	Ac	98%	-	2.05
1,2,4,4,2,3,4,4,2,2	a-D-GlcpN	21%	5.23	3.73	3.83	3.72	4.02	4.08-4.15
1,2,4,4,2,3,4,4,2,2,2	Ac	98%	-	2.05
1,2,4,4,2,3,4,4,2,2,6	S	
1,2,4,4,2,3,4,4,2,2,4	b-D-ManpA	52%	4.54	3.15	3.67	3.74	3.95	-
1,2,4,4,2,3,4,4,2,2,4,2	b-D-Manp	26%	4.83	4.13	3.61	3.68	3.41	3.49-3.85
1,2,4,4,2,3,4,4,2,2,4,2,2	b-D-Glcp	90%	4.69	3.38	3.52	3.40	3.45	3.74-3.89
