Linkage	Residue	Trust	H1	H2	H3	H4	H5	H6
	Me	98%	3.57
1	b-D-Fucp	16%	4.35	3.54	3.69	3.79	3.82	1.26
1,3	b-D-Fucp	61%	4.66	3.64	3.62	3.77	3.91	1.25
1,4	b-L-Fucp	41%	4.65	3.54	3.57	3.89	3.87	1.21
1,4,4	b-D-Galp	40%	4.63	3.60	3.74	4.06	3.66	4.01
1,4,4,6	S	
1,4,4,3	a-D-GalpA	75%	5.17	3.95	4.02	4.39	4.41	-
1,4,4,3,4	a-D-GlcpN	63%	4.94	3.91	3.97	3.59	4.27	4.02-4.22
1,4,4,3,4,2	Ac	98%	-	2.05
1,4,4,3,4,6	S	
1,4,4,3,4,4	a-D-Glcp	25%	5.18	3.59	3.96	3.51	3.70	4.06-4.15
1,4,4,3,4,4,6	S	
1,4,4,3,4,4,2	a-D-GlcpN	62%	5.01	4.11	3.62	3.62	4.12	4-4.17
1,4,4,3,4,4,2,2	Ac	98%	-	2.05
1,4,4,3,4,4,2,6	S	
1,4,4,3,4,4,2,3	b-D-Fucp	65%	4.48	3.53	3.62	3.77	3.91	1.24
