Linkage	Residue	Trust	C1	C2	C3	C4	C5	C6	C7	C8	C9
	b-D-Fucp	53%	97.2	72.0	81.7	79.0	71.7	16.6
3	b-D-Fucp	66%	104.8	73.4	73.7	72.4	71.9	16.1
4	a-D-Galp	37%	102.0	69.2	74.5	68.9	71.8	61.8
4,3	S	
4,2	b-D-GlcpN	47%	104.3	56.0	77.9	71.0	77.0	62.1
4,2,2	Ac	88%	175.6	23.4
4,2,3	b-Neup	33%	175.5	96.9	40.2	67.4	54.2	70.7	69.8	73.1	64.1
4,2,3,5	Ac	83%	176.3	23.6
4,2,3,4	a-L-Fucp	9%	100.5	69.3	74.2	75.0	68.3	17.1
4,2,3,4,3	a-L-Fucp	63%	104.1	71.1	71.0	73.1	68.8	16.8
4,2,3,4,4	b-L-Fucp	44%	105.4	71.9	74.9	76.8	71.7	16.5
4,2,3,4,4,3	a-D-GlcpN	34%	94.4	54.6	71.4	71.0	72.8	62.1
4,2,3,4,4,3,2	Ac	83%	175.3	23.3
4,2,3,4,4,3,2	b-D-Galp	43%	104.2	71.8	83.6	69.5	75.7	61.9
4,2,3,4,4,3,2,3	b-D-Xylp	50%	105.1	74.0	86.8	69.2	66.1
4,2,3,4,4,3,2,3,3	b-D-ManpA	59%	102.0	72.0	74.6	69.5	76.6	176.5
