Linkage	Residue	Trust	H1	H2	H3	H4	H5	H6	H7	H8	H9
	b-D-Fucp	43%	4.56	3.67	3.87	4.30	3.82	1.29
3	b-D-Fucp	61%	4.66	3.64	3.62	3.77	3.91	1.25
4	a-D-Galp	46%	5.14	3.90	3.97	4.11	4.14	3.75-3.76
4,3	S	
4,2	b-D-GlcpN	32%	4.63	3.59	3.72	3.51	3.48	3.74-3.91
4,2,2	Ac	98%	-	2.03
4,2,3	b-Neup	34%	-	-	1.82-2.27	4.15	3.82	4.25	3.58	3.86	3.64-3.87
4,2,3,5	Ac	95%	-	2.05
4,2,3,4	a-L-Fucp	7%	5.10	3.88	3.94	3.91	4.30	1.03
4,2,3,4,3	a-L-Fucp	44%	5.05	3.86	3.87	3.79	4.24	1.19
4,2,3,4,4	b-L-Fucp	27%	4.65	3.54	3.69	3.95	3.82	1.18
4,2,3,4,4,3	a-D-GlcpN	27%	5.20	3.78	3.83	3.55	3.90	3.79-3.90
4,2,3,4,4,3,2	Ac	98%	-	2.05
4,2,3,4,4,3,2	b-D-Galp	37%	4.54	3.60	3.83	4.16	3.94	3.75-3.78
4,2,3,4,4,3,2,3	b-D-Xylp	46%	4.75	3.31	3.61	3.79	3.29-3.99
4,2,3,4,4,3,2,3,3	b-D-ManpA	72%	4.93	4.15	3.67	3.74	3.67	-
