Linkage	Residue	Trust	C1	C2	C3	C4	C5	C6
	Me	76%	56.2
1	a-D-Fucp	60%	99.2	69.7	68.2	70.9	70.2	17.1
1,3	a-D-Fucp	34%	104.1	69.3	70.7	72.9	69.2	16.8
1,3,2	b-D-Manp	66%	101.3	78.0	73.3	68.4	77.2	62.3
1,3,2,2	b-D-Manp	76%	102.3	71.7	74.2	78.1	77.5	62.0
1,3,2,2,4	b-D-Manp	63%	101.5	71.6	73.4	74.4	76.9	61.8
1,3,2,2,4,4	a-D-GlcpN	42%	97.8	54.6	71.4	71.9	73.9	61.9
1,3,2,2,4,4,2	Ac	83%	175.3	23.3
1,3,2,2,4,4,2	b-D-GlcpN	23%	102.3	56.4	74.1	77.4	76.1	65.6
1,3,2,2,4,4,2,2	Ac	88%	175.6	23.4
1,3,2,2,4,4,2,6	S	
1,3,2,2,4,4,2,4	a-D-ManpA	61%	100.3	80.5	71.4	73.3	74.1	177.2
1,3,2,2,4,4,2,4,2	b-D-Glcp	52%	103.3	73.6	86.1	70.2	76.2	65.3
1,3,2,2,4,4,2,4,2,6	S	
1,3,2,2,4,4,2,4,2,3	b-D-Xylp	41%	104.8	73.0	76.2	70.4	67.1
1,3,2,2,4,4,2,4,2,3,3	a-L-Fucp	70%	96.3	69.3	71.0	73.1	68.8	16.5
