Linkage	Residue	Trust	H1	H2	H3	H4	H5	H6
	Me	97%	3.42
1	a-D-Fucp	68%	4.82	3.74	3.78	3.81	4.10	1.03
1,3	a-D-Fucp	22%	5.10	3.89	3.91	3.91	4.24	1.19
1,3,2	b-D-Manp	71%	4.75	4.24	3.67	3.55	3.39	3.74-4.01
1,3,2,2	b-D-Manp	56%	4.92	4.16	3.84	3.83	3.59	3.83-3.91
1,3,2,2,4	b-D-Manp	40%	4.81	4.07	3.72	3.81	3.60	3.78-3.89
1,3,2,2,4,4	a-D-GlcpN	32%	5.20	3.78	3.83	3.13	3.78	3.75-3.82
1,3,2,2,4,4,2	Ac	98%	-	2.05
1,3,2,2,4,4,2	b-D-GlcpN	23%	4.70	3.57	3.66	3.86	3.69	4.06-4.13
1,3,2,2,4,4,2,2	Ac	98%	-	2.03
1,3,2,2,4,4,2,6	S	
1,3,2,2,4,4,2,4	a-D-ManpA	55%	5.25	4.19	3.90	3.74	4	-
1,3,2,2,4,4,2,4,2	b-D-Glcp	57%	4.67	3.52	3.71	3.48	3.80	4.08-4.15
1,3,2,2,4,4,2,4,2,6	S	
1,3,2,2,4,4,2,4,2,3	b-D-Xylp	36%	5.15	3.53	3.49	3.61	3.62-4.18
1,3,2,2,4,4,2,4,2,3,3	a-L-Fucp	47%	5.15	3.85	3.87	3.79	4.30	1.22
