Linkage	Residue	Trust	H1	H2	H3	H4	H5	H6	H7	H8	H9
	a-D-Galp	80%	5.76	4.21	4.21	4.28	4.10	3.71
2	a-D-Galp	84%	5.23	3.85	3.91	3.98	4.18	3.75-3.74
3	b-D-Glcp	73%	4.71	3.66	3.54	3.39	3.44	3.73-3.90
3,2	b-D-GlcpN	49%	4.91	3.58	3.80	3.51	3.62	4.13-4.25
3,2,2	Ac	98%	-	2.03
3,2,6	S	
3,2,3	b-D-GlcpN	30%	4.64	3.59	3.72	3.51	3.42	3.71-3.93
3,2,3,2	Ac	98%	-	2.03
3,2,3,3	b-Neup	34%	-	-	1.82-2.27	4.15	3.82	4.25	3.58	3.86	3.64-3.87
3,2,3,3,5	Ac	95%	-	2.05
3,2,3,3,4	b-Neup	50%	-	-	1.82-2.27	4.01	4.01	4.25	3.64	3.87	3.64-3.89
3,2,3,3,4,5	Ac	95%	-	2.05
3,2,3,3,4,4	a-D-Galp	53%	5.01	3.89	4.05	4.20	4.14	3.71-3.72
3,2,3,3,4,4,3	b-D-Manp	53%	4.87	4.12	3.87	4.08	3.58	3.80-3.91
3,2,3,3,4,4,3,3	a-D-Galp	88%	5.26	3.79	3.80	3.95	4.14	3.71-3.74
3,2,3,3,4,4,3,4	b-D-Galp	37%	4.62	3.62	3.95	3.78	3.65	4-4.02
3,2,3,3,4,4,3,4,6	S	
3,2,3,3,4,4,3,4,2	b-D-GlcpA	35%	4.88	3.67	3.60	3.79	3.68	-
3,2,3,3,4,4,3,4,2,2	b-D-GlcpA	50%	4.98	3.25	3.51	3.55	3.73	-
