Linkage	Residue	Trust	H1	H2	H3	H4	H5	H6
	b-D-GlcpN	73%	4.70	3.77	3.79	3.51	3.45	3.75-3.93
2	Ac	98%	-	2.03
3	b-D-GlcpN	73%	4.59	3.67	3.75	3.75	3.62	3.82-3.98
3,2	Ac	98%	-	2.03
3,4	b-D-Galp	72%	4.69	3.89	4.24	4.20	3.86	3.76-3.77
3,4,3	S	
3,4,2	a-D-Xylp	10%	5.22	3.61	3.70	3.66	3.67-3.76
3,4,2,4	b-L-Fucp	13%	4.65	3.65	3.69	3.70	3.82	1.16
3,4,2,4,3	a-D-GalpA	48%	5.20	3.82	4.06	4.21	4.50	-
3,4,2,4,2	b-D-Fucp	35%	4.50	3.54	3.73	4	3.82	1.32
3,4,2,4,2,4	a-D-Galp	19%	5.12	4.10	3.97	4.14	4.12	3.79-3.85
3,4,2,4,2,4,3	a-D-Xylp	66%	5.13	3.59	3.76	3.62	3.60
3,4,2,4,2,4,4	b-D-GlcpN	36%	4.69	3.60	3.66	3.42	3.39	3.79-3.85
3,4,2,4,2,4,4,2	Ac	98%	-	2.03
3,4,2,4,2,4,4,2	a-D-GlcpN	34%	5.23	3.73	3.94	3.87	3.85	3.63
3,4,2,4,2,4,4,2,2	Ac	98%	-	2.05
3,4,2,4,2,4,4,2,6	S	
3,4,2,4,2,4,4,2,4	a-D-GlcpN	34%	5.20	3.78	3.83	3.55	3.89	3.63
3,4,2,4,2,4,4,2,4,2	Ac	98%	-	2.05
3,4,2,4,2,4,4,2,4,2	a-L-Fucp	17%	5.10	3.89	3.94	3.99	4.38	1.21
3,4,2,4,2,4,4,2,4,2,3	b-D-Xylp	54%	4.66	3.38	3.43	3.63	3.34-3.94
3,4,2,4,2,4,4,2,4,2,2	a-D-ManpA	14%	5.08	4.05	3.82	3.76	4.38	-
3,4,2,4,2,4,4,2,4,2,2,3	b-D-GlcpA	63%	4.75	3.44	3.51	3.55	3.73	-
