Linkage	Residue	Trust	C1	C2	C3	C4	C5	C6	C7	C8	C9
	Me	76%	56.2
1	a-D-Glcp	51%	95.6	76.2	73.2	78.3	71.9	62.0
1,2	a-D-Glcp	88%	97.3	72.6	74.1	70.7	73.2	61.7
1,4	a-D-Galp	56%	101.3	72.6	72.7	77.9	69.6	62.3
1,4,3	S	
1,4,4	a-D-Glcp	54%	99.5	73.0	73.0	70.1	71.9	65.1
1,4,4,6	S	
1,4,4,3	b-D-Manp	38%	104.3	73.1	73.5	78.4	76.0	61.4
1,4,4,3,2	b-D-ManpA	72%	102.3	71.7	74.2	69.5	76.6	176.5
1,4,4,3,4	b-D-Glcp	57%	103.8	75.4	84.8	70.1	77.0	65.3
1,4,4,3,4,6	S	
1,4,4,3,4,3	b-D-ManpA	52%	97.8	78.3	72.8	69.5	78.7	177.8
1,4,4,3,4,3,2	a-D-GlcpN	40%	98.9	55.2	72.2	77.5	72.7	69.4
1,4,4,3,4,3,2,2	Ac	83%	175.3	23.3
1,4,4,3,4,3,2,6	S	
1,4,4,3,4,3,2,4	a-D-Glcp	39%	100.0	72.3	74.5	69.6	72.4	64.9
1,4,4,3,4,3,2,4,6	S	
1,4,4,3,4,3,2,4,3	a-Neup	48%	174.7	101.9	37.7	69.8	53.1	74.1	69.8	73.1	64.1
1,4,4,3,4,3,2,4,3,5	Ac	83%	54.9	25.1
1,4,4,3,4,3,2,4,3,4	b-D-Glcp	40%	103.5	82.5	75.5	69.8	76.2	65.1
1,4,4,3,4,3,2,4,3,4,6	S	
1,4,4,3,4,3,2,4,3,4,2	b-D-Fucp	66%	103.0	72.7	74.5	72.4	71.9	16.6
