Linkage	Residue	Trust	H1	H2	H3	H4	H5	H6	H7	H8	H9
	Me	97%	3.42
1	a-D-Glcp	36%	5.46	3.59	3.75	3.82	3.80	3.76-3.88
1,2	a-D-Glcp	92%	5.15	3.56	3.78	3.45	3.94	3.77-3.86
1,4	a-D-Galp	71%	5.39	3.62	3.69	4.09	3.50	3.66-3.78
1,4,3	S	
1,4,4	a-D-Glcp	62%	5.46	3.67	3.72	3.66	3.73	3.83-3.93
1,4,4,6	S	
1,4,4,3	b-D-Manp	8%	4.83	4.13	3.72	3.72	3.54	3.52-4.04
1,4,4,3,2	b-D-ManpA	78%	4.92	4.16	3.64	3.74	3.67	-
1,4,4,3,4	b-D-Glcp	38%	4.52	3.82	3.75	3.66	3.50	4.08-4.15
1,4,4,3,4,6	S	
1,4,4,3,4,3	b-D-ManpA	61%	4.82	3.76	3.76	3.74	3.75	-
1,4,4,3,4,3,2	a-D-GlcpN	44%	5.18	3.84	3.97	3.59	3.88	4.02-4.22
1,4,4,3,4,3,2,2	Ac	98%	-	2.05
1,4,4,3,4,3,2,6	S	
1,4,4,3,4,3,2,4	a-D-Glcp	25%	5.40	3.58	3.81	3.44	3.72	4.08-4.16
1,4,4,3,4,3,2,4,6	S	
1,4,4,3,4,3,2,4,3	a-Neup	34%	-	-	1.76-2.73	3.73	3.86	3.74	3.58	3.86	3.64-3.87
1,4,4,3,4,3,2,4,3,5	Ac	99%	-	2.03
1,4,4,3,4,3,2,4,3,4	b-D-Glcp	41%	4.62	3.37	3.78	3.52	3.49	4.08-4.15
1,4,4,3,4,3,2,4,3,4,6	S	
1,4,4,3,4,3,2,4,3,4,2	b-D-Fucp	68%	5.08	3.53	3.69	3.77	3.91	1.25
