Linkage	Residue	Trust	C1	C2	C3	C4	C5	C6	C7	C8	C9
	Me	76%	56.2
1	a-L-Fucp	60%	99.2	69.7	68.2	70.9	70.2	17.1
1,3	a-L-Fucp	58%	104.1	71.1	70.3	83.4	67.7	18.0
1,3,4	b-D-GlcpN	53%	102.2	56.8	72.9	77.6	76.1	64.8
1,3,4,2	Ac	88%	175.6	23.4
1,3,4,6	S	
1,3,4,4	a-D-Galp	55%	101.2	69.8	76.5	66.1	73.0	65.6
1,3,4,4,6	S	
1,3,4,4,3	a-D-GalpA	34%	97.0	67.5	72.8	70.4	72.1	176.2
1,3,4,4,3,3	a-Neup	59%	174.3	101.0	41.3	77.5	51.7	71.9	69.8	71.9	64.6
1,3,4,4,3,3,5	Ac	83%	54.9	25.1
1,3,4,4,3,3,4	b-D-GlcpN	55%	102.9	56.7	83.1	69.3	76.9	65.7
1,3,4,4,3,3,4,2	Ac	88%	175.6	23.4
1,3,4,4,3,3,4,6	S	
1,3,4,4,3,3,4,3	b-D-Xylp	38%	103.7	79.0	75.6	70.6	65.5
1,3,4,4,3,3,4,3,2	a-D-ManpA	55%	101.3	70.3	71.5	73.3	73.1	175.6
1,3,4,4,3,3,4,3,2,4	b-D-Glcp	57%	103.0	73.0	84.0	70.7	76.2	61.7
1,3,4,4,3,3,4,3,2,4,3	a-D-ManpA	53%	101.9	71.4	80.4	67.7	73.1	177.8
1,3,4,4,3,3,4,3,2,4,3,3	a-D-Fucp	69%	103.5	69.3	71.0	73.1	68.8	16.5
