Linkage	Residue	Trust	H1	H2	H3	H4	H5	H6	H7	H8	H9
	Me	97%	3.42
1	a-L-Fucp	68%	4.82	3.74	3.78	3.81	4.10	1.03
1,3	a-L-Fucp	48%	5.05	3.86	3.59	3.81	4.31	1.23
1,3,4	b-D-GlcpN	60%	4.68	3.72	3.75	3.73	3.39	3.65-3.95
1,3,4,2	Ac	98%	-	2.03
1,3,4,6	S	
1,3,4,4	a-D-Galp	63%	5.44	3.74	3.94	4.22	3.88	4-4.03
1,3,4,4,6	S	
1,3,4,4,3	a-D-GalpA	39%	5.14	3.90	4.42	4.28	4.88	-
1,3,4,4,3,3	a-Neup	68%	-	-	1.80-3.01	4.10	3.99	3.99	3.52	3.77	3.61-3.82
1,3,4,4,3,3,5	Ac	99%	-	2.03
1,3,4,4,3,3,4	b-D-GlcpN	49%	4.56	3.95	3.83	3.62	3.49	4.09-4.16
1,3,4,4,3,3,4,2	Ac	98%	-	2.03
1,3,4,4,3,3,4,6	S	
1,3,4,4,3,3,4,3	b-D-Xylp	30%	4.50	3.32	3.47	3.60	3.38-4.15
1,3,4,4,3,3,4,3,2	a-D-ManpA	29%	5.16	3.92	3.91	3.76	4.11	-
1,3,4,4,3,3,4,3,2,4	b-D-Glcp	46%	4.54	3.33	3.67	3.51	3.53	3.71-3.89
1,3,4,4,3,3,4,3,2,4,3	a-D-ManpA	51%	5.16	4.21	3.93	4.01	4.38	-
1,3,4,4,3,3,4,3,2,4,3,3	a-D-Fucp	54%	5.09	4.18	3.87	3.79	4.30	1.22
