Linkage	Residue	Trust	C1	C2	C3	C4	C5	C6	C7	C8	C9
	a-D-ManpA	65%	94.7	70.6	78.9	73.3	73.1	176.6
3	a-D-ManpA	47%	101.3	78.7	70.4	73.3	73.1	175.8
3,2	b-D-ManpA	23%	101.5	71.5	73.0	69.5	77.0	176.5
3,2,3	a-Neup	47%	175.1	102.0	37.9	72.4	53.1	74.1	69.8	73.1	64.1
3,2,3,5	Ac	83%	54.9	25.1
3,2,3,4	a-D-GlcpN	50%	94.7	54.7	70.3	79.4	72.7	65.1
3,2,3,4,2	Ac	83%	175.3	23.3
3,2,3,4,6	S	
3,2,3,4,4	b-D-Galp	66%	105.3	72.5	83.3	69.9	76.0	65.7
3,2,3,4,4,6	S	
3,2,3,4,4,3	b-D-Galp	46%	105.5	71.6	68.6	79.4	75.8	62.1
3,2,3,4,4,3,2	b-D-GalpA	65%	101.1	72.3	73.6	71.1	76.0	174.8
3,2,3,4,4,3,4	b-D-Fucp	58%	100.6	70.3	73.8	82.2	71.3	17.0
3,2,3,4,4,3,4,4	a-D-Manp	65%	102.9	70.8	79.5	67.6	76.4	61.3
3,2,3,4,4,3,4,4,3	a-D-Manp	27%	101.3	73.9	74.4	66.5	74.9	62.3
3,2,3,4,4,3,4,4,3,3	a-L-Fucp	67%	103.5	69.4	72.1	72.4	71.8	18.6
3,2,3,4,4,3,4,4,3,2	a-D-GlcpN	56%	95.2	54.8	73.4	73.9	68.1	62.6
3,2,3,4,4,3,4,4,3,2,2	Ac	83%	175.3	23.3
3,2,3,4,4,3,4,4,3,2,4	a-D-Galp	46%	100.6	69.0	74.5	78.7	71.8	61.3
3,2,3,4,4,3,4,4,3,2,4,3	S	
3,2,3,4,4,3,4,4,3,2,4,4	a-D-Galp	67%	100.8	77.9	70.3	69.9	71.4	66.0
3,2,3,4,4,3,4,4,3,2,4,4,6	S	
3,2,3,4,4,3,4,4,3,2,4,4,2	b-D-GalpA	54%	103.4	72.5	81.2	68.1	75.7	173.8
3,2,3,4,4,3,4,4,3,2,4,4,2,3	b-D-Glcp	54%	105.7	74.2	84.0	70.7	74.6	59.9
3,2,3,4,4,3,4,4,3,2,4,4,2,3,3	a-D-Manp	67%	102.2	70.1	72.0	67.8	73.0	61.4
