Linkage	Residue	Trust	C1	C2	C3	C4	C5	C6	C7	C8	C9
	Me	77%	55.6
1	a-D-ManpA	58%	101.0	80.1	71.6	69.5	75.1	177.7
1,2	a-D-Glcp	31%	100.0	72.7	74.5	70.6	72.4	64.9
1,2,6	S	
1,2,3	b-Neup	42%	175.5	96.9	37.1	72.9	50.8	70.7	69.6	73.1	64.0
1,2,3,5	Ac	83%	176.3	23.6
1,2,3,4	a-D-GalpA	40%	95.7	68.4	77.1	70.5	72.2	175.5
1,2,3,4,3	a-D-Manp	51%	96.1	81.4	79.3	66.8	73.9	61.4
1,2,3,4,3,3	b-D-GlcpA	65%	104.9	74.0	74.6	73.4	77.6	174.0
1,2,3,4,3,2	a-D-Galp	62%	102.4	69.4	79.5	69.9	72.5	65.6
1,2,3,4,3,2,6	S	
1,2,3,4,3,2,3	b-D-Manp	66%	103.5	73.9	75.6	68.7	76.9	62.0
1,2,3,4,3,2,3,2	a-D-GlcpA	66%	101.1	73.0	73.7	72.5	73.2	175.8
