Lineage	Residue	Trust	C1	C2	C3	C4	C5	C6
	Me	93%	58.3
1	b-D-Glcp	47%	103.9	80.9	75.3	79.7	75.8	61.2
1,4	b-D-Glcp	88%	103.2	74.3	76.9	70.7	77.1	62.0
1,2	b-L-Fucp	88%	104.0	79.6	73.0	72.5	71.5	16.4
1,2,2	b-D-Galp	88%	104.4	76.9	72.9	70.2	76.3	62.1
1,2,2,2	a-D-Galp	91%	96.8	75.4	69.0	70.4	72.2	62.4
1,2,2,2,2	a-D-Glcp	87%	97.6	72.7	74.2	77.9	72.2	61.8
1,2,2,2,2,4	a-D-Glcp	87%	100.6	72.9	74.5	77.3	71.9	62.5
1,2,2,2,2,4,4	a-D-Galp	81%	100.6	69.0	79.5	70.2	71.0	65.9
1,2,2,2,2,4,4,6	S		
1,2,2,2,2,4,4,3	b-D-ManpA	66%	102.6	71.3	73.2	81.0	76.6	176.3
1,2,2,2,2,4,4,3,4	b-D-GlcpN	64%	101.7	64.5	75.1	71.2	77.1	62.1
1,2,2,2,2,4,4,3,4,2	Ac	99%	175.6	23.5
1,2,2,2,2,4,4,3,4,2	b-D-Galp	88%	104.7	71.3	78.6	75.7	75.3	61.9
1,2,2,2,2,4,4,3,4,2,3	S		
1,2,2,2,2,4,4,3,4,2,4	a-D-Glcp	92%	99.8	72.7	72.5	79.8	71.7	61.6
1,2,2,2,2,4,4,3,4,2,4,4	b-D-Xylp	78%	104.3	74.3	76.2	79.2	65.5
1,2,2,2,2,4,4,3,4,2,4,4,4	a-D-GlcpN	90%	100.3	55.2	72.1	71.3	73.4	62.0
1,2,2,2,2,4,4,3,4,2,4,4,4,2	Ac	98%	175.3	23.2
