Linkage	Residue	Trust	C1	C2	C3	C4	C5	C6
	Me	87%	58.0
1	b-D-Glcp	52%	103.9	80.9	75.3	79.7	75.8	61.2
1,4	b-D-Glcp	70%	103.4	74.0	76.5	70.4	76.9	61.8
1,2	b-L-Fucp	45%	103.0	72.7	73.5	72.8	69.9	15.7
1,2,2	b-D-Galp	53%	104.6	78.5	73.2	70.6	75.7	61.9
1,2,2,2	a-D-Galp	66%	94.4	78.5	69.0	70.2	72.0	62.4
1,2,2,2,2	a-D-Glcp	58%	101.0	72.4	73.8	76.4	73.3	61.7
1,2,2,2,2,4	a-D-Glcp	65%	99.5	73.6	75.3	74.6	72.1	64.6
1,2,2,2,2,4,4	a-D-Galp	54%	98.5	69.3	79.5	69.9	70.2	65.6
1,2,2,2,2,4,4,6	S	
1,2,2,2,2,4,4,3	b-D-ManpA	48%	102.5	71.3	73.0	74.5	76.8	175.3
1,2,2,2,2,4,4,3,4	b-D-GlcpN	34%	102.0	56.4	74.1	71.3	76.0	62.1
1,2,2,2,2,4,4,3,4,2	Ac	88%	175.6	23.4
1,2,2,2,2,4,4,3,4,2	b-D-Galp	33%	104.2	71.6	76.4	77.4	75.5	60.8
1,2,2,2,2,4,4,3,4,2,3	S	
1,2,2,2,2,4,4,3,4,2,4	a-D-Glcp	75%	100.7	72.7	72.2	79.6	71.3	64.0
1,2,2,2,2,4,4,3,4,2,4,4	b-D-Xylp	34%	104.6	74.5	76.2	72.9	65.5
1,2,2,2,2,4,4,3,4,2,4,4,4	a-D-GlcpN	51%	96.1	54.8	72.1	71.0	75.5	62.6
1,2,2,2,2,4,4,3,4,2,4,4,4,2	Ac	83%	175.3	23.3
