Linkage	Residue	Trust	H1	H2	H3	H4	H5	H6
	Me	97%	3.58
1	b-D-Glcp	33%	4.61	3.38	3.56	3.64	3.60	3.82-3.95
1,4	b-D-Glcp	86%	4.51	3.31	3.50	3.40	3.49	3.73-3.91
1,2	b-L-Fucp	34%	4.65	3.65	3.68	3.81	4.14	1.18
1,2,2	b-D-Galp	41%	4.53	3.62	3.76	4.01	3.68	3.76-3.79
1,2,2,2	a-D-Galp	77%	5.58	4.01	4.04	4.06	4.51	3.98
1,2,2,2,2	a-D-Glcp	57%	5.38	3.62	3.86	3.47	3.82	3.82-3.89
1,2,2,2,2,4	a-D-Glcp	61%	5.34	3.54	3.84	3.64	3.71	3.68-3.80
1,2,2,2,2,4,4	a-D-Galp	42%	5.07	3.67	4.05	4.20	3.86	4-4.03
1,2,2,2,2,4,4,6	S	
1,2,2,2,2,4,4,3	b-D-ManpA	49%	4.90	4.17	3.80	3.83	3.67	-
1,2,2,2,2,4,4,3,4	b-D-GlcpN	12%	4.69	3.60	3.66	3.42	3.67	3.91-4
1,2,2,2,2,4,4,3,4,2	Ac	98%	-	2.03
1,2,2,2,2,4,4,3,4,2	b-D-Galp	43%	4.54	3.60	4.36	4.18	3.75	3.88-3.90
1,2,2,2,2,4,4,3,4,2,3	S	
1,2,2,2,2,4,4,3,4,2,4	a-D-Glcp	72%	4.95	3.52	3.89	3.71	4.28	3.72-3.77
1,2,2,2,2,4,4,3,4,2,4,4	b-D-Xylp	30%	4.43	3.34	3.48	3.66	3.35-3.99
1,2,2,2,2,4,4,3,4,2,4,4,4	a-D-GlcpN	29%	5.24	3.75	3.76	3.53	3.62	3.69-3.80
1,2,2,2,2,4,4,3,4,2,4,4,4,2	Ac	98%	-	2.05
