Lineage	Residue	Trust	C1	C2	C3	C4	C5	C6	C7	C8
	Me	100%	58.5
1	b-D-Glcp	0%	105.4	81.4	74.7	76.9	76.2	62.1
1,4	b-D-Glcp	100%	103.1	74.4	77.0	70.9	77.2	62.1
1,2	b-L-Fucp	100%	104.1	79.6	72.9	72.5	71.9	16.6
1,2,2	b-D-Galp	100%	104.4	76.8	72.8	70.0	76.3	62.2
1,2,2,2	a-D-Galp	100%	97.3	74.6	69.1	70.6	72.2	62.4
1,2,2,2,2	a-D-Glcp	100%	97.3	72.7	74.3	78.3	71.9	61.9
1,2,2,2,2,4	a-D-Glcp	100%	100.9	72.7	74.3	78.3	71.9	61.9
1,2,2,2,2,4,4	a-D-Galp	88%	101.1	68.9	79.5	70.3	71.1	66.0
1,2,2,2,2,4,4,6	S	50%
1,2,2,2,2,4,4,3	b-D-ManpA	63%	102.7	71.3	73.3	81.0	76.5	177.2
1,2,2,2,2,4,4,3,4	b-D-GlcpNAc	50%	101.3	64.5	75.1	71.2	77.2	62.1	175.6	23.5
1,2,2,2,2,4,4,3,4,2	b-D-Galp	100%	104.7	71.3	78.6	75.4	75.3	62.2
1,2,2,2,2,4,4,3,4,2,3	S	50%
1,2,2,2,2,4,4,3,4,2,4	a-D-Glcp	100%	99.4	72.7	72.6	79.9	71.9	61.1
1,2,2,2,2,4,4,3,4,2,4,4	b-D-Xylp	63%	103.9	74.0	76.1	79.2	65.5
1,2,2,2,2,4,4,3,4,2,4,4,4	a-D-GlcpNAc	100%	100.3	55.3	72.0	71.4	73.3	61.9	175.4	23.2
