Linkage	Residue	Trust	C1	C2	C3	C4	C5	C6
	Me	76%	56.2
1	a-D-Glcp	75%	99.9	72.2	72.3	79.6	71.4	60.9
1,4	b-D-Glcp	62%	102.7	73.7	75.9	79.5	75.9	64.8
1,4,6	S	
1,4,4	b-D-GlcpN	50%	101.9	56.4	74.5	70.3	77.0	65.9
1,4,4,2	Ac	88%	175.6	23.4
1,4,4,6	S	
1,4,4,2	a-D-Glcp	33%	99.2	72.1	81.0	71.6	72.4	65.1
1,4,4,2,6	S	
1,4,4,2,3	a-D-Fucp	59%	98.0	73.9	69.2	72.9	68.2	16.5
1,4,4,2,3,2	a-D-Galp	68%	96.8	69.7	77.9	66.7	72.1	62.2
1,4,4,2,3,2,3	a-D-Glcp	65%	100.5	80.3	72.4	71.3	72.1	61.4
1,4,4,2,3,2,3,2	a-L-Fucp	67%	99.9	68.5	69.8	71.8	68.5	15.9
