Linkage	Residue	Trust	H1	H2	H3	H4	H5	H6
	Me	97%	3.42
1	a-D-Glcp	54%	5	3.57	3.81	3.64	3.95	3.87-3.94
1,4	b-D-Glcp	65%	4.51	3.35	3.66	3.67	3.59	3.95-4.08
1,4,6	S	
1,4,4	b-D-GlcpN	22%	4.69	3.60	3.66	3.43	3.52	4.06-4.13
1,4,4,2	Ac	98%	-	2.03
1,4,4,6	S	
1,4,4,2	a-D-Glcp	25%	5.19	3.58	3.90	3.71	3.45	4.10-4.17
1,4,4,2,6	S	
1,4,4,2,3	a-D-Fucp	72%	5.59	3.99	4.02	4.01	4.37	1.21
1,4,4,2,3,2	a-D-Galp	74%	5.11	4.12	3.79	4.23	4.12	3.76
1,4,4,2,3,2,3	a-D-Glcp	64%	5.10	3.88	3.88	3.40	3.93	3.77-3.85
1,4,4,2,3,2,3,2	a-L-Fucp	92%	5.05	3.77	3.96	3.82	4.17	1.22
