Linkage	Residue	Trust	C1	C2	C3	C4	C5	C6	C7	C8	C9
	Me	76%	56.2
1	a-D-GalpA	63%	101.6	68.0	79.0	78.4	71.6	175.8
1,4	a-D-GalpA	94%	99.4	68.6	69.9	71.2	72.6	176.5
1,3	b-D-Glcp	54%	105.1	73.4	84.5	76.6	75.3	60.7
1,3,4	b-D-Xylp	71%	103.5	74.1	76.4	69.9	65.7
1,3,3	b-D-Glcp	48%	104.0	73.2	81.3	69.6	77.0	62.0
1,3,3,3	a-Neup	57%	174.7	101.9	37.7	77.5	51.7	71.9	69.8	71.9	64.6
1,3,3,3,5	Ac	83%	54.9	25.1
1,3,3,3,4	b-D-GlcpN	35%	103.2	56.4	74.1	70.7	76.0	65.6
1,3,3,3,4,2	Ac	88%	175.6	23.4
1,3,3,3,4,6	S	
1,3,3,3,4,2	a-D-Galp	45%	99.0	77.5	73.7	71.5	71.8	61.8
1,3,3,3,4,2,3	S	
1,3,3,3,4,2,2	b-D-Galp	51%	105.1	77.5	78.6	71.5	76.1	62.6
1,3,3,3,4,2,2,3	S	
1,3,3,3,4,2,2,2	b-D-Galp	44%	107.0	72.3	76.4	77.6	75.2	60.8
1,3,3,3,4,2,2,2,3	S	
1,3,3,3,4,2,2,2,4	a-D-GalpA	76%	99.4	69.1	69.8	71.3	72.6	175.9
