Linkage	Residue	Trust	C1	C2	C3	C4	C5	C6
	Me	0%	58.1
1	b-D-Xylp	69%	105.3	73.4	85.1	68.9	66.9
1,3	b-D-Xylp	50%	104.4	74.5	76.2	78.0	64.1
1,3,3	a-D-Fucp	70%	96.3	69.3	71.0	73.1	68.8	16.5
1,3,4	b-D-GlcpA	53%	102.2	73.9	84.3	69.9	76.8	175.8
1,3,4,3	b-D-GalpA	27%	103.7	71.2	73.6	77.4	75.7	174.9
1,3,4,3,3	a-D-Xylp	53%	104.2	71.1	73.1	73.7	61.2
1,3,4,3,4	a-D-GalpA	73%	99.3	68.4	69.1	81.9	71.7	175.8
1,3,4,3,4,4	b-D-Fucp	44%	100.6	70.8	73.8	72.5	71.7	16.5
1,3,4,3,4,4,4	a-L-Fucp	57%	100.8	68.3	78.6	72.4	68.2	16.5
1,3,4,3,4,4,4,3	a-D-Xylp	28%	104.2	72.1	72.9	73.7	61.4
1,3,4,3,4,4,4,3,3	b-D-Fucp	66%	102.8	72.5	73.7	72.4	71.9	16.1
