Linkage	Residue	Trust	C1	C2	C3	C4	C5	C6	C7	C8	C9
	b-D-ManpA	62%	95.1	70.6	73.5	78.8	76.0	176.0
4	b-D-Galp	66%	102.9	78.7	74.6	70.2	75.8	65.3
4,6	S	
4,2	b-D-GlcpN	48%	101.8	56.1	77.9	71.1	76.9	62.0
4,2,2	Ac	88%	175.6	23.4
4,2,3	b-Neup	42%	173.6	96.9	37.5	72.7	54.2	70.7	69.8	73.1	64.1
4,2,3,5	Ac	83%	176.3	23.6
4,2,3,4	a-D-GlcpN	60%	94.3	54.2	70.6	79.7	72.0	60.8
4,2,3,4,2	Ac	83%	175.3	23.3
4,2,3,4,4	b-D-Galp	70%	103.4	76.5	72.8	70.4	76.2	65.3
4,2,3,4,4,6	S	
4,2,3,4,4,2	a-D-Galp	56%	97.9	67.7	75.6	75.8	71.2	61.6
4,2,3,4,4,2,3	S	
4,2,3,4,4,2,4	b-D-Galp	71%	104.5	71.5	83.0	69.3	75.5	65.7
4,2,3,4,4,2,4,6	S	
4,2,3,4,4,2,4,3	b-D-Galp	56%	99.1	71.6	83.4	69.4	75.9	62.3
4,2,3,4,4,2,4,3,3	b-D-Glcp	68%	105.9	75.3	77.4	70.9	77.6	62.8
4,2,3,4,4,2,4,3,2	b-D-GlcpN	74%	102.4	55.6	86.1	70.2	76.9	61.0
4,2,3,4,4,2,4,3,2,2	Ac	88%	175.6	23.4
4,2,3,4,4,2,4,3,2,3	b-D-GlcpA	58%	99.5	81.1	77.5	73.2	77.8	176.2
4,2,3,4,4,2,4,3,2,3,2	b-D-GlcpN	67%	103.1	55.8	79.6	71.5	77.3	65.5
4,2,3,4,4,2,4,3,2,3,2,2	Ac	88%	175.6	23.4
4,2,3,4,4,2,4,3,2,3,2,6	S	
4,2,3,4,4,2,4,3,2,3,2,3	a-D-GlcpN	70%	99.0	54.7	72.1	71.5	73.0	61.2
4,2,3,4,4,2,4,3,2,3,2,3,2	Ac	83%	175.3	23.3
