Linkage	Residue	Trust	H1	H2	H3	H4	H5	H6
	b-D-GlcpN	38%	4.69	3.81	3.57	3.49	3.43	3.54-3.74
2	Ac	98%	-	2.03
4	b-D-GlcpN	90%	4.51	3.89	3.77	3.57	3.41	3.86-3.89
4,2	Ac	98%	-	2.03
4,3	b-D-GlcpA	30%	4.48	3.24	3.62	3.70	3.93	-
4,3,4	a-D-GalpA	54%	5.46	3.78	3.84	4.21	4.50	-
4,3,3	b-D-Galp	62%	4.85	3.51	3.73	4.04	3.77	3.79-3.82
4,3,3,4	a-D-GalpA	69%	4.97	3.94	4.03	4.37	4.80	-
4,3,3,4,4	b-D-Galp	56%	4.22	3.62	4.24	4.18	3.40	3.67-3.87
4,3,3,4,4,3	S	
4,3,3,4,4,2	a-D-Xylp	7%	5.22	3.55	3.70	3.66	3.67-3.76
4,3,3,4,4,2,3	b-L-Fucp	24%	4.65	3.65	3.68	3.76	3.85	1.27
4,3,3,4,4,2,3,2	b-D-GlcpN	65%	4.71	3.85	3.78	3.72	3.52	3.73-3.97
4,3,3,4,4,2,3,2,2	Ac	98%	-	2.03
4,3,3,4,4,2,3,2,4	b-D-ManpA	24%	4.81	4.43	3.69	3.83	3.95	-
4,3,3,4,4,2,3,2,4,2	b-D-Glcp	69%	4.67	3.42	3.51	3.38	3.45	3.74-3.89
4,3,3,4,4,2,3,2,4,4	b-D-GlcpA	24%	4.52	3.36	3.61	3.70	3.81	-
4,3,3,4,4,2,3,2,4,4,4	b-L-Fucp	35%	4.65	3.54	3.62	3.77	3.91	1.25
