Linkage	Residue	Trust	C1	C2	C3	C4	C5	C6
	b-D-Manp	54%	95.1	71.9	72.0	76.1	73.1	61.8
4	a-D-Glcp	47%	101.2	73.0	73.8	70.1	73.9	65.1
4,6	S	
4,3	b-D-ManpA	39%	101.4	72.0	73.0	69.5	77.6	176.4
4,3,3	b-D-GlcpN	72%	103.8	57.1	73.7	79.4	76.1	61.1
4,3,3,2	Ac	88%	175.6	23.4
4,3,3,4	b-D-Galp	59%	103.6	77.5	76.5	68.6	72.5	61.7
4,3,3,4,3	S	
4,3,3,4,2	b-D-GalpA	7%	103.7	71.2	73.6	71.6	75.7	174.5
4,3,3,4,2,4	b-D-Manp	63%	102.8	71.6	74.0	68.0	77.5	62.1
4,3,3,4,2,3	a-D-GlcpA	51%	101.3	72.1	83.1	69.9	73.1	175.9
4,3,3,4,2,3,3	b-D-Fucp	46%	103.6	71.5	73.0	72.5	71.7	16.4
4,3,3,4,2,3,3,4	a-D-Fucp	70%	99.8	68.6	71.0	73.1	68.8	16.5
