Linkage	Residue	Trust	C1	C2	C3	C4	C5	C6	C7	C8	C9
	Me	83%	55.7
1	a-D-Galp	53%	98.6	68.8	76.7	67.6	71.6	62.4
1,3	a-D-Galp	46%	97.8	68.4	81.1	77.4	71.8	61.6
1,3,3	b-D-GalpA	67%	104.6	73.4	74.1	71.1	76.0	174.8
1,3,4	b-D-GlcpN	41%	102.2	56.4	74.1	70.7	76.4	65.6
1,3,4,2	Ac	88%	175.6	23.4
1,3,4,6	S	
1,3,4,2	a-D-Galp	42%	99.0	68.7	79.5	69.9	71.8	65.6
1,3,4,2,6	S	
1,3,4,2,3	b-D-Manp	24%	101.9	71.1	75.4	78.1	77.0	61.7
1,3,4,2,3,4	b-D-ManpA	65%	101.1	72.0	74.4	69.5	76.6	176.6
1,3,4,2,3,3	b-L-Fucp	32%	103.9	72.9	73.7	72.5	71.7	16.4
1,3,4,2,3,3,4	a-D-GlcpN	66%	100.1	53.4	80.9	69.1	72.6	61.5
1,3,4,2,3,3,4,2	Ac	83%	175.3	23.3
1,3,4,2,3,3,4,3	b-D-Galp	65%	103.9	71.8	73.5	78.5	76.4	61.7
1,3,4,2,3,3,4,3,4	b-D-Galp	53%	105.0	72.5	76.3	69.9	76.1	62.2
1,3,4,2,3,3,4,3,4,3	b-Neup	55%	175.1	96.9	40.9	78.0	51.4	70.7	69.0	72.9	63.7
1,3,4,2,3,3,4,3,4,3,5	Ac	83%	176.3	23.6
1,3,4,2,3,3,4,3,4,3,4	b-D-GlcpN	51%	103.2	55.8	82.7	70.2	76.1	65.7
1,3,4,2,3,3,4,3,4,3,4,2	Ac	88%	175.6	23.4
1,3,4,2,3,3,4,3,4,3,4,6	S	
1,3,4,2,3,3,4,3,4,3,4,3	b-D-GlcpN	75%	96.6	57.0	75.8	71.5	77.1	62.2
1,3,4,2,3,3,4,3,4,3,4,3,2	Ac	88%	175.6	23.4
