Linkage	Residue	Trust	H1	H2	H3	H4	H5	H6	H7	H8	H9
	Me	95%	3.44
1	a-D-Galp	43%	4.82	3.94	4.01	4.14	4.01	3.74-3.80
1,3	a-D-Galp	50%	5.13	4.06	3.95	4.36	4.12	3.78-3.81
1,3,3	b-D-GalpA	73%	4.69	3.61	3.66	4.22	4.15	-
1,3,4	b-D-GlcpN	24%	4.69	3.60	3.66	3.73	3.33	4.06-4.13
1,3,4,2	Ac	98%	-	2.03
1,3,4,6	S	
1,3,4,2	a-D-Galp	40%	5.22	3.89	4.05	4.20	4.14	4-4.03
1,3,4,2,6	S	
1,3,4,2,3	b-D-Manp	14%	4.87	4.12	3.75	3.70	3.48	3.69-3.88
1,3,4,2,3,4	b-D-ManpA	47%	4.87	3.94	3.73	3.74	3.67	-
1,3,4,2,3,3	b-L-Fucp	9%	4.65	3.54	3.68	3.79	3.82	1.26
1,3,4,2,3,3,4	a-D-GlcpN	34%	5.12	3.76	3.95	3.64	3.98	3.80-3.84
1,3,4,2,3,3,4,2	Ac	98%	-	2.05
1,3,4,2,3,3,4,3	b-D-Galp	66%	4.55	3.55	3.74	4.14	3.74	3.80
1,3,4,2,3,3,4,3,4	b-D-Galp	69%	4.76	3.62	3.78	4.11	3.68	3.76-3.79
1,3,4,2,3,3,4,3,4,3	b-Neup	53%	-	-	1.82-2.27	4	3.95	4.25	3.59	3.82	3.63-3.84
1,3,4,2,3,3,4,3,4,3,5	Ac	95%	-	2.05
1,3,4,2,3,3,4,3,4,3,4	b-D-GlcpN	44%	4.56	3.58	3.80	3.51	3.47	4.09-4.16
1,3,4,2,3,3,4,3,4,3,4,2	Ac	98%	-	2.03
1,3,4,2,3,3,4,3,4,3,4,6	S	
1,3,4,2,3,3,4,3,4,3,4,3	b-D-GlcpN	84%	4.57	3.62	3.56	3.38	3.45	3.71-3.96
1,3,4,2,3,3,4,3,4,3,4,3,2	Ac	98%	-	2.03
