Linkage	Residue	Trust	C1	C2	C3	C4	C5	C6
	a-D-GlcpN	66%	91.6	55.0	74.4	78.6	76.2	62.7
2	Ac	83%	175.3	23.3
4	a-D-GlcpN	59%	98.1	54.4	74.0	73.9	76.7	60.9
4,2	Ac	83%	175.3	23.3
4,4	a-D-Glcp	50%	100.0	72.3	73.8	70.0	71.8	65.1
4,4,6	S	
4,4,3	b-L-Fucp	53%	103.6	71.5	73.1	81.1	71.7	16.3
4,4,3,4	b-D-Glcp	58%	103.2	76.3	75.8	69.9	76.2	65.1
4,4,3,4,6	S	
4,4,3,4,2	a-D-Galp	52%	98.0	69.7	77.8	68.0	71.9	65.6
4,4,3,4,2,6	S	
4,4,3,4,2,3	a-D-Xylp	69%	104.2	77.9	75.6	70.5	62.0
4,4,3,4,2,3,2	a-D-Fucp	60%	92.7	73.5	69.4	72.9	68.2	16.5
4,4,3,4,2,3,2,2	a-D-Galp	63%	92.7	73.5	74.5	68.5	72.1	62.2
4,4,3,4,2,3,2,2,3	S	
4,4,3,4,2,3,2,2,2	a-D-Galp	61%	108.2	75.2	70.8	70.9	70.1	62.8
4,4,3,4,2,3,2,2,2,3	S	
4,4,3,4,2,3,2,2,2,2	a-D-Galp	55%	96.6	68.7	75.6	75.8	71.2	59.8
4,4,3,4,2,3,2,2,2,2,3	S	
4,4,3,4,2,3,2,2,2,2,4	b-D-GalpA	56%	103.0	72.0	74.0	77.4	76.0	175.8
4,4,3,4,2,3,2,2,2,2,4,4	a-D-Galp	69%	101.1	69.2	70.4	70.3	72.0	62.4
