Linkage	Residue	Trust	H1	H2	H3	H4	H5	H6
	a-D-GlcpN	78%	5.20	3.66	3.94	3.87	3.85	3.63
2	Ac	98%	-	2.05
4	a-D-GlcpN	66%	5.13	3.95	5.22	4.01	4	3.84-3.86
4,2	Ac	98%	-	2.05
4,4	a-D-Glcp	16%	5.40	3.58	3.81	3.48	3.73	4.06-4.14
4,4,6	S	
4,4,3	b-L-Fucp	40%	4.65	3.54	3.54	3.79	3.91	1.38
4,4,3,4	b-D-Glcp	45%	4.62	3.37	3.58	3.51	3.55	4.08-4.15
4,4,3,4,6	S	
4,4,3,4,2	a-D-Galp	46%	5.46	4.09	4.05	4.06	4.13	4-4.03
4,4,3,4,2,6	S	
4,4,3,4,2,3	a-D-Xylp	55%	5.11	3.62	3.83	3.59	3.60
4,4,3,4,2,3,2	a-D-Fucp	56%	5.53	3.95	4.04	4.01	4.37	1.21
4,4,3,4,2,3,2,2	a-D-Galp	66%	5.60	3.96	3.97	4.21	4.12	3.76
4,4,3,4,2,3,2,2,3	S	
4,4,3,4,2,3,2,2,2	a-D-Galp	73%	5.30	3.85	3.78	4.06	3.75	3.87
4,4,3,4,2,3,2,2,2,3	S	
4,4,3,4,2,3,2,2,2,2	a-D-Galp	68%	5.21	4.02	4.14	4.42	4.47	3.57-3.93
4,4,3,4,2,3,2,2,2,2,3	S	
4,4,3,4,2,3,2,2,2,2,4	b-D-GalpA	50%	4.90	3.54	3.73	4.48	4.18	-
4,4,3,4,2,3,2,2,2,2,4,4	a-D-Galp	62%	4.99	3.85	3.89	4	4.12	3.61
