Linkage	Residue	Trust	C1	C2	C3	C4	C5	C6
	Me	87%	58.0
1	b-D-Galp	64%	97.9	84.6	69.2	70.5	76.1	62.1
1,2	b-D-Galp	36%	107.0	71.6	73.6	78.3	75.2	61.7
1,2,4	a-D-Galp	82%	100.8	69.0	69.7	69.8	71.3	61.1
1,2,2	a-D-Glcp	55%	94.4	75.4	79.3	69.1	72.6	62.1
1,2,2,3	b-D-GalpA	64%	103.3	71.1	72.0	71.1	76.0	174.8
1,2,2,2	a-D-GalpA	35%	96.0	68.3	79.8	75.7	72.1	175.4
1,2,2,2,3	b-D-GalpA	63%	104.5	73.4	73.6	71.3	76.0	180.3
1,2,2,2,4	b-D-ManpA	70%	101.7	73.9	75.6	69.5	75.9	174.3
1,2,2,2,4,2	a-D-Galp	50%	97.9	72.6	80.4	69.7	71.8	65.6
1,2,2,2,4,2,6	S	
1,2,2,2,4,2,3	b-D-GlcpA	65%	104.3	73.4	84.2	69.9	76.5	175.7
1,2,2,2,4,2,3,3	b-D-Fucp	30%	97.9	84.6	73.7	72.5	71.7	16.4
1,2,2,2,4,2,3,3,2	a-D-Fucp	71%	100.5	69.3	71.0	73.1	68.8	16.5
1,2,2,2,4,2,3,3,4	a-D-GlcpN	34%	99.1	54.6	71.4	70.6	72.7	65.5
1,2,2,2,4,2,3,3,4,2	Ac	83%	175.3	23.3
1,2,2,2,4,2,3,3,4,6	S	
1,2,2,2,4,2,3,3,4,2	b-L-Fucp	29%	98.2	72.7	73.7	72.4	71.7	16.1
1,2,2,2,4,2,3,3,4,2,2	b-D-GlcpA	57%	101.1	75.1	76.9	73.4	77.6	176.3
