Linkage	Residue	Trust	H1	H2	H3	H4	H5	H6
	Me	97%	3.56
1	b-D-Galp	44%	4.86	3.64	3.87	4.07	3.67	3.77-3.78
1,2	b-D-Galp	20%	4.53	3.62	3.70	4.03	3.76	3.78-3.83
1,2,4	a-D-Galp	95%	4.96	3.84	3.91	4.04	4.37	3.71-3.72
1,2,2	a-D-Glcp	33%	5.62	3.59	4.17	3.60	3.98	3.75-3.89
1,2,2,3	b-D-GalpA	67%	4.56	3.49	3.60	4.22	4.15	-
1,2,2,2	a-D-GalpA	25%	5.23	4.14	4.18	4.41	4.54	-
1,2,2,2,3	b-D-GalpA	65%	4.72	3.64	3.73	4.37	4.15	-
1,2,2,2,4	b-D-ManpA	59%	4.85	4.48	4.10	3.74	3.43	-
1,2,2,2,4,2	a-D-Galp	55%	5.18	4.07	3.97	4.18	4.15	4-4.03
1,2,2,2,4,2,6	S	
1,2,2,2,4,2,3	b-D-GlcpA	67%	4.67	3.22	3.42	3.62	3.81	-
1,2,2,2,4,2,3,3	b-D-Fucp	13%	4.65	3.44	3.68	3.79	3.82	1.31
1,2,2,2,4,2,3,3,2	a-D-Fucp	54%	5.32	3.84	3.87	3.79	4.30	1.22
1,2,2,2,4,2,3,3,4	a-D-GlcpN	28%	5.20	3.78	3.83	3.57	3.56	4.08-4.15
1,2,2,2,4,2,3,3,4,2	Ac	98%	-	2.05
1,2,2,2,4,2,3,3,4,6	S	
1,2,2,2,4,2,3,3,4,2	b-L-Fucp	17%	4.65	3.65	3.68	3.69	3.85	1.27
1,2,2,2,4,2,3,3,4,2,2	b-D-GlcpA	59%	4.50	3.42	3.51	3.55	3.73	-
