Lineage	Residue	Trust	C1	C2	C3	C4	C5	C6
	a-D-Glcp	90%	100.2	72.6	74.2	78.2	71.0	68.0
6	a-D-Glcp	92%	99.0	72.7	74.1	70.9	73.5	61.8
4	a-D-Glcp	89%	100.8	72.6	74.2	79.4	72.1	61.8
4,4	a-D-Glcp	89%	100.8	72.6	74.2	79.4	72.1	61.8
4,4,4	a-D-Glcp	89%	100.8	72.6	74.2	79.4	72.1	61.8
4,4,4,4	a-D-Glcp	89%	100.8	72.6	74.2	79.4	72.1	61.8
4,4,4,4,4	a-D-Glcp	89%	100.8	72.6	74.2	79.4	72.1	61.8
4,4,4,4,4,4	a-D-Glcp	89%	100.8	72.6	74.2	79.4	72.1	61.8
4,4,4,4,4,4,4	a-D-Glcp	89%	100.8	72.6	74.2	79.4	72.1	61.8
