Linkage	Residue	Trust	C1	C2	C3	C4	C5	C6
	a-D-Xylp	47%	93.5	72.9	71.9	73.2	59.8
4	a-D-Xylp	16%	98.5	72.0	72.9	70.1	61.4
4,3	b-D-Glcp	51%	103.5	74.3	74.9	78.3	75.7	61.9
4,3,4	a-D-Glcp	63%	98.9	78.8	72.4	71.0	73.8	64.6
4,3,4,6	S	
4,3,4,2	a-D-Glcp	54%	101.0	72.4	73.4	78.0	71.5	69.4
4,3,4,2,6	S	
4,3,4,2,4	a-D-Glcp	59%	97.5	77.2	72.0	71.1	73.4	64.9
4,3,4,2,4,6	S	
4,3,4,2,4,2	a-D-GalpA	40%	96.0	69.7	76.7	77.5	72.1	175.4
4,3,4,2,4,2,4	b-D-Fucp	72%	101.7	70.8	73.8	72.4	71.9	16.5
4,3,4,2,4,2,3	a-D-GlcpA	65%	97.7	76.9	74.2	72.1	73.3	176.5
4,3,4,2,4,2,3,2	a-D-GlcpA	67%	97.1	72.6	74.1	78.3	73.6	175.9
4,3,4,2,4,2,3,2,4	a-D-GalpA	39%	100.8	69.8	70.0	75.5	72.2	175.3
4,3,4,2,4,2,3,2,4,4	b-D-ManpA	70%	101.7	73.9	75.6	69.5	75.9	174.3
4,3,4,2,4,2,3,2,4,4,2	a-D-Xylp	17%	98.5	73.1	72.9	73.2	61.4
4,3,4,2,4,2,3,2,4,4,2,4	a-D-Galp	64%	101.2	69.5	70.4	70.3	72.0	62.1
