Linkage	Residue	Trust	H1	H2	H3	H4	H5	H6
	a-D-Xylp	33%	5.16	3.54	3.85	3.66	3.67-3.76
4	a-D-Xylp	0%	5.10	3.55	3.70	3.66	3.67-3.76
4,3	b-D-Glcp	38%	4.52	3.47	3.78	3.85	3.81	3.78-3.92
4,3,4	a-D-Glcp	77%	5.49	3.67	3.83	3.46	3.77	4.08-4.17
4,3,4,6	S	
4,3,4,2	a-D-Glcp	51%	5.38	3.62	3.87	3.64	3.82	4.02-4.22
4,3,4,2,6	S	
4,3,4,2,4	a-D-Glcp	58%	5.69	3.68	3.82	3.48	3.77	4.06-4.15
4,3,4,2,4,6	S	
4,3,4,2,4,2	a-D-GalpA	39%	5.23	4.09	4.11	4.65	4.54	-
4,3,4,2,4,2,4	b-D-Fucp	73%	4.57	3.97	3.84	3.77	3.91	1.25
4,3,4,2,4,2,3	a-D-GlcpA	60%	5.29	3.67	4.05	4.30	4.57	-
4,3,4,2,4,2,3,2	a-D-GlcpA	61%	5.25	3.62	3.99	3.79	4.17	-
4,3,4,2,4,2,3,2,4	a-D-GalpA	53%	5	3.82	3.88	4.47	4.23	-
4,3,4,2,4,2,3,2,4,4	b-D-ManpA	59%	4.85	4.48	4.10	3.74	3.43	-
4,3,4,2,4,2,3,2,4,4,2	a-D-Xylp	17%	5.10	3.63	3.70	3.66	3.67-3.76
4,3,4,2,4,2,3,2,4,4,2,4	a-D-Galp	34%	5.21	3.90	3.89	4	4.12	3.74-3.75
