Linkage	Residue	Trust	C1	C2	C3	C4	C5	C6	C7	C8	C9
	a-D-GlcpN	57%	91.6	54.5	72.0	71.1	73.2	62.0
2	Ac	83%	175.3	23.3
2	b-D-GlcpN	23%	102.2	56.4	74.1	70.7	76.0	65.9
2,2	Ac	88%	175.6	23.4
2,6	S	
2,2	a-D-Glcp	41%	99.2	72.6	72.0	76.3	71.5	65.1
2,2,6	S	
2,2,4	b-D-Galp	38%	104.0	72.1	76.2	69.6	75.8	65.4
2,2,4,6	S	
2,2,4,3	b-Neup	50%	175.1	96.9	40.2	67.4	52.5	70.7	69.0	72.9	63.7
2,2,4,3,5	Ac	83%	176.3	23.6
2,2,4,3,4	b-D-Glcp	50%	103.5	74.4	71.9	78.5	76.5	62.1
2,2,4,3,4,4	a-D-GlcpN	52%	98.1	54.4	71.0	80.7	72.7	64.4
2,2,4,3,4,4,2	Ac	83%	175.3	23.3
2,2,4,3,4,4,6	S	
2,2,4,3,4,4,4	b-D-GlcpN	73%	101.7	55.4	74.7	80.5	77.0	60.8
2,2,4,3,4,4,4,2	Ac	88%	175.6	23.4
2,2,4,3,4,4,4,4	b-D-GlcpN	66%	101.8	56.2	74.1	80.9	76.0	61.7
2,2,4,3,4,4,4,4,2	Ac	88%	175.6	23.4
2,2,4,3,4,4,4,4,4	a-D-GlcpN	39%	98.2	54.6	71.4	70.6	73.5	65.5
2,2,4,3,4,4,4,4,4,2	Ac	83%	175.3	23.3
2,2,4,3,4,4,4,4,4,6	S	
2,2,4,3,4,4,4,4,4,2	a-D-Galp	36%	99.1	69.1	70.0	77.4	71.8	66.1
2,2,4,3,4,4,4,4,4,2,6	S	
2,2,4,3,4,4,4,4,4,2,4	b-D-ManpA	57%	102.0	71.5	73.3	78.1	77.4	178.3
2,2,4,3,4,4,4,4,4,2,4,4	a-D-GlcpA	61%	97.9	76.9	69.1	68.9	73.1	176.5
2,2,4,3,4,4,4,4,4,2,4,4,2	a-D-GalpA	53%	103.0	77.9	70.5	71.4	72.2	175.8
2,2,4,3,4,4,4,4,4,2,4,4,2,2	b-D-Fucp	32%	102.8	71.3	74.9	72.5	71.7	16.4
2,2,4,3,4,4,4,4,4,2,4,4,2,2,3	b-Neup	54%	175.1	96.9	41.1	69.2	53.3	70.7	69.8	73.3	64.2
2,2,4,3,4,4,4,4,4,2,4,4,2,2,3,5	Ac	83%	176.3	23.6
