Linkage	Residue	Trust	H1	H2	H3	H4	H5	H6	H7	H8	H9
	a-D-GlcpN	31%	5.24	3.74	3.84	3.55	3.73	3.64-3.92
2	Ac	98%	-	2.05
2	b-D-GlcpN	22%	4.69	3.60	3.66	3.57	3.55	4.06-4.13
2,2	Ac	98%	-	2.03
2,6	S	
2,2	a-D-Glcp	40%	5.18	3.58	3.80	3.80	3.92	4.11-4.18
2,2,6	S	
2,2,4	b-D-Galp	41%	4.47	3.60	3.78	4.11	3.83	4.01-4.03
2,2,4,6	S	
2,2,4,3	b-Neup	36%	-	-	1.82-2.27	4.15	3.82	4.25	3.59	3.82	3.63-3.84
2,2,4,3,5	Ac	95%	-	2.05
2,2,4,3,4	b-D-Glcp	39%	4.61	3.36	3.69	3.65	3.66	3.80-3.92
2,2,4,3,4,4	a-D-GlcpN	48%	5.34	4.13	3.84	3.44	4.30	4.06
2,2,4,3,4,4,2	Ac	98%	-	2.05
2,2,4,3,4,4,6	S	
2,2,4,3,4,4,4	b-D-GlcpN	27%	4.44	3.80	3.57	3.49	3.43	3.54-3.74
2,2,4,3,4,4,4,2	Ac	98%	-	2.03
2,2,4,3,4,4,4,4	b-D-GlcpN	62%	4.47	3.82	3.93	3.67	3.53	3.79-3.89
2,2,4,3,4,4,4,4,2	Ac	98%	-	2.03
2,2,4,3,4,4,4,4,4	a-D-GlcpN	28%	5.20	3.78	3.83	3.41	3.71	4.08-4.15
2,2,4,3,4,4,4,4,4,2	Ac	98%	-	2.05
2,2,4,3,4,4,4,4,4,6	S	
2,2,4,3,4,4,4,4,4,2	a-D-Galp	30%	5.22	3.89	3.88	4.16	3.92	4-4.05
2,2,4,3,4,4,4,4,4,2,6	S	
2,2,4,3,4,4,4,4,4,2,4	b-D-ManpA	30%	4.83	4.36	3.83	3.78	3.78	-
2,2,4,3,4,4,4,4,4,2,4,4	a-D-GlcpA	53%	5.63	3.67	3.98	3.31	4.21	-
2,2,4,3,4,4,4,4,4,2,4,4,2	a-D-GalpA	16%	5.30	3.92	4.01	4.30	4.46	-
2,2,4,3,4,4,4,4,4,2,4,4,2,2	b-D-Fucp	31%	4.65	3.54	3.78	3.73	3.82	1.24
2,2,4,3,4,4,4,4,4,2,4,4,2,2,3	b-Neup	55%	-	-	1.82-2.27	3.66	3.82	4.23	3.58	3.87	3.64-3.87
2,2,4,3,4,4,4,4,4,2,4,4,2,2,3,5	Ac	95%	-	2.05
