Linkage	Residue	Trust	C1	C2	C3	C4	C5	C6	C7	C8	C9
	b-D-Glcp	85%	97.0	75.1	75.7	79.6	76.0	61.4
4	b-D-Galp	67%	104.4	72.5	74.2	77.8	76.0	62.2
4,4	b-D-GalpN	66%	103.1	52.1	81.0	68.9	75.3	64.4
4,4,2	Ac	76%	175.7	23.6
4,4,6	a-Neup	72%	176.1	103.0	42.9	70.9	54.3	75.9	71.3	80.3	63.5
4,4,6,5	Ac	83%	54.9	25.1
4,4,6,8	a-Neup	62%	175.5	102.0	42.3	70.3	53.5	74.4	69.9	73.3	64.4
4,4,6,8,5	Ac	83%	54.9	25.1
4,4,3	b-D-Galp	82%	105.3	70.0	76.2	68.3	75.4	61.9
4,4,3,3	a-Neup	77%	173.8	99.8	40.5	69.0	53.1	75.0	70.3	79.2	62.5
4,4,3,3,5	Ac	83%	54.9	25.1
4,4,3,3,8	a-Neup	62%	175.5	102.0	42.3	70.3	53.5	74.4	69.9	73.3	64.4
4,4,3,3,8,5	Ac	83%	54.9	25.1
