Linkage	Residue	Trust	C1	C2	C3	C4	C5	C6
	a-D-GalpA	83%	93.6	67.3	75.4	68.1	71.3	180.3
3	a-D-GalpA	67%	97.1	69.2	70.1	80.1	72.2	174.8
3,4	a-D-GlcpN	48%	100.4	54.6	72.4	71.2	72.7	64.6
3,4,2	Ac	83%	175.3	23.3
3,4,6	S	
3,4,2	a-D-Glcp	44%	99.2	82.2	70.9	68.8	72.3	64.9
3,4,2,6	S	
3,4,2,2	b-D-Glcp	62%	102.8	73.4	74.1	73.8	73.5	64.8
3,4,2,2,6	S	
3,4,2,2,4	a-D-Galp	60%	102.2	71.1	70.9	77.9	73.0	61.8
3,4,2,2,4,4	b-D-GlcpA	64%	105.7	78.0	81.0	69.9	77.0	176.9
3,4,2,2,4,4,3	b-D-Glcp	71%	102.0	73.8	75.9	70.0	75.5	61.1
