Linkage	Residue	Trust	C1	C2	C3	C4	C5	C6	C7	C8	C9
	b-D-GlcpA	54%	96.7	74.8	85.5	77.9	77.0	174.9
3	b-D-GlcpA	60%	105.5	73.8	75.9	73.4	77.6	176.3
4	a-D-Fucp	45%	104.9	75.2	81.0	73.0	68.3	16.7
4,3	b-D-Galp	63%	106.5	73.4	73.8	70.0	76.0	60.7
4,2	b-D-Galp	68%	104.8	73.0	76.8	68.3	75.3	62.2
4,2,3	S	
4,2,2	a-D-Glcp	59%	97.9	72.7	73.7	77.6	71.1	69.5
4,2,2,6	S	
4,2,2,4	b-D-GlcpA	40%	98.4	73.0	76.1	78.1	76.3	178.1
4,2,2,4,3	b-Neup	45%	175.5	96.9	37.1	72.9	50.8	70.7	69.8	73.1	64.1
4,2,2,4,3,5	Ac	83%	176.3	23.6
4,2,2,4,3,4	a-D-Fucp	30%	100.5	69.0	78.9	79.0	68.3	16.7
4,2,2,4,3,4,4	a-D-Galp	71%	101.1	69.2	70.4	70.3	72.0	62.1
4,2,2,4,3,4,3	b-D-Galp	46%	105.2	71.6	76.3	71.4	75.9	62.1
4,2,2,4,3,4,3,3	a-L-Fucp	65%	104.1	71.1	71.0	73.1	68.8	16.5
