Linkage	Residue	Trust	H1	H2	H3	H4	H5	H6	H7	H8	H9
	b-D-GlcpA	45%	4.68	3.40	4.29	3.83	4.16	-
3	b-D-GlcpA	22%	5.14	3.61	3.85	3.55	3.73	-
4	a-D-Fucp	43%	4.97	3.89	4.25	4.02	4.37	1.21
4,3	b-D-Galp	58%	4.82	3.64	3.65	3.94	3.68	3.76-3.78
4,2	b-D-Galp	50%	4.53	3.62	4.24	4.23	3.72	3.76
4,2,3	S	
4,2,2	a-D-Glcp	32%	5.38	3.61	3.79	3.80	4.12	3.83-3.86
4,2,2,6	S	
4,2,2,4	b-D-GlcpA	18%	4.64	3.40	3.62	3.58	3.93	-
4,2,2,4,3	b-Neup	52%	-	-	1.82-2.27	4.01	4.02	4.25	3.58	3.86	3.64-3.87
4,2,2,4,3,5	Ac	95%	-	2.05
4,2,2,4,3,4	a-D-Fucp	22%	5.10	3.88	4.01	3.91	4.30	1.22
4,2,2,4,3,4,4	a-D-Galp	63%	5.02	3.85	3.89	4	4.12	3.74-3.75
4,2,2,4,3,4,3	b-D-Galp	36%	4.70	3.60	3.76	3.94	3.68	3.80
4,2,2,4,3,4,3,3	a-L-Fucp	54%	5.05	3.75	3.87	3.79	4.30	1.22
