Linkage	Residue	Trust	C1	C2	C3	C4	C5	C6
	Me	83%	56.0
1	a-D-GlcpN	59%	101.5	50.3	74.9	69.8	71.0	62.0
1,2	Ac	83%	175.3	23.3
1,3	a-D-GlcpN	45%	99.0	54.6	71.7	70.1	72.5	61.2
1,3,2	Ac	83%	175.3	23.3
1,3,2	a-D-Glcp	26%	99.2	72.5	73.1	77.0	72.4	64.9
1,3,2,6	S	
1,3,2,4	a-D-ManpA	18%	98.9	68.7	73.4	73.3	73.1	173.5
1,3,2,4,2	b-D-ManpA	58%	100.1	71.3	73.6	69.5	76.6	176.5
1,3,2,4,4	b-D-Xylp	41%	104.9	81.6	76.2	70.8	65.5
1,3,2,4,4,2	b-D-Galp	45%	104.3	72.9	74.1	77.9	75.8	62.0
1,3,2,4,4,2,6	S	
1,3,2,4,4,2,4	b-D-Galp	43%	105.1	72.4	76.1	68.0	75.4	65.7
1,3,2,4,4,2,4,6	S	
1,3,2,4,4,2,4,3	a-D-Fucp	77%	101.0	68.4	80.0	73.0	67.9	16.4
1,3,2,4,4,2,4,3,3	b-D-GlcpA	49%	104.7	82.5	77.4	72.5	76.7	176.2
1,3,2,4,4,2,4,3,3,2	b-D-Glcp	70%	102.6	76.5	76.6	70.7	77.3	62.2
1,3,2,4,4,2,4,3,3,2,2	b-D-GlcpA	50%	101.1	75.8	83.0	73.1	76.7	175.8
1,3,2,4,4,2,4,3,3,2,2,3	a-D-GalpA	65%	98.5	68.9	70.0	71.3	72.6	175.9
