Linkage	Residue	Trust	H1	H2	H3	H4	H5	H6
	Me	95%	3.41
1	a-D-GlcpN	68%	4.74	3.97	3.78	3.58	3.93	3.63
1,2	Ac	98%	-	2.05
1,3	a-D-GlcpN	34%	5.20	3.78	3.83	3.63	3.71	3.84
1,3,2	Ac	98%	-	2.05
1,3,2	a-D-Glcp	24%	5.18	3.58	3.84	3.68	3.80	4.07-4.15
1,3,2,6	S	
1,3,2,4	a-D-ManpA	8%	5	4.05	?	3.76	4.28	-
1,3,2,4,2	b-D-ManpA	64%	4.88	4.14	3.66	3.74	3.67	-
1,3,2,4,4	b-D-Xylp	37%	4.50	3.65	3.48	3.64	3.32-3.94
1,3,2,4,4,2	b-D-Galp	41%	4.80	3.60	3.72	4.12	3.74	3.79-3.86
1,3,2,4,4,2,6	S	
1,3,2,4,4,2,4	b-D-Galp	38%	4.70	3.60	3.74	4.06	3.71	3.99
1,3,2,4,4,2,4,6	S	
1,3,2,4,4,2,4,3	a-D-Fucp	82%	5.18	3.99	4.13	4.02	4.34	1.20
1,3,2,4,4,2,4,3,3	b-D-GlcpA	40%	5.09	3.41	3.60	3.68	3.72	-
1,3,2,4,4,2,4,3,3,2	b-D-Glcp	38%	4.87	3.72	3.75	3.45	3.46	3.73-3.93
1,3,2,4,4,2,4,3,3,2,2	b-D-GlcpA	43%	4.73	3.45	3.69	3.80	3.83	-
1,3,2,4,4,2,4,3,3,2,2,3	a-D-GalpA	36%	5.36	3.94	3.92	4.21	4.50	-
