Linkage	Residue	Trust	C1	C2	C3	C4	C5	C6
	Me	87%	58.0
1	b-D-Galp	68%	104.0	72.6	74.2	78.5	76.0	62.0
1,4	b-D-Galp	52%	103.3	71.6	73.2	74.8	76.5	60.9
1,4,2	a-D-GlcpA	72%	97.9	72.7	73.7	70.1	73.2	175.0
1,4,4	b-D-Galp	59%	105.1	72.5	73.8	78.6	75.5	61.5
1,4,4,6	S	
1,4,4,4	b-D-GlcpN	40%	102.2	56.4	74.1	70.7	77.6	65.6
1,4,4,4,2	Ac	88%	175.6	23.4
1,4,4,4,6	S	
1,4,4,4,2	a-D-GlcpN	19%	96.1	54.5	72.8	77.5	72.7	65.5
1,4,4,4,2,2	Ac	83%	175.3	23.3
1,4,4,4,2,6	S	
1,4,4,4,2,4	a-D-Fucp	45%	97.1	69.4	76.0	80.0	68.3	16.6
1,4,4,4,2,4,3	a-D-Manp	80%	103.0	71.3	71.9	67.7	72.9	61.1
1,4,4,4,2,4,4	a-D-Galp	57%	100.8	77.5	73.7	71.5	71.8	61.8
1,4,4,4,2,4,4,3	S	
1,4,4,4,2,4,4,2	b-D-Galp	55%	104.7	72.5	78.4	74.8	75.3	61.9
1,4,4,4,2,4,4,2,3	S	
1,4,4,4,2,4,4,2,4	b-D-Glcp	48%	103.3	80.4	75.4	75.4	78.8	65.1
1,4,4,4,2,4,4,2,4,6	S	
1,4,4,4,2,4,4,2,4,2	b-D-Galp	63%	105.6	72.9	76.5	68.5	77.4	62.4
1,4,4,4,2,4,4,2,4,2,3	S	
1,4,4,4,2,4,4,2,4,2,2	a-D-Galp	61%	99.4	68.2	70.7	79.7	71.5	59.8
1,4,4,4,2,4,4,2,4,2,2,6	S	
1,4,4,4,2,4,4,2,4,2,2,4	b-D-GalpA	67%	102.7	72.0	74.0	71.1	76.0	175.8
