Lineage	Residue	Trust	C1	C2	C3	C4	C5	C6
	Me	93%	58.2
1	b-D-Galp	82%	104.4	71.6	74.3	78.5	75.8	62.1
1,4	b-D-Galp	90%	104.9	78.3	73.3	78.2	75.8	61.7
1,4,2	a-D-GlcpA	90%	98.8	72.3	73.7	72.0	72.3	173.8
1,4,4	b-D-Galp	63%	105.2	72.2	74.0	78.6	75.3	63.8
1,4,4,6	S		
1,4,4,4	b-D-GlcpN	50%	102.4	61.7	73.8	70.8	77.5	65.5
1,4,4,4,2	Ac	99%	175.6	23.5
1,4,4,4,6	S		175.6
1,4,4,4,2	a-D-GlcpN	46%	97.7	55.3	72.5	78.2	70.7	65.1
1,4,4,4,2,2	Ac	98%	175.3	23.2
1,4,4,4,2,6	S		175.4
1,4,4,4,2,4	a-D-Fucp	43%	98.3	68.9	75.2	79.7	68.1	16.5
1,4,4,4,2,4,3	a-D-Manp	90%	99.1	71.1	71.6	68.0	74.1	61.8
1,4,4,4,2,4,4	a-D-Galp	62%	100.9	77.6	74.0	70.6	72.1	62.0
1,4,4,4,2,4,4,3	S		
1,4,4,4,2,4,4,2	b-D-Galp	58%	105.4	70.6	78.9	76.4	75.5	62.1
1,4,4,4,2,4,4,2,3	S		
1,4,4,4,2,4,4,2,4	b-D-Glcp	77%	103.3	81.4	76.6	71.3	76.1	65.1
1,4,4,4,2,4,4,2,4,6	S		
1,4,4,4,2,4,4,2,4,2	b-D-Galp	57%	104.9	73.6	77.1	68.8	77.0	62.3
1,4,4,4,2,4,4,2,4,2,3	S		
1,4,4,4,2,4,4,2,4,2,2	a-D-Galp	79%	99.3	68.8	70.7	79.8	70.5	65.0
1,4,4,4,2,4,4,2,4,2,2,6	S		
1,4,4,4,2,4,4,2,4,2,2,4	b-D-GalpA	89%	105.2	70.8	74.2	71.5	75.9	174.3
