Linkage	Residue	Trust	H1	H2	H3	H4	H5	H6
	Me	97%	3.56
1	b-D-Galp	65%	4.40	3.59	3.74	4.14	3.75	3.77-3.81
1,4	b-D-Galp	32%	4.48	3.62	3.70	4.01	3.68	3.71-3.75
1,4,2	a-D-GlcpA	41%	5.38	3.61	3.80	3.79	4.20	-
1,4,4	b-D-Galp	60%	4.68	3.55	4.24	4.22	3.65	3.79-3.80
1,4,4,6	S	
1,4,4,4	b-D-GlcpN	18%	4.69	3.60	3.66	3.61	3.44	4.06-4.13
1,4,4,4,2	Ac	98%	-	2.03
1,4,4,4,6	S	
1,4,4,4,2	a-D-GlcpN	14%	5.23	3.73	4.60	3.80	3.94	4.08-4.15
1,4,4,4,2,2	Ac	98%	-	2.05
1,4,4,4,2,6	S	
1,4,4,4,2,4	a-D-Fucp	39%	5.07	3.88	4.07	4.08	4.30	1.18
1,4,4,4,2,4,3	a-D-Manp	86%	5.07	4.06	3.91	3.70	3.88	3.72-3.77
1,4,4,4,2,4,4	a-D-Galp	51%	5.11	3.90	4.51	4.06	4.14	3.75-3.76
1,4,4,4,2,4,4,3	S	
1,4,4,4,2,4,4,2	b-D-Galp	62%	4.52	3.61	4.21	4.34	3.76	3.73-3.75
1,4,4,4,2,4,4,2,3	S	
1,4,4,4,2,4,4,2,4	b-D-Glcp	56%	4.38	4.36	3.78	3.65	3.50	4.08-4.15
1,4,4,4,2,4,4,2,4,6	S	
1,4,4,4,2,4,4,2,4,2	b-D-Galp	42%	4.53	3.62	4.24	4.21	3.61	3.85-3.94
1,4,4,4,2,4,4,2,4,2,3	S	
1,4,4,4,2,4,4,2,4,2,2	a-D-Galp	60%	5.51	4.02	3.98	4.23	3.91	3.57-3.93
1,4,4,4,2,4,4,2,4,2,2,6	S	
1,4,4,4,2,4,4,2,4,2,2,4	b-D-GalpA	81%	4.87	3.54	3.76	4.24	4.01	-
