Lineage	Residue	Trust	C1	C2	C3	C4	C5	C6	C7	C8
	Me	100%	58.3
1	b-D-Galp	88%	104.6	71.2	74.4	78.6	75.6	62.2
1,4	b-D-Galp	100%	105.3	78.3	73.3	78.6	75.6	62.2
1,4,2	a-D-GlcpA	100%	99.4	72.0	73.6	72.5	72.2	173.5
1,4,4	b-D-Galp	50%	105.5	71.8	74.4	78.6	74.5	65.8
1,4,4,6	S	50%
1,4,4,4	b-D-GlcpNAc	25%	104.3	61.7	73.8	70.8	76.4	64.6	175.6	23.5
1,4,4,4,6	S	50%
1,4,4,4,2	a-D-GlcpNAc	50%	97.7	55.3	72.3	78.2	70.7	64.6	175.4	23.2
1,4,4,4,2,6	S	50%
1,4,4,4,2,4	a-D-Fucp	38%	100.9	67.7	74.0	78.6	68.1	16.0
1,4,4,4,2,4,3	a-D-Manp	100%	97.7	71.0	71.5	68.2	74.7	62.3
1,4,4,4,2,4,4	a-D-Galp	50%	101.3	77.6	74.4	70.0	72.2	62.4
1,4,4,4,2,4,4,3	S	50%
1,4,4,4,2,4,4,2	b-D-Galp	63%	105.6	69.7	79.3	78.3	75.6	62.2
1,4,4,4,2,4,4,2,3	S	50%
1,4,4,4,2,4,4,2,4	b-D-Glcp	75%	103.3	81.6	76.6	69.9	76.0	65.2
1,4,4,4,2,4,4,2,4,6	S	50%
1,4,4,4,2,4,4,2,4,2	b-D-Galp	50%	104.5	74.8	77.9	69.7	76.3	62.2
1,4,4,4,2,4,4,2,4,2,3	S	50%
1,4,4,4,2,4,4,2,4,2,2	a-D-Galp	75%	99.3	69.6	70.7	79.9	70.4	66.0
1,4,4,4,2,4,4,2,4,2,2,6	S	50%
1,4,4,4,2,4,4,2,4,2,2,4	b-D-GalpA	100%	106.0	70.4	74.3	71.6	75.9	173.8
