Linkage	Residue	Trust	H1	H2	H3	H4	H5	H6
	Me	98%	3.57
1	b-D-GlcpA	60%	4.40	3.72	4.13	4.13	4.01	-
1,3	b-D-GlcpA	22%	5.14	3.61	3.85	3.55	3.73	-
1,4	b-D-Galp	69%	4.66	3.70	3.74	4.05	3.71	4
1,4,6	S	
1,4,2	a-D-Glcp	48%	5.49	3.58	3.78	3.51	3.98	3.75-3.89
1,4,2,3	a-D-GlcpN	28%	5.20	3.78	3.83	3.48	3.98	3.76-3.87
1,4,2,3,2	Ac	98%	-	2.05
1,4,2,3,2	b-D-Galp	40%	4.54	3.60	4.16	4.27	3.70	3.71-3.82
1,4,2,3,2,3	S	
1,4,2,3,2,4	b-D-GlcpN	18%	4.69	3.60	3.66	3.61	3.44	4.06-4.13
1,4,2,3,2,4,2	Ac	98%	-	2.03
1,4,2,3,2,4,6	S	
1,4,2,3,2,4,2	b-D-GalpA	26%	4.55	3.60	3.80	4.47	4.18	-
1,4,2,3,2,4,2,3	a-D-Xylp	54%	5.13	3.59	3.59	3.62	3.55-3.69
