Linkage	Residue	Trust	C1	C2	C3	C4	C5	C6
	Me	83%	57.8
1	a-D-Xylp	65%	100.0	72.7	73.2	70.4	65.1
1,2	a-D-Xylp	21%	99.9	72.1	72.9	73.2	62.6
1,2,4	a-D-GlcpA	59%	101.2	72.6	73.7	72.5	73.2	175.8
1,2,2	b-D-GlcpN	49%	102.2	57.0	82.7	70.2	76.1	65.7
1,2,2,2	Ac	88%	175.6	23.4
1,2,2,6	S	
1,2,2,3	b-D-GlcpN	51%	96.6	56.4	75.8	71.5	77.1	62.2
1,2,2,3,2	Ac	88%	175.6	23.4
1,2,2,3,2	b-D-Glcp	42%	103.5	80.0	75.9	70.6	76.7	62.2
1,2,2,3,2,2	a-D-GlcpN	54%	100.5	55.1	77.3	71.9	74.2	62.6
1,2,2,3,2,2,2	Ac	83%	175.3	23.3
1,2,2,3,2,2,3	a-D-Galp	68%	99.7	69.7	70.2	80.2	71.7	63.7
1,2,2,3,2,2,3,4	a-L-Fucp	56%	99.7	69.3	69.6	70.9	68.9	16.8
1,2,2,3,2,2,3,4,2	b-L-Fucp	49%	102.8	71.3	77.9	71.6	68.4	17.3
1,2,2,3,2,2,3,4,2,3	a-D-Galp	53%	104.0	72.3	70.2	70.4	72.4	62.6
1,2,2,3,2,2,3,4,2,3,2	a-D-GlcpN	78%	94.5	54.4	72.1	71.0	73.1	62.1
1,2,2,3,2,2,3,4,2,3,2,2	Ac	83%	175.3	23.3
