Linkage	Residue	Trust	H1	H2	H3	H4	H5	H6
	Me	95%	3.33
1	a-D-Xylp	27%	5.20	3.85	3.80	3.65	3.82
1,2	a-D-Xylp	0%	5.10	3.61	3.70	3.66	3.67-3.76
1,2,4	a-D-GlcpA	9%	5.20	3.65	3.78	3.61	4.20	-
1,2,2	b-D-GlcpN	40%	4.91	3.58	3.80	3.51	3.47	4.09-4.16
1,2,2,2	Ac	98%	-	2.03
1,2,2,6	S	
1,2,2,3	b-D-GlcpN	36%	4.69	3.60	3.66	3.38	3.45	3.71-3.96
1,2,2,3,2	Ac	98%	-	2.03
1,2,2,3,2	b-D-Glcp	47%	4.62	3.37	3.59	3.45	3.47	3.76-3.88
1,2,2,3,2,2	a-D-GlcpN	42%	5.15	3.76	4	3.78	3.88	3.84-3.89
1,2,2,3,2,2,2	Ac	98%	-	2.05
1,2,2,3,2,2,3	a-D-Galp	63%	5.50	3.77	4.05	4.08	4.27	3.82-3.96
1,2,2,3,2,2,3,4	a-L-Fucp	32%	5.10	3.89	3.91	4.08	4.11	1.25
1,2,2,3,2,2,3,4,2	b-L-Fucp	40%	4.65	3.54	3.49	3.67	3.84	1.33
1,2,2,3,2,2,3,4,2,3	a-D-Galp	45%	5.21	3.90	4.04	3.93	3.49	3.55-3.76
1,2,2,3,2,2,3,4,2,3,2	a-D-GlcpN	66%	5.10	4.03	3.76	3.53	3.85	3.75-3.87
1,2,2,3,2,2,3,4,2,3,2,2	Ac	98%	-	2.05
