Linkage	Residue	Trust	C1	C2	C3	C4	C5	C6
	a-D-Xylp	52%	93.5	72.5	71.9	78.1	59.8
4	b-D-Glcp	52%	104.8	74.3	77.0	78.6	76.2	65.4
4,6	S	
4,4	a-D-GlcpN	41%	97.8	54.6	71.4	70.3	73.1	61.1
4,4,2	Ac	83%	175.3	23.3
4,4,2	b-D-GlcpN	43%	102.2	55.6	84.3	69.6	76.1	65.7
4,4,2,2	Ac	88%	175.6	23.4
4,4,2,6	S	
4,4,2,3	b-D-ManpA	51%	101.1	81.8	72.2	69.5	77.8	176.5
4,4,2,3,2	b-D-Glcp	58%	104.5	74.8	76.5	78.6	75.4	62.0
4,4,2,3,2,4	a-D-Galp	42%	99.1	69.2	74.5	68.9	73.3	62.9
4,4,2,3,2,4,3	S	
4,4,2,3,2,4,2	b-D-GlcpN	65%	104.3	55.6	81.1	72.2	77.0	65.7
4,4,2,3,2,4,2,2	Ac	88%	175.6	23.4
4,4,2,3,2,4,2,6	S	
4,4,2,3,2,4,2,3	a-D-GlcpA	42%	101.5	72.8	73.4	75.8	73.1	172.5
4,4,2,3,2,4,2,3,4	a-L-Fucp	59%	99.8	66.8	71.4	76.8	67.9	16.5
4,4,2,3,2,4,2,3,4,3	a-D-GlcpN	67%	99.4	54.8	73.6	71.3	73.4	62.1
4,4,2,3,2,4,2,3,4,3,2	Ac	83%	175.3	23.3
