Linkage	Residue	Trust	H1	H2	H3	H4	H5	H6
	a-D-Xylp	48%	5.16	3.57	3.73	3.98	4.72
4	b-D-Glcp	37%	5.49	3.55	3.62	3.57	3.64	3.80-3.90
4,6	S	
4,4	a-D-GlcpN	35%	5.20	3.78	3.83	3.43	3.76	3.76-3.84
4,4,2	Ac	98%	-	2.05
4,4,2	b-D-GlcpN	30%	4.70	3.58	3.74	3.58	3.54	4.09-4.16
4,4,2,2	Ac	98%	-	2.03
4,4,2,6	S	
4,4,2,3	b-D-ManpA	35%	4.61	3.99	3.61	3.74	3.75	-
4,4,2,3,2	b-D-Glcp	59%	4.55	3.41	3.64	3.62	3.49	3.72-3.88
4,4,2,3,2,4	a-D-Galp	54%	5.63	3.90	3.97	4.11	3.59	3.82-3.83
4,4,2,3,2,4,3	S	
4,4,2,3,2,4,2	b-D-GlcpN	65%	4.63	3.86	3.83	3.68	3.48	4.09-4.16
4,4,2,3,2,4,2,2	Ac	98%	-	2.03
4,4,2,3,2,4,2,6	S	
4,4,2,3,2,4,2,3	a-D-GlcpA	28%	5.35	3.49	3.58	3.73	4.24	-
4,4,2,3,2,4,2,3,4	a-L-Fucp	55%	5	3.74	3.69	3.95	4.50	1.19
4,4,2,3,2,4,2,3,4,3	a-D-GlcpN	81%	5.22	3.95	3.80	3.48	3.95	3.67-3.78
4,4,2,3,2,4,2,3,4,3,2	Ac	98%	-	2.05
