Linkage	Residue	Trust	H1	H2	H3	H4	H5	H6	H7	H8	H9
	b-L-Fucp	30%	4.72	3.65	3.69	3.73	3.80	1.23
2	b-L-Fucp	57%	5.08	3.60	3.62	3.77	3.91	1.25
3	b-D-GlcpN	20%	4.69	3.60	3.66	3.42	3.67	3.79-3.90
3,2	Ac	98%	-	2.03
3,2	b-D-Galp	31%	4.54	3.60	3.83	4.16	3.73	4.01
3,2,6	S	
3,2,3	b-D-Xylp	52%	4.75	3.39	3.57	3.84	3.51-3.88
3,2,3,4	a-D-ManpA	0%	4.95	4.05	3.80	3.76	4.38	-
3,2,3,4,4	b-D-Xylp	61%	4.42	3.30	3.43	3.63	3.34-3.94
3,2,3,4,3	b-D-Manp	25%	4.83	4.12	4.14	3.64	3.47	3.72-3.94
3,2,3,4,3,3	b-Neup	34%	-	-	1.82-2.27	4.15	3.82	4.25	3.58	3.86	3.64-3.87
3,2,3,4,3,3,5	Ac	95%	-	2.05
3,2,3,4,3,3,4	b-D-ManpA	5%	4.61	3.99	3.69	3.74	3.68	-
3,2,3,4,3,3,4,3	a-Neup	52%	-	-	1.76-2.73	3.72	4.02	3.74	3.58	3.86	3.64-3.87
3,2,3,4,3,3,4,3,5	Ac	99%	-	2.03
3,2,3,4,3,3,4,3,4	a-D-Fucp	24%	5.10	3.89	3.91	3.83	4.29	1.22
3,2,3,4,3,3,4,3,4,2	b-D-GlcpN	60%	4.81	3.73	3.81	3.70	3.70	4.02-4.22
3,2,3,4,3,3,4,3,4,2,2	Ac	98%	-	2.03
3,2,3,4,3,3,4,3,4,2,6	S	
3,2,3,4,3,3,4,3,4,2,4	a-D-Glcp	41%	4.97	3.59	4.05	3.70	3.67	4.06-4.15
3,2,3,4,3,3,4,3,4,2,4,6	S	
3,2,3,4,3,3,4,3,4,2,4,2	b-D-Galp	57%	4.60	3.66	3.73	4.03	3.76	4.17
3,2,3,4,3,3,4,3,4,2,4,2,6	S	
3,2,3,4,3,3,4,3,4,2,4,2,4	a-D-Galp	80%	5.01	3.94	4.02	4.06	4.41	3.94-4.03
3,2,3,4,3,3,4,3,4,2,4,2,4,6	S	
3,2,3,4,3,3,4,3,4,2,4,2,4,4	a-D-GlcpN	31%	5.20	3.78	3.83	3.73	4.35	4.08-4.15
3,2,3,4,3,3,4,3,4,2,4,2,4,4,2	Ac	98%	-	2.05
3,2,3,4,3,3,4,3,4,2,4,2,4,4,6	S	
3,2,3,4,3,3,4,3,4,2,4,2,4,4,2	a-D-GlcpN	31%	5.24	3.75	3.76	3.53	3.94	3.79-3.85
3,2,3,4,3,3,4,3,4,2,4,2,4,4,2,2	Ac	98%	-	2.05
