Linkage	Residue	Trust	C1	C2	C3	C4	C5	C6
	Me	92%	57.6
1	b-D-Manp	71%	101.9	71.4	72.5	77.9	76.2	61.8
1,4	b-D-Manp	69%	101.4	69.3	81.1	66.2	77.8	62.1
1,4,3	b-D-Fucp	54%	100.6	72.9	74.8	82.1	71.6	16.4
1,4,3,4	b-D-Galp	37%	104.4	71.6	76.4	68.7	75.8	61.7
1,4,3,4,3	S	
1,4,3,4,2	b-D-Manp	45%	101.1	71.0	72.9	78.3	76.3	62.0
1,4,3,4,2,4	b-D-Fucp	55%	104.4	71.5	72.7	72.5	71.7	16.4
1,4,3,4,2,4,4	a-D-GlcpN	55%	99.2	53.7	77.9	71.5	72.7	65.4
1,4,3,4,2,4,4,2	Ac	83%	175.3	23.3
1,4,3,4,2,4,4,6	S	
1,4,3,4,2,4,4,3	a-D-GlcpN	55%	99.0	54.7	71.7	73.9	72.5	62.1
1,4,3,4,2,4,4,3,2	Ac	83%	175.3	23.3
1,4,3,4,2,4,4,3,4	a-D-Glcp	48%	98.8	72.2	73.8	77.4	73.7	61.1
1,4,3,4,2,4,4,3,4,4	a-D-GlcpA	35%	101.7	72.5	72.2	76.0	73.1	174.9
1,4,3,4,2,4,4,3,4,4,4	a-D-Manp	71%	100.9	70.6	70.9	67.4	73.2	61.5
1,4,3,4,2,4,4,3,4,4,3	a-D-GlcpA	52%	99.5	70.2	83.1	69.9	73.1	175.9
1,4,3,4,2,4,4,3,4,4,3,3	b-D-Galp	61%	104.2	71.5	73.7	75.9	75.3	62.9
1,4,3,4,2,4,4,3,4,4,3,3,4	b-D-Manp	70%	102.8	71.6	74.0	67.9	77.6	62.1
