Linkage	Residue	Trust	H1	H2	H3	H4	H5	H6	H7	H8	H9
	b-D-Manp	71%	4.91	4	4.04	3.81	3.60	3.78-3.89
4	a-D-GlcpN	28%	5.20	3.78	3.83	3.13	3.81	4.08-4.15
4,2	Ac	98%	-	2.05
4,6	S	
4,2	a-D-GlcpN	21%	5.20	3.78	3.83	3.57	3.96	4.08-4.15
4,2,2	Ac	98%	-	2.05
4,2,6	S	
4,2,2	b-D-GlcpN	38%	4.70	3.58	3.74	3.58	3.52	4.09-4.16
4,2,2,2	Ac	98%	-	2.03
4,2,2,6	S	
4,2,2,3	b-D-Manp	57%	4.71	3.93	3.87	3.75	3.53	3.75-3.77
4,2,2,3,4	a-D-Manp	42%	4.89	4.13	3.81	3.71	3.78	3.73-3.98
4,2,2,3,4,3	a-L-Fucp	28%	5.15	3.88	3.94	3.87	4.32	1.27
4,2,2,3,4,3,3	b-L-Fucp	8%	4.65	3.54	3.68	3.79	3.82	1.19
4,2,2,3,4,3,3,4	a-D-GlcpN	31%	4.45	3.76	4	3.60	4.05	4.08-4.16
4,2,2,3,4,3,3,4,2	Ac	98%	-	2.05
4,2,2,3,4,3,3,4,6	S	
4,2,2,3,4,3,3,4,3	a-D-Galp	43%	5.49	3.89	3.96	4.11	3.84	3.73-3.79
4,2,2,3,4,3,3,4,3,3	b-Neup	52%	-	-	1.82-2.27	4.01	4.02	4.25	3.58	3.86	3.64-3.87
4,2,2,3,4,3,3,4,3,3,5	Ac	95%	-	2.05
4,2,2,3,4,3,3,4,3,3,4	a-D-Fucp	7%	5.10	3.89	3.91	3.91	4.32	1.24
4,2,2,3,4,3,3,4,3,3,4,4	b-L-Fucp	67%	4.51	3.30	3.37	3.77	3.91	1.15
4,2,2,3,4,3,3,4,3,3,4,2	b-D-Fucp	15%	5.47	3.54	3.70	3.73	3.82	1.24
4,2,2,3,4,3,3,4,3,3,4,2,3	b-D-Manp	33%	4.87	4.12	3.75	3.92	3.50	3.73-3.88
4,2,2,3,4,3,3,4,3,3,4,2,3,3	a-Neup	74%	-	-	1.97-2.58	3.69	3.82	3.62	3.58	3.87	3.64-3.87
4,2,2,3,4,3,3,4,3,3,4,2,3,3,5	Ac	99%	-	2.03
