Linkage	Residue	Trust	C1	C2	C3	C4	C5	C6
	Me	83%	57.8
1	a-D-Xylp	40%	102.4	71.4	71.5	73.2	65.1
1,4	a-D-Xylp	22%	98.5	72.0	72.9	77.3	61.4
1,4,4	b-D-Fucp	52%	100.9	77.4	73.1	72.4	71.7	16.1
1,4,4,2	a-D-Galp	46%	98.2	69.1	74.5	78.7	71.8	61.3
1,4,4,2,3	S	
1,4,4,2,4	a-D-Galp	45%	102.0	69.2	74.5	68.9	71.5	61.3
1,4,4,2,4,3	S	
1,4,4,2,4,2	b-D-GlcpN	66%	103.8	55.6	81.1	72.2	77.0	65.7
1,4,4,2,4,2,2	Ac	88%	175.6	23.4
1,4,4,2,4,2,6	S	
1,4,4,2,4,2,3	a-D-Galp	74%	99.1	69.5	69.9	78.4	72.6	61.5
1,4,4,2,4,2,3,4	a-D-Galp	80%	101.4	69.5	70.2	69.8	71.4	61.3
