Linkage	Residue	Trust	C1	C2	C3	C4	C5	C6	C7	C8	C9
	b-D-GalpA	77%	104.4	72.0	81.2	68.1	76.2	179.3
3	b-D-GalpA	25%	103.7	71.2	73.6	77.4	75.7	180.1
3,4	a-D-Xylp	50%	99.3	72.9	73.1	73.7	61.2
3,2	b-D-Fucp	19%	98.2	72.7	73.7	82.1	71.7	16.4
3,2,4	b-D-Galp	69%	104.8	72.6	73.8	69.5	76.0	61.9
3,2,2	a-D-Galp	56%	99.5	69.6	75.6	75.8	71.2	62.9
3,2,2,3	S	
3,2,2,4	b-D-Glcp	50%	103.0	80.4	75.9	68.8	75.4	64.0
3,2,2,4,6	S	
3,2,2,4,2	b-D-Glcp	28%	103.5	74.5	76.9	70.7	76.8	61.8
3,2,2,4,2,3	a-D-ManpA	63%	101.7	69.8	71.2	69.5	78.7	177.8
3,2,2,4,2,2	a-D-Galp	40%	98.0	69.2	70.2	78.9	71.9	62.4
3,2,2,4,2,2,4	a-D-Xylp	50%	100.5	72.8	73.7	73.7	61.2
3,2,2,4,2,2,2	b-L-Fucp	38%	102.8	71.3	74.9	72.1	71.9	16.2
3,2,2,4,2,2,2,3	b-Neup	49%	175.1	96.9	37.1	72.9	50.8	70.7	69.8	73.1	64.1
3,2,2,4,2,2,2,3,5	Ac	83%	176.3	23.6
3,2,2,4,2,2,2,3,4	a-D-Glcp	51%	95.7	82.2	70.9	68.8	72.3	64.9
3,2,2,4,2,2,2,3,4,6	S	
3,2,2,4,2,2,2,3,4,2	b-D-Glcp	56%	103.1	72.0	83.5	70.7	73.5	63.7
3,2,2,4,2,2,2,3,4,2,6	S	
3,2,2,4,2,2,2,3,4,2,3	a-D-GlcpN	67%	99.2	50.8	72.7	71.0	72.4	61.6
3,2,2,4,2,2,2,3,4,2,3,2	Ac	83%	175.3	23.3
