Linkage	Residue	Trust	C1	C2	C3	C4	C5	C6
	b-D-Glcp	80%	96.5	74.8	85.5	69.0	76.6	61.6
3	b-D-Glcp	64%	100.7	72.2	76.8	69.8	76.4	62.0
3,2	b-D-Glcp	61%	103.9	74.7	76.4	78.0	74.0	66.0
3,2,6	S	
3,2,4	a-D-Glcp	49%	102.2	71.0	74.1	73.8	69.4	64.8
3,2,4,6	S	
3,2,4,4	a-D-Galp	59%	104.9	75.2	71.2	71.4	69.9	66.0
3,2,4,4,6	S	
3,2,4,4,2	b-D-GlcpA	37%	106.0	74.2	73.8	77.8	78.1	176.0
3,2,4,4,2,4	a-D-Xylp	52%	100.7	72.6	73.9	73.7	61.2
3,2,4,4,2,2	b-D-GlcpN	71%	101.9	55.8	82.1	71.4	77.3	65.7
3,2,4,4,2,2,2	Ac	88%	175.6	23.4
3,2,4,4,2,2,6	S	
3,2,4,4,2,2,3	a-D-Galp	78%	99.7	68.3	80.5	69.2	71.8	61.7
3,2,4,4,2,2,3,3	b-D-Xylp	1%	103.7	74.3	76.2	78.1	65.5
3,2,4,4,2,2,3,3,4	b-D-Glcp	68%	103.1	73.5	75.7	70.5	76.6	62.0
3,2,4,4,2,2,3,3,2	a-D-GlcpA	29%	98.4	72.6	73.5	80.8	73.1	175.3
3,2,4,4,2,2,3,3,2,3	a-D-GlcpA	64%	99.2	73.5	73.7	72.5	73.2	175.8
3,2,4,4,2,2,3,3,2,4	b-D-GlcpN	36%	102.0	56.4	74.1	70.7	75.4	65.6
3,2,4,4,2,2,3,3,2,4,2	Ac	88%	175.6	23.4
3,2,4,4,2,2,3,3,2,4,6	S	
3,2,4,4,2,2,3,3,2,4,2	a-D-ManpA	36%	98.9	71.1	79.4	73.3	73.1	175.9
3,2,4,4,2,2,3,3,2,4,2,3	a-D-ManpA	64%	103.5	71.3	71.3	69.5	73.2	175.8
