Linkage	Residue	Trust	H1	H2	H3	H4	H5	H6
	b-D-Glcp	84%	4.62	3.50	3.73	3.50	3.48	3.71-3.89
3	b-D-Glcp	59%	6.21	4.03	3.61	3.52	3.51	3.73-3.91
3,2	b-D-Glcp	47%	4.67	3.29	3.79	3.64	3.70	4.02-4.22
3,2,6	S	
3,2,4	a-D-Glcp	74%	5.39	3.55	3.96	3.77	3.84	3.65-3.95
3,2,4,6	S	
3,2,4,4	a-D-Galp	45%	4.97	3.70	4.13	3.78	3.85	4-4.04
3,2,4,4,6	S	
3,2,4,4,2	b-D-GlcpA	46%	4.42	3.28	3.73	3.81	3.87	-
3,2,4,4,2,4	a-D-Xylp	65%	5.30	3.51	3.59	3.62	3.55-3.69
3,2,4,4,2,2	b-D-GlcpN	64%	4.86	3.82	3.69	3.60	3.46	4.09-4.16
3,2,4,4,2,2,2	Ac	98%	-	2.03
3,2,4,4,2,2,6	S	
3,2,4,4,2,2,3	a-D-Galp	68%	5.49	4.07	3.93	4.08	3.85	3.73
3,2,4,4,2,2,3,3	b-D-Xylp	11%	4.50	3.32	3.48	3.87	4.72
3,2,4,4,2,2,3,3,4	b-D-Glcp	52%	5.10	3.49	3.64	3.38	3.45	3.84-3.97
3,2,4,4,2,2,3,3,2	a-D-GlcpA	10%	5.30	3.65	3.87	3.73	4.24	-
3,2,4,4,2,2,3,3,2,3	a-D-GlcpA	44%	5.35	3.58	3.78	3.61	4.20	-
3,2,4,4,2,2,3,3,2,4	b-D-GlcpN	17%	4.69	3.60	3.66	3.57	3.54	4.06-4.13
3,2,4,4,2,2,3,3,2,4,2	Ac	98%	-	2.03
3,2,4,4,2,2,3,3,2,4,6	S	
3,2,4,4,2,2,3,3,2,4,2	a-D-ManpA	14%	5	4.05	3.91	3.76	4.38	-
3,2,4,4,2,2,3,3,2,4,2,3	a-D-ManpA	58%	5.10	4.07	3.83	3.74	4.21	-
