Linkage	Residue	Trust	C1	C2	C3	C4	C5	C6
	Me	83%	57.7
1	b-D-ManpA	42%	101.9	69.1	77.1	74.5	77.0	175.4
1,3	b-D-ManpA	61%	98.4	72.1	73.6	69.5	76.6	176.5
1,4	a-D-Galp	42%	100.1	68.9	74.5	81.6	71.8	60.9
1,4,3	S	
1,4,4	a-D-GlcpN	57%	99.1	54.1	71.0	80.7	70.9	64.4
1,4,4,2	Ac	83%	175.3	23.3
1,4,4,6	S	
1,4,4,4	b-D-GlcpN	77%	102.5	56.7	74.7	79.4	77.0	61.1
1,4,4,4,2	Ac	88%	175.6	23.4
1,4,4,4,4	b-D-Galp	48%	104.7	72.3	76.3	70.4	76.4	65.3
1,4,4,4,4,6	S	
1,4,4,4,4,3	a-L-Fucp	60%	93.8	67.3	77.5	69.7	67.9	16.1
1,4,4,4,4,3,3	b-D-Glcp	45%	100.4	74.4	76.0	70.0	76.4	61.1
1,4,4,4,4,3,3,2	b-L-Fucp	52%	103.0	72.8	82.5	72.7	69.9	15.7
1,4,4,4,4,3,3,2,3	a-D-ManpA	44%	103.1	71.1	70.9	73.3	71.3	175.4
1,4,4,4,4,3,3,2,3,4	b-D-GalpA	58%	104.4	70.3	81.2	68.1	75.7	174.6
1,4,4,4,4,3,3,2,3,4,3	b-D-Xylp	60%	105.1	74.0	76.9	70.8	66.2
