Linkage	Residue	Trust	H1	H2	H3	H4	H5	H6
	Me	95%	3.54
1	b-D-ManpA	36%	4.59	3.99	3.85	3.92	3.87	-
1,3	b-D-ManpA	53%	4.86	4.01	3.66	3.74	3.67	-
1,4	a-D-Galp	33%	5.21	3.87	3.97	3.71	4.18	3.70-3.72
1,4,3	S	
1,4,4	a-D-GlcpN	56%	4.95	3.93	3.84	3.44	4.30	4.06
1,4,4,2	Ac	98%	-	2.05
1,4,4,6	S	
1,4,4,4	b-D-GlcpN	69%	4.60	3.77	3.75	3.75	3.61	3.86-3.99
1,4,4,4,2	Ac	98%	-	2.03
1,4,4,4,4	b-D-Galp	46%	4.49	3.59	3.76	3.86	3.84	3.98-4.04
1,4,4,4,4,6	S	
1,4,4,4,4,3	a-L-Fucp	34%	4.97	3.88	3.88	3.97	4.23	1.25
1,4,4,4,4,3,3	b-D-Glcp	41%	4.62	3.37	3.42	3.43	3.46	3.75-3.94
1,4,4,4,4,3,3,2	b-L-Fucp	50%	4.46	3.54	3.73	3.86	4.14	1.18
1,4,4,4,4,3,3,2,3	a-D-ManpA	24%	5.20	4.09	3.92	3.76	4.23	-
1,4,4,4,4,3,3,2,3,4	b-D-GalpA	57%	4.66	3.68	3.56	4.34	4.18	-
1,4,4,4,4,3,3,2,3,4,3	b-D-Xylp	60%	4.75	3.39	3.43	3.63	3.34-3.94
