Linkage	Residue	Trust	C1	C2	C3	C4	C5	C6
	Me	77%	55.6
1	a-D-ManpA	60%	101.4	71.1	79.1	73.3	73.1	175.9
1,3	a-D-ManpA	48%	98.2	78.7	70.6	73.3	73.1	175.8
1,3,2	b-D-Galp	41%	104.0	71.7	73.7	69.8	75.7	61.9
1,3,2,2	b-D-ManpA	38%	101.5	72.1	73.9	74.5	75.6	174.8
1,3,2,2,4	b-D-Glcp	55%	103.0	74.3	86.1	70.3	76.2	61.7
1,3,2,2,4,3	b-D-Fucp	51%	102.7	79.2	73.8	72.4	71.7	16.1
1,3,2,2,4,3,2	b-D-GlcpN	70%	101.9	55.8	80.8	72.2	76.7	63.2
1,3,2,2,4,3,2,2	Ac	88%	175.6	23.4
1,3,2,2,4,3,2,3	a-D-Galp	90%	98.2	69.6	70.2	69.7	71.7	61.4
