Linkage	Residue	Trust	H1	H2	H3	H4	H5	H6
	Me	95%	3.40
1	a-D-ManpA	43%	4.64	4.16	3.91	3.64	4.38	-
1,3	a-D-ManpA	44%	5.25	4	3.84	3.74	4.21	-
1,3,2	b-D-Galp	29%	4.53	3.62	3.70	3.92	3.68	3.76-3.79
1,3,2,2	b-D-ManpA	14%	4.79	4.02	3.84	3.83	3.84	-
1,3,2,2,4	b-D-Glcp	47%	4.54	3.49	3.70	3.49	3.53	3.71-3.89
1,3,2,2,4,3	b-D-Fucp	24%	4.65	3.65	3.72	3.69	3.85	1.27
1,3,2,2,4,3,2	b-D-GlcpN	72%	4.86	3.82	3.77	3.71	3.46	4.15-4.52
1,3,2,2,4,3,2,2	Ac	98%	-	2.03
1,3,2,2,4,3,2,3	a-D-Galp	96%	5.65	3.80	3.72	3.99	3.82	3.72
