Linkage	Residue	Trust	H1	H2	H3	H4	H5	H6
	a-D-Xylp	9%	5.16	3.55	3.70	3.66	3.67-3.76
3	a-D-Xylp	62%	5.07	3.48	3.59	3.62	3.55-3.69
4	b-L-Fucp	25%	4.65	3.54	3.68	3.81	3.82	1.23
4,4	b-D-GlcpN	46%	4.65	3.58	3.82	3.55	3.48	3.67-3.79
4,4,2	Ac	98%	-	2.03
4,4,3	b-D-GalpA	25%	4.55	3.62	3.75	4.25	3.99	-
4,4,3,2	b-D-Manp	56%	4.78	4.12	3.93	3.71	3.40	3.71-3.90
4,4,3,2,3	b-D-ManpA	49%	4.73	4.23	3.85	3.74	3.68	-
4,4,3,2,3,3	b-D-Manp	40%	4.83	4.13	3.45	3.50	3.78	3.69
4,4,3,2,3,3,2	a-L-Fucp	81%	5.25	4.05	3.90	3.83	4.02	1.18
4,4,3,2,3,3,4	b-D-Manp	73%	4.72	4.18	3.87	3.71	3.46	3.76-3.94
4,4,3,2,3,3,4,3	b-D-Galp	23%	4.53	3.62	3.70	3.95	3.87	3.71-3.74
4,4,3,2,3,3,4,3,2	a-D-ManpA	13%	5.11	4.05	3.80	3.76	4.38	-
4,4,3,2,3,3,4,3,2,3	b-L-Fucp	35%	4.65	3.54	3.62	3.77	3.91	1.25
