Linkage	Residue	Trust	H1	H2	H3	H4	H5	H6
	a-D-ManpA	34%	5.08	4.02	3.91	3.77	3.99	-
4	a-D-ManpA	19%	5.19	4.06	?	3.76	4.38	-
4,4	a-L-Fucp	48%	5.03	3.85	3.87	3.79	4.30	1.22
4,2	a-D-Manp	11%	5.16	4.13	3.91	3.71	3.64	3.78-3.94
4,2,4	b-D-Glcp	60%	4.57	3.37	3.58	3.47	3.51	3.66-3.84
4,2,2	b-D-GlcpN	51%	4.54	3.58	3.69	3.60	3.42	4.15-4.25
4,2,2,2	Ac	98%	-	2.03
4,2,2,6	S	
4,2,2,3	a-D-Galp	78%	5.56	3.82	3.96	4.03	3.91	3.82-3.88
4,2,2,3,4	a-D-Galp	52%	4.92	3.85	3.87	4.01	4.11	3.77
4,2,2,3,4,6	S	
4,2,2,3,4,4	a-D-Glcp	47%	5.11	3.45	4.05	3.70	4.14	4.06-4.15
4,2,2,3,4,4,6	S	
4,2,2,3,4,4,2	b-D-Galp	45%	4.60	3.60	3.77	4.23	3.73	3.99
4,2,2,3,4,4,2,6	S	
4,2,2,3,4,4,2,3	b-D-GlcpA	70%	4.67	3.48	3.64	3.80	3.87	-
4,2,2,3,4,4,2,3,4	a-D-Galp	48%	5.63	3.90	3.97	4.11	4.01	3.63-3.74
4,2,2,3,4,4,2,3,4,3	S	
4,2,2,3,4,4,2,3,4,2	b-D-GlcpN	25%	4.69	3.60	3.66	3.57	3.40	4.06-4.13
4,2,2,3,4,4,2,3,4,2,2	Ac	98%	-	2.03
4,2,2,3,4,4,2,3,4,2,6	S	
4,2,2,3,4,4,2,3,4,2,2	a-D-GlcpN	38%	5.23	3.73	3.95	3.81	3.92	4.11-4.18
4,2,2,3,4,4,2,3,4,2,2,2	Ac	98%	-	2.05
4,2,2,3,4,4,2,3,4,2,2,6	S	
4,2,2,3,4,4,2,3,4,2,2,4	b-D-Galp	77%	4.70	3.70	3.72	4.24	3.68	4-4.02
4,2,2,3,4,4,2,3,4,2,2,4,6	S	
4,2,2,3,4,4,2,3,4,2,2,4,2	a-D-GalpA	9%	5.38	3.94	4.03	4.41	4.54	-
4,2,2,3,4,4,2,3,4,2,2,4,2,4	b-L-Fucp	36%	4.65	3.54	3.62	3.77	3.91	1.17
