Linkage	Residue	Trust	C1	C2	C3	C4	C5	C6
	b-D-Fucp	66%	97.2	73.1	74.8	82.1	71.6	16.8
4	b-D-Fucp	21%	100.6	72.2	74.9	72.5	71.7	17.4
4,3	a-D-Fucp	65%	104.1	71.1	71.0	73.1	68.8	16.5
4,4	b-D-GlcpN	51%	102.2	56.5	84.3	69.6	76.1	65.7
4,4,2	Ac	88%	175.6	23.4
4,4,6	S	
4,4,3	b-D-Manp	18%	101.8	71.1	75.4	69.8	77.0	61.6
4,4,3,4	b-L-Fucp	69%	104.1	72.0	73.7	72.4	71.9	16.1
4,4,3,3	b-D-ManpA	24%	98.1	67.8	73.0	74.5	77.0	176.0
4,4,3,3,3	a-D-GalpA	68%	101.6	69.3	70.0	71.3	72.6	175.9
4,4,3,3,4	b-D-Galp	46%	102.2	72.9	76.3	70.3	75.8	61.6
4,4,3,3,4,3	b-D-Galp	50%	105.8	74.1	76.9	71.5	75.2	63.5
4,4,3,3,4,2	a-D-Galp	37%	98.3	69.7	70.2	71.9	71.8	66.1
4,4,3,3,4,2,6	S	
4,4,3,3,4,2,4	b-L-Fucp	35%	105.5	72.7	73.7	70.9	71.7	16.8
4,4,3,3,4,2,4,2	a-D-Xylp	45%	98.5	75.4	73.2	70.4	62.4
4,4,3,3,4,2,4,2,2	a-D-Xylp	66%	100.4	78.1	72.8	69.4	62.6
4,4,3,3,4,2,4,2,2,2	a-D-ManpA	37%	99.9	71.0	72.8	73.3	75.6	178.3
4,4,3,3,4,2,4,2,2,2,4	a-D-GlcpA	65%	101.2	72.5	73.7	72.5	73.2	175.8
