Linkage	Residue	Trust	C1	C2	C3	C4	C5	C6
	b-D-Manp	38%	98.6	76.2	75.9	68.0	76.5	62.1
2	b-D-Manp	94%	102.3	71.7	74.2	68.2	77.5	62.3
3	b-D-GlcpN	42%	103.8	56.4	74.1	71.3	77.9	62.1
3,2	Ac	88%	175.6	23.4
3,2	a-D-GlcpN	21%	96.1	54.5	72.8	77.5	72.7	64.8
3,2,2	Ac	83%	175.3	23.3
3,2,6	S	
3,2,4	a-D-Galp	68%	97.2	74.2	69.4	70.4	76.6	66.0
3,2,4,6	S	
3,2,4,2	a-D-Galp	63%	96.7	69.3	70.3	78.9	71.8	66.1
3,2,4,2,6	S	
3,2,4,2,4	a-D-Xylp	23%	98.5	78.1	72.8	72.3	61.4
3,2,4,2,4,2	a-D-ManpA	57%	100.6	70.7	71.3	69.5	73.2	175.8
