Linkage	Residue	Trust	C1	C2	C3	C4	C5	C6
	b-D-Glcp	51%	97.0	73.8	83.0	76.0	76.3	60.8
4	b-D-Glcp	70%	103.4	74.0	76.5	70.4	76.9	61.8
3	a-D-Fucp	52%	101.8	69.2	69.2	75.9	68.2	16.9
3,4	a-D-Glcp	49%	100.7	73.0	82.5	72.9	72.4	65.1
3,4,6	S	
3,4,3	b-D-Galp	54%	100.7	84.6	72.0	68.5	75.2	60.5
3,4,3,2	b-D-Fucp	42%	103.0	72.8	77.8	72.5	71.7	17.4
3,4,3,2,4	b-D-GlcpN	39%	102.5	56.4	74.1	71.3	77.3	61.9
3,4,3,2,4,2	Ac	88%	175.6	23.4
3,4,3,2,4,2	b-D-GlcpA	51%	104.1	73.6	83.7	73.4	77.2	173.6
3,4,3,2,4,2,3	a-D-GlcpN	37%	100.8	53.6	71.4	77.4	71.7	61.9
3,4,3,2,4,2,3,2	Ac	83%	175.3	23.3
3,4,3,2,4,2,3,4	a-D-Manp	55%	102.3	71.0	78.5	67.8	73.6	61.5
3,4,3,2,4,2,3,4,3	a-D-GlcpN	43%	100.5	54.6	71.4	71.0	74.3	62.0
3,4,3,2,4,2,3,4,3,2	Ac	83%	175.3	23.3
3,4,3,2,4,2,3,4,3,2	b-D-Manp	43%	101.2	81.8	72.2	67.9	77.9	62.1
3,4,3,2,4,2,3,4,3,2,2	b-D-Galp	50%	105.2	71.7	79.0	75.8	75.7	62.6
3,4,3,2,4,2,3,4,3,2,2,3	S	
3,4,3,2,4,2,3,4,3,2,2,4	b-D-Galp	87%	105.3	72.6	74.1	69.9	76.0	62.2
