Linkage	Residue	Trust	H1	H2	H3	H4	H5	H6
	b-D-Manp	74%	4.91	4.01	3.84	3.83	3.59	3.83-3.91
4	b-D-Manp	81%	4.65	3.41	3.51	3.61	3.75	3.99
4,4	a-D-Galp	42%	5.21	3.90	3.92	4.06	3.76	4-4.04
4,4,6	S	
4,4,2	b-L-Fucp	28%	4.47	3.54	3.69	3.93	3.82	1.30
4,4,2,4	b-D-GlcpA	81%	4.49	3.43	3.47	3.40	3.42	-
4,4,2,3	a-D-Manp	41%	5.16	4.12	3.92	3.68	3.82	3.79-3.90
4,4,2,3,2	b-D-Glcp	61%	4.67	3.72	3.67	3.80	3.87	4.11-4.18
4,4,2,3,2,6	S	
4,4,2,3,2,4	b-D-Galp	79%	4.50	3.62	3.87	3.71	3.85	3.71-3.75
4,4,2,3,2,4,3	S	
4,4,2,3,2,4,4	a-D-GlcpN	68%	4.91	4.13	3.96	3.60	4.20	4.06
4,4,2,3,2,4,4,2	Ac	98%	-	2.05
4,4,2,3,2,4,4,6	S	
4,4,2,3,2,4,4,3	b-D-Manp	37%	4.79	3.99	3.75	3.70	3.56	3.74-3.89
4,4,2,3,2,4,4,3,4	b-D-ManpA	47%	4.87	3.94	3.73	3.74	3.67	-
4,4,2,3,2,4,4,3,3	a-D-ManpA	71%	5.06	4.13	3.97	3.88	4.15	-
4,4,2,3,2,4,4,3,3,4	b-D-Manp	54%	4.67	3.98	3.64	3.57	3.38	3.72-3.92
