Linkage	Residue	Trust	C1	C2	C3	C4	C5	C6	C7	C8	C9
	b-L-Fucp	43%	104.0	72.7	74.8	82.1	71.6	16.8
4	b-L-Fucp	66%	105.0	72.4	73.7	72.4	71.9	16.1
2	a-D-Galp	32%	98.2	69.1	74.5	72.0	71.8	61.8
2,3	S	
2,4	b-L-Fucp	26%	98.2	71.9	74.9	72.5	71.7	16.8
2,4,3	b-Neup	35%	175.1	96.9	40.2	67.4	54.2	70.7	69.8	73.1	64.1
2,4,3,5	Ac	83%	176.3	23.6
2,4,3,4	a-Neup	31%	175.3	102.0	40.7	69.8	53.1	74.1	69.8	73.1	64.1
2,4,3,4,5	Ac	83%	54.9	25.1
2,4,3,4,4	a-L-Fucp	48%	100.4	68.6	78.6	72.4	68.2	16.5
2,4,3,4,4,3	a-D-Fucp	66%	98.7	68.6	80.6	73.0	69.3	17.0
2,4,3,4,4,3,3	b-D-Glcp	67%	104.9	74.4	75.3	79.8	75.8	61.1
2,4,3,4,4,3,3,4	b-D-Fucp	70%	104.0	72.4	73.3	72.4	71.9	16.1
