Linkage	Residue	Trust	H1	H2	H3	H4	H5	H6
	Me	97%	3.53
1	b-D-Manp	74%	4.95	4.16	3.61	3.75	3.38	3.72-3.93
1,2	b-D-Galp	60%	4.68	3.58	4.06	3.65	3.62	3.75
1,2,6	S	
1,2,4	a-L-Fucp	22%	5.10	3.89	3.94	3.87	4.35	1.19
1,2,4,3	b-D-Manp	46%	4.83	4.12	3.64	3.80	3.46	3.75-3.94
1,2,4,2	b-D-Manp	37%	4.68	4.14	3.83	3.82	3.77	3.73-3.81
1,2,4,2,4	a-D-GalpA	56%	5.21	3.66	4.13	4.48	4.65	-
1,2,4,2,4,4	a-D-Xylp	55%	5.10	3.45	3.83	3.64	3.58-3.71
1,2,4,2,4,4,2	b-D-Galp	35%	4.87	3.62	3.76	4.03	3.67	3.76-3.80
1,2,4,2,4,4,2,2	b-D-Galp	78%	5.14	3.59	3.90	3.92	3.97	3.56
1,2,4,2,4,4,2,3	a-D-Glcp	32%	5.18	3.59	3.78	3.53	3.87	3.82-3.84
1,2,4,2,4,4,2,3,2	b-L-Fucp	37%	4.46	3.54	3.69	3.95	3.82	1.22
1,2,4,2,4,4,2,3,2,3	a-D-GlcpN	66%	5.22	3.95	3.76	3.53	3.90	3.79-3.90
1,2,4,2,4,4,2,3,2,3,2	Ac	98%	-	2.05
