Linkage	Residue	Trust	C1	C2	C3	C4	C5	C6
	a-D-Galp	61%	93.2	67.3	75.4	78.7	71.8	61.3
4	a-D-Galp	80%	101.4	69.5	70.2	69.8	71.4	61.3
3	a-D-Fucp	65%	101.0	68.4	80.0	73.0	68.2	16.5
3,3	b-D-GlcpA	49%	104.7	82.5	77.4	72.5	76.7	176.2
3,3,2	b-D-Glcp	76%	102.7	82.9	76.5	69.8	77.3	62.2
3,3,2,2	b-D-Glcp	41%	103.5	74.6	87.3	78.8	76.2	61.5
3,3,2,2,3	b-D-Xylp	67%	104.8	75.0	78.1	70.4	67.1
3,3,2,2,4	a-D-GalpA	49%	101.2	72.3	70.6	71.4	72.2	175.8
3,3,2,2,4,2	a-D-GlcpN	68%	94.5	54.4	70.4	79.6	72.0	64.0
3,3,2,2,4,2,2	Ac	83%	175.3	23.3
3,3,2,2,4,2,4	b-D-Xylp	35%	105.1	74.0	76.2	70.5	65.5
3,3,2,2,4,2,4,3	b-D-GalpA	36%	104.9	72.6	73.7	71.6	75.7	174.4
3,3,2,2,4,2,4,3,4	b-D-ManpA	55%	102.8	71.6	73.6	69.5	76.6	176.5
