Linkage	Residue	Trust	H1	H2	H3	H4	H5	H6
	a-D-Galp	32%	5.10	3.94	3.97	4.31	4.04	3.79-3.87
4	a-D-Galp	50%	5.04	3.92	3.88	3.85	4.10	3.75-3.82
3	a-D-Fucp	59%	5.18	4.05	4.13	4.02	4.37	1.21
3,3	b-D-GlcpA	40%	5.09	3.41	3.60	3.68	3.72	-
3,3,2	b-D-Glcp	46%	4.57	3.54	3.61	3.44	3.46	3.73-3.93
3,3,2,2	b-D-Glcp	32%	4.86	4.08	3.58	3.83	3.52	3.74-3.82
3,3,2,2,3	b-D-Xylp	81%	5.15	3.91	4.04	4.07	3.62-4.18
3,3,2,2,4	a-D-GalpA	18%	5.30	3.92	4.04	4.30	4.46	-
3,3,2,2,4,2	a-D-GlcpN	44%	5.12	4.03	3.88	3.69	3.89	3.72-3.77
3,3,2,2,4,2,2	Ac	98%	-	2.05
3,3,2,2,4,2,4	b-D-Xylp	35%	4.41	3.49	4.15	3.61	3.35-4
3,3,2,2,4,2,4,3	b-D-GalpA	51%	4.68	3.52	3.74	4.47	4.18	-
3,3,2,2,4,2,4,3,4	b-D-ManpA	63%	4.49	3.83	3.66	3.74	3.67	-
