Linkage	Residue	Trust	C1	C2	C3	C4	C5	C6
	a-D-GalpA	83%	93.6	67.3	75.4	68.1	71.3	180.3
3	a-D-GalpA	50%	97.0	77.8	70.1	71.3	72.1	180.3
3,2	b-D-Manp	38%	102.4	71.3	72.0	76.1	73.1	61.3
3,2,4	a-D-Galp	50%	100.6	69.0	74.5	78.7	72.6	61.3
3,2,4,3	S	
3,2,4,4	a-D-Galp	64%	102.0	79.9	70.3	70.7	71.4	66.0
3,2,4,4,6	S	
3,2,4,4,2	b-D-GlcpN	63%	103.6	56.0	81.4	72.5	77.0	65.7
3,2,4,4,2,2	Ac	88%	175.6	23.4
3,2,4,4,2,6	S	
3,2,4,4,2,3	a-D-Manp	48%	101.6	77.6	70.4	74.9	73.1	61.2
3,2,4,4,2,3,4	b-D-Glcp	78%	102.9	74.4	76.5	70.9	76.9	61.9
3,2,4,4,2,3,2	a-D-Galp	82%	102.5	68.2	75.3	66.3	72.5	62.4
3,2,4,4,2,3,2,3	a-D-Fucp	74%	104.1	69.4	70.3	73.1	68.8	16.5
