Linkage	Residue	Trust	H1	H2	H3	H4	H5	H6
	a-D-GalpA	93%	5.34	3.94	4.05	4.58	4.70	-
3	a-D-GalpA	31%	5.30	3.92	3.97	4.37	4.85	-
3,2	b-D-Manp	41%	4.78	4.10	3.83	3.82	3.77	4.02-4.10
3,2,4	a-D-Galp	38%	5.17	4.12	4.79	4.04	4.04	3.79-3.87
3,2,4,3	S	
3,2,4,4	a-D-Galp	52%	5.14	3.90	3.95	3.99	4.10	4-4.04
3,2,4,4,6	S	
3,2,4,4,2	b-D-GlcpN	47%	4.76	3.58	3.72	3.47	3.48	4.04-4.11
3,2,4,4,2,2	Ac	98%	-	2.03
3,2,4,4,2,6	S	
3,2,4,4,2,3	a-D-Manp	40%	5.16	4.13	3.83	3.62	3.75	3.75-3.90
3,2,4,4,2,3,4	b-D-Glcp	60%	4.57	3.37	3.58	3.47	3.51	3.66-3.84
3,2,4,4,2,3,2	a-D-Galp	72%	5.17	3.96	3.93	4.28	4.04	3.73-3.74
3,2,4,4,2,3,2,3	a-D-Fucp	61%	5.18	3.90	4.01	3.79	4.30	1.22
