Linkage	Residue	Trust	H1	H2	H3	H4	H5	H6
	Me	94%	3.48
1	b-D-Xylp	0%	4.50	3.31	3.49	3.66	3.49-3.90
1,4	b-D-Xylp	54%	4.27	3.21	3.33	3.45	3.68-3.81
1,3	b-D-ManpA	28%	4.76	4.25	3.81	3.83	3.92	-
1,3,4	b-D-Galp	58%	4.50	3.59	4.16	4.27	3.70	3.71-3.82
1,3,4,3	S	
1,3,4,4	b-D-GlcpN	50%	4.82	3.81	3.90	3.62	3.53	4.09-4.16
1,3,4,4,2	Ac	98%	-	2.03
1,3,4,4,6	S	
1,3,4,4,3	b-D-Glcp	31%	4.50	3.30	3.57	3.52	3.53	3.76-3.93
1,3,4,4,3,4	b-L-Fucp	20%	4.65	3.54	3.68	4.04	3.82	1.27
1,3,4,4,3,4,4	a-D-Glcp	39%	5.18	3.59	3.69	3.45	3.90	4.06-4.15
1,3,4,4,3,4,4,6	S	
1,3,4,4,3,4,4,2	b-D-GlcpN	63%	4.73	3.77	3.74	3.75	3.62	3.97-4.21
1,3,4,4,3,4,4,2,2	Ac	98%	-	2.03
1,3,4,4,3,4,4,2,6	S	
1,3,4,4,3,4,4,2,3	a-D-GlcpN	54%	5.44	3.86	3.98	3.78	4.07	3.82-3.98
1,3,4,4,3,4,4,2,3,2	Ac	98%	-	2.05
1,3,4,4,3,4,4,2,3,4	b-D-Galp	57%	4.62	3.62	3.95	4.06	3.68	4-4.02
1,3,4,4,3,4,4,2,3,4,6	S	
1,3,4,4,3,4,4,2,3,4,2	b-D-Galp	60%	5.14	3.60	4.22	4.30	3.76	3.75-3.78
1,3,4,4,3,4,4,2,3,4,2,3	S	
1,3,4,4,3,4,4,2,3,4,2,4	b-D-GlcpA	84%	4.77	3.41	3.54	3.56	3.83	-
