Linkage	Residue	Trust	C1	C2	C3	C4	C5	C6
	a-D-Xylp	50%	93.5	68.5	71.9	73.2	59.8
4	a-D-Glcp	44%	101.3	73.2	74.5	77.7	72.4	61.7
4,6	S	
4,4	a-D-GlcpN	40%	98.2	54.6	71.4	70.6	73.0	65.5
4,4,2	Ac	83%	175.3	23.3
4,4,6	S	
4,4,2	b-D-Galp	41%	104.2	71.7	79.0	75.8	75.7	62.6
4,4,2,3	S	
4,4,2,4	b-D-Galp	60%	105.1	71.5	83.4	69.6	75.4	65.7
4,4,2,4,6	S	
4,4,2,4,3	b-D-Fucp	64%	104.8	72.2	73.3	82.1	71.6	16.9
4,4,2,4,3,4	b-D-GlcpA	53%	104.3	75.3	77.2	77.9	77.0	175.2
4,4,2,4,3,4,4	a-D-Fucp	73%	99.4	69.3	70.3	73.1	68.8	16.5
