Linkage	Residue	Trust	C1	C2	C3	C4	C5	C6
	Me	83%	57.7
1	b-D-ManpA	60%	101.5	79.9	73.3	69.5	76.6	176.5
1,2	b-D-ManpA	48%	102.3	71.7	72.0	74.5	77.3	175.4
1,2,4	a-D-Galp	43%	99.9	69.9	70.6	78.6	71.5	64.4
1,2,4,6	S	
1,2,4,4	b-D-GlcpN	38%	102.2	56.4	74.1	70.7	76.4	65.9
1,2,4,4,2	Ac	88%	175.6	23.4
1,2,4,4,6	S	
1,2,4,4,2	a-D-Glcp	38%	99.2	81.8	72.8	71.2	72.3	64.9
1,2,4,4,2,6	S	
1,2,4,4,2,2	b-D-GlcpN	64%	102.2	56.4	73.7	79.6	76.2	61.9
1,2,4,4,2,2,2	Ac	88%	175.6	23.4
1,2,4,4,2,2,6	S	
1,2,4,4,2,2,4	b-D-Galp	55%	103.6	79.0	74.3	71.4	76.6	65.3
1,2,4,4,2,2,4,6	S	
1,2,4,4,2,2,4,2	b-D-GlcpA	67%	101.1	75.1	78.4	70.1	75.6	175.0
