Linkage	Residue	Trust	H1	H2	H3	H4	H5	H6
	Me	95%	3.54
1	b-D-ManpA	53%	4.96	4.34	3.68	3.74	3.67	-
1,2	b-D-ManpA	30%	4.88	4.14	3.83	3.83	3.87	-
1,2,4	a-D-Galp	35%	5.28	3.82	4.11	4.22	4.57	3.67-3.93
1,2,4,6	S	
1,2,4,4	b-D-GlcpN	24%	4.69	3.60	3.66	3.73	3.33	4.06-4.13
1,2,4,4,2	Ac	98%	-	2.03
1,2,4,4,6	S	
1,2,4,4,2	a-D-Glcp	33%	5.18	3.59	3.69	3.45	3.87	4.06-4.15
1,2,4,4,2,6	S	
1,2,4,4,2,2	b-D-GlcpN	67%	4.76	3.80	3.75	3.76	3.65	4.11-4.18
1,2,4,4,2,2,2	Ac	98%	-	2.03
1,2,4,4,2,2,6	S	
1,2,4,4,2,2,4	b-D-Galp	55%	4.62	3.65	3.95	3.78	3.84	3.98-4.04
1,2,4,4,2,2,4,6	S	
1,2,4,4,2,2,4,2	b-D-GlcpA	81%	4.72	3.55	3.91	3.79	3.68	-
