Linkage	Residue	Trust	C1	C2	C3	C4	C5	C6	C7	C8	C9
	Me	76%	56.2
1	a-D-GalpA	42%	102.0	67.6	76.2	75.7	72.2	174.1
1,3	a-D-GalpA	67%	97.0	68.9	70.1	71.3	72.1	180.3
1,4	b-D-ManpA	43%	101.9	71.4	72.0	74.5	75.9	175.0
1,4,4	a-D-Glcp	39%	100.6	77.6	74.5	75.8	72.4	60.8
1,4,4,3	a-D-ManpA	50%	97.2	69.8	71.8	69.5	73.2	175.8
1,4,4,4	b-D-Glcp	67%	100.0	80.4	75.7	69.9	76.2	65.1
1,4,4,4,6	S	
1,4,4,4,2	a-D-Galp	32%	98.0	69.7	74.2	79.0	71.8	61.5
1,4,4,4,2,4	a-D-GlcpA	72%	100.4	72.8	73.7	73.6	73.2	176.9
1,4,4,4,2,3	a-D-Glcp	64%	103.1	67.7	69.8	78.8	71.0	61.1
1,4,4,4,2,3,4	b-D-Galp	52%	103.6	79.0	74.0	74.7	75.3	65.3
1,4,4,4,2,3,4,6	S	
1,4,4,4,2,3,4,2	b-D-Glcp	61%	102.9	75.4	77.1	79.3	71.8	61.2
1,4,4,4,2,3,4,2,6	S	
1,4,4,4,2,3,4,2,4	b-D-GlcpA	38%	102.9	73.1	76.1	69.9	75.7	175.3
1,4,4,4,2,3,4,2,4,3	b-Neup	42%	175.5	96.9	37.1	72.9	50.8	70.7	69.6	73.1	64.0
1,4,4,4,2,3,4,2,4,3,5	Ac	83%	176.3	23.6
1,4,4,4,2,3,4,2,4,3,4	a-D-GalpA	54%	95.7	68.3	75.9	68.2	72.2	173.0
1,4,4,4,2,3,4,2,4,3,4,3	a-D-Glcp	67%	97.9	72.5	74.2	70.7	73.2	61.8
