Linkage	Residue	Trust	C1	C2	C3	C4	C5	C6
	Me	76%	56.2
1	a-D-Glcp	64%	100.0	72.3	82.3	68.6	71.5	61.1
1,4	b-D-GlcpN	54%	101.7	55.4	73.0	80.7	76.1	64.8
1,4,2	Ac	88%	175.6	23.4
1,4,6	S	
1,4,4	b-D-GlcpN	58%	101.8	56.2	74.1	77.6	76.3	64.8
1,4,4,2	Ac	88%	175.6	23.4
1,4,4,6	S	
1,4,4,4	a-D-Galp	52%	104.9	75.2	70.0	71.4	71.8	66.0
1,4,4,4,6	S	
1,4,4,4,2	b-D-GlcpA	51%	106.0	75.2	84.8	71.3	78.1	176.0
1,4,4,4,2,3	b-D-GlcpN	57%	102.5	56.9	74.2	80.9	76.5	61.4
1,4,4,4,2,3,2	Ac	88%	175.6	23.4
1,4,4,4,2,3,4	a-D-GlcpN	62%	98.2	54.3	70.5	79.4	72.7	63.5
1,4,4,4,2,3,4,2	Ac	83%	175.3	23.3
1,4,4,4,2,3,4,6	S	
1,4,4,4,2,3,4,4	b-D-Glcp	60%	101.2	78.3	77.1	70.8	77.6	65.9
1,4,4,4,2,3,4,4,6	S	
1,4,4,4,2,3,4,4,2	a-D-Glcp	61%	98.3	72.6	81.1	71.6	72.8	61.6
1,4,4,4,2,3,4,4,2,3	a-D-GalpA	61%	101.7	68.9	80.4	69.7	72.3	174.6
1,4,4,4,2,3,4,4,2,3,3	b-D-GlcpN	62%	104.0	56.6	75.3	77.6	76.5	60.8
1,4,4,4,2,3,4,4,2,3,3,2	Ac	88%	175.6	23.4
1,4,4,4,2,3,4,4,2,3,3,4	a-D-GalpA	72%	101.2	70.3	70.0	71.2	72.8	175.9
