Linkage	Residue	Trust	C1	C2	C3	C4	C5	C6	C7	C8	C9
	Me	84%	58.1
1	b-D-GlcpA	47%	104.3	79.7	75.3	81.6	76.1	176.0
1,2	b-D-GlcpA	57%	101.1	75.1	76.9	73.4	77.6	176.3
1,4	b-D-Galp	50%	102.9	70.3	76.3	70.4	76.3	65.3
1,4,6	S	
1,4,3	a-L-Fucp	38%	98.7	69.0	74.5	72.7	68.2	16.5
1,4,3,3	b-D-Manp	25%	101.2	73.1	75.4	66.4	77.1	61.6
1,4,3,3,3	b-D-Xylp	68%	101.7	73.9	80.5	70.8	66.2
1,4,3,3,2	b-D-Galp	59%	105.2	76.5	79.6	68.9	75.7	62.5
1,4,3,3,2,3	S	
1,4,3,3,2,2	b-D-GlcpN	67%	102.5	55.3	82.0	71.1	73.6	65.5
1,4,3,3,2,2,2	Ac	88%	175.6	23.4
1,4,3,3,2,2,6	S	
1,4,3,3,2,2,3	a-D-GalpA	53%	101.0	68.5	79.2	81.4	72.1	174.8
1,4,3,3,2,2,3,4	b-D-GalpA	83%	101.7	70.8	73.8	71.7	75.4	174.8
1,4,3,3,2,2,3,3	a-D-Manp	42%	95.7	79.6	74.4	66.5	73.9	61.4
1,4,3,3,2,2,3,3,3	b-D-Manp	83%	98.4	72.1	74.1	68.0	77.5	62.2
1,4,3,3,2,2,3,3,2	b-D-GlcpA	60%	103.3	74.1	76.2	81.3	78.1	174.5
1,4,3,3,2,2,3,3,2,4	b-D-GlcpA	38%	102.9	73.1	76.1	69.9	75.7	175.3
1,4,3,3,2,2,3,3,2,4,3	b-Neup	51%	174.5	96.9	41.1	69.2	53.3	70.7	69.8	73.3	64.2
1,4,3,3,2,2,3,3,2,4,3,5	Ac	83%	176.3	23.6
