Linkage	Residue	Trust	H1	H2	H3	H4	H5	H6	H7	H8	H9
	Me	98%	3.57
1	b-D-GlcpA	27%	4.38	3.41	3.61	3.76	3.93	-
1,2	b-D-GlcpA	50%	4.98	3.25	3.51	3.55	3.73	-
1,4	b-D-Galp	46%	4.48	3.47	3.76	3.86	3.69	4.01
1,4,6	S	
1,4,3	a-L-Fucp	22%	4.97	3.88	3.94	3.87	4.24	1.12
1,4,3,3	b-D-Manp	24%	4.83	4.13	3.75	3.72	3.51	3.69-3.90
1,4,3,3,3	b-D-Xylp	51%	4.58	3.56	3.43	3.63	3.34-3.94
1,4,3,3,2	b-D-Galp	50%	4.53	3.62	4.27	4.11	3.70	3.69-3.73
1,4,3,3,2,3	S	
1,4,3,3,2,2	b-D-GlcpN	75%	4.83	3.82	3.75	3.76	3.68	4.20-4.44
1,4,3,3,2,2,2	Ac	98%	-	2.03
1,4,3,3,2,2,6	S	
1,4,3,3,2,2,3	a-D-GalpA	38%	5.02	3.83	4.04	4.41	4.54	-
1,4,3,3,2,2,3,4	b-D-GalpA	93%	4.57	3.97	3.84	4.12	4.08	-
1,4,3,3,2,2,3,3	a-D-Manp	39%	5.13	4.12	3.96	3.79	3.99	3.77-3.84
1,4,3,3,2,2,3,3,3	b-D-Manp	93%	4.86	4.07	3.69	3.61	3.41	3.76-3.95
1,4,3,3,2,2,3,3,2	b-D-GlcpA	72%	4.51	3.40	3.67	4.13	4.01	-
1,4,3,3,2,2,3,3,2,4	b-D-GlcpA	20%	4.53	3.40	3.62	3.58	3.76	-
1,4,3,3,2,2,3,3,2,4,3	b-Neup	55%	-	-	1.82-2.27	3.66	3.82	4.23	3.58	3.87	3.64-3.87
1,4,3,3,2,2,3,3,2,4,3,5	Ac	95%	-	2.05
