Linkage	Residue	Trust	C1	C2	C3	C4	C5	C6	C7	C8	C9
	Me	83%	58.4
1	b-D-GlcpN	73%	101.7	55.4	73.0	80.5	75.3	60.8
1,2	Ac	88%	175.6	23.4
1,4	b-D-GlcpN	60%	102.2	56.4	74.8	71.7	77.2	62.0
1,4,2	Ac	88%	175.6	23.4
1,4,2	a-D-GlcpA	43%	99.7	78.2	72.5	73.0	73.1	175.8
1,4,2,2	b-D-Galp	32%	105.7	73.2	73.7	71.4	75.8	64.8
1,4,2,2,6	S	
1,4,2,2,4	b-L-Fucp	27%	98.2	71.9	74.9	72.5	71.7	16.6
1,4,2,2,4,3	a-Neup	59%	174.3	101.0	41.3	77.5	51.7	71.9	69.8	71.9	64.6
1,4,2,2,4,3,5	Ac	83%	54.9	25.1
1,4,2,2,4,3,4	b-D-GlcpN	63%	102.9	56.7	82.1	71.4	76.9	65.7
1,4,2,2,4,3,4,2	Ac	88%	175.6	23.4
1,4,2,2,4,3,4,6	S	
1,4,2,2,4,3,4,3	a-D-Glcp	30%	100.3	72.6	74.5	80.0	72.4	61.2
1,4,2,2,4,3,4,3,3	a-D-Xylp	43%	100.4	73.3	75.6	73.7	61.2
1,4,2,2,4,3,4,3,4	b-D-Fucp	57%	101.2	71.5	77.4	73.0	71.7	16.7
1,4,2,2,4,3,4,3,4,3	b-D-Galp	61%	105.2	70.5	78.5	66.1	75.7	62.8
1,4,2,2,4,3,4,3,4,3,3	a-D-Xylp	58%	104.2	76.7	73.0	69.2	61.1
1,4,2,2,4,3,4,3,4,3,3,2	a-D-Glcp	52%	99.6	71.1	73.3	79.6	71.4	60.4
1,4,2,2,4,3,4,3,4,3,3,2,4	b-D-ManpA	66%	101.1	71.8	74.6	69.5	77.5	178.1
