Linkage	Residue	Trust	H1	H2	H3	H4	H5	H6	H7	H8	H9
	Me	95%	3.49
1	b-D-GlcpN	35%	4.48	3.81	3.57	3.49	3.43	3.54-3.74
1,2	Ac	98%	-	2.03
1,4	b-D-GlcpN	34%	4.69	3.60	3.66	3.41	3.42	3.76-3.90
1,4,2	Ac	98%	-	2.03
1,4,2	a-D-GlcpA	23%	5.20	3.69	3.98	3.43	4.21	-
1,4,2,2	b-D-Galp	13%	4.74	3.60	3.70	4.05	3.73	3.98-4.02
1,4,2,2,6	S	
1,4,2,2,4	b-L-Fucp	16%	4.65	3.54	3.69	3.73	3.82	1.20
1,4,2,2,4,3	a-Neup	57%	-	-	1.76-2.73	4.10	3.99	3.99	3.52	3.77	3.61-3.82
1,4,2,2,4,3,5	Ac	99%	-	2.03
1,4,2,2,4,3,4	b-D-GlcpN	48%	4.56	3.58	3.69	3.60	3.49	4.09-4.16
1,4,2,2,4,3,4,2	Ac	98%	-	2.03
1,4,2,2,4,3,4,6	S	
1,4,2,2,4,3,4,3	a-D-Glcp	14%	5.46	3.58	3.81	3.54	3.96	3.80
1,4,2,2,4,3,4,3,3	a-D-Xylp	67%	5.07	3.60	3.59	3.62	3.55-3.69
1,4,2,2,4,3,4,3,4	b-D-Fucp	55%	4.62	3.54	3.69	4.02	3.82	1.22
1,4,2,2,4,3,4,3,4,3	b-D-Galp	63%	4.46	3.74	3.79	4.18	3.72	3.79
1,4,2,2,4,3,4,3,4,3,3	a-D-Xylp	51%	5.10	3.69	3.83	3.85	4.03
1,4,2,2,4,3,4,3,4,3,3,2	a-D-Glcp	57%	5.38	3.62	3.87	3.69	4.01	3.62
1,4,2,2,4,3,4,3,4,3,3,2,4	b-D-ManpA	78%	4.78	4.08	3.58	3.74	3.81	-
