Linkage	Residue	Trust	C1	C2	C3	C4	C5	C6
	Me	76%	56.2
1	a-D-GlcpA	60%	99.2	81.3	72.7	73.2	73.4	175.9
1,2	b-D-GlcpN	51%	102.0	56.8	75.2	77.6	75.3	61.9
1,2,2	Ac	88%	175.6	23.4
1,2,6	S	
1,2,4	a-D-GlcpA	60%	101.6	72.8	73.8	77.4	74.1	176.9
1,2,4,4	a-D-ManpA	26%	98.9	77.9	76.5	73.3	73.1	175.9
1,2,4,4,3	b-D-ManpA	61%	98.4	72.1	73.6	69.5	76.6	176.5
1,2,4,4,2	b-D-GlcpN	68%	102.5	56.8	73.7	79.4	76.1	61.1
1,2,4,4,2,2	Ac	88%	175.6	23.4
1,2,4,4,2,4	b-D-Galp	62%	103.4	76.5	74.3	70.4	76.6	65.3
1,2,4,4,2,4,6	S	
1,2,4,4,2,4,2	a-D-Xylp	37%	98.5	80.8	72.8	70.8	61.8
1,2,4,4,2,4,2,2	b-D-Galp	48%	105.2	72.9	66.2	78.8	75.8	62.2
1,2,4,4,2,4,2,2,6	S	
1,2,4,4,2,4,2,2,4	a-L-Fucp	68%	99.8	68.6	71.0	73.1	68.8	16.3
