Linkage	Residue	Trust	C1	C2	C3	C4	C5	C6
	Me	83%	56.0
1	a-D-GlcpN	50%	98.2	54.5	72.1	71.1	73.1	61.8
1,2	Ac	83%	175.3	23.3
1,2	b-D-GlcpN	41%	102.3	56.7	72.9	81.3	78.0	62.8
1,2,2	Ac	88%	175.6	23.4
1,2,4	a-D-Galp	29%	98.9	69.2	74.2	66.1	73.0	62.8
1,2,4,2	b-L-Fucp	67%	102.8	71.3	73.8	72.1	71.9	16.2
1,2,4,3	a-D-Fucp	46%	98.7	69.0	75.7	72.7	68.2	16.5
1,2,4,3,3	a-D-GlcpN	58%	99.3	54.6	72.5	70.4	72.8	61.1
1,2,4,3,3,2	Ac	83%	175.3	23.3
1,2,4,3,3,2	b-D-GalpA	31%	103.7	71.2	73.6	71.2	75.7	174.8
1,2,4,3,3,2,2	b-D-Manp	58%	101.1	71.6	74.0	68.0	77.3	62.5
