Linkage	Residue	Trust	H1	H2	H3	H4	H5	H6
	Me	98%	3.57
1	b-D-Fucp	51%	4.84	3.65	3.52	4.11	3.94	1.40
1,4	b-D-Fucp	56%	4.79	3.61	3.62	3.77	3.91	1.25
1,2	b-D-Galp	39%	4.53	3.62	3.74	4.05	3.83	4-4.02
1,2,6	S	
1,2,2	a-D-Galp	62%	5.27	3.97	3.96	4.25	4.45	4.04
1,2,2,6	S	
1,2,2,3	b-D-GlcpN	32%	4.69	3.60	3.66	3.49	3.45	3.72-3.86
1,2,2,3,2	Ac	98%	-	2.03
1,2,2,3,2	a-L-Fucp	40%	5.10	3.88	3.85	3.79	4.79	1.19
1,2,2,3,2,4	b-D-Manp	24%	4.76	4.21	3.72	3.69	3.46	3.76-3.96
1,2,2,3,2,4,4	b-L-Fucp	35%	4.65	3.54	3.62	3.77	3.91	1.25
