Linkage	Residue	Trust	H1	H2	H3	H4	H5	H6
	Me	97%	3.42
1	a-D-GlcpA	37%	5.40	3.69	3.75	3.54	4.16	-
1,4	a-D-GlcpA	66%	5	3.52	3.71	3.61	4.14	-
1,2	a-D-Galp	45%	5.21	3.90	4.04	4.06	4.31	4-4.04
1,2,6	S	
1,2,2	b-D-Galp	58%	4.56	3.61	4.36	4.18	3.75	3.88-3.90
1,2,2,3	S	
1,2,2,4	a-D-Glcp	57%	5.11	3.45	4.05	3.70	4.30	4.06
1,2,2,4,6	S	
1,2,2,4,2	b-D-Galp	54%	4.53	3.66	3.91	4.23	3.98	3.71-3.80
1,2,2,4,2,4	b-D-Glcp	34%	4.62	3.37	3.57	3.47	3.50	4.08-4.15
1,2,2,4,2,4,6	S	
1,2,2,4,2,4,2	a-D-Manp	52%	5.12	4.02	3.98	3.90	3.87	3.77-3.83
1,2,2,4,2,4,2,4	b-D-ManpA	58%	4.80	4.53	3.61	3.74	3.62	-
1,2,2,4,2,4,2,4,2	b-D-Xylp	24%	4.39	3.32	3.48	3.66	3.35-3.99
1,2,2,4,2,4,2,4,2,4	a-D-Fucp	29%	5.10	3.89	3.87	3.79	4.30	1.22
