Linkage	Residue	Trust	H1	H2	H3	H4	H5	H6	H7	H8	H9
	Me	95%	3.54
1	b-D-ManpA	81%	4.59	4.03	3.76	3.95	3.73	-
1,4	b-D-ManpA	56%	4.82	4.38	3.86	3.76	3.67	-
1,4,2	b-D-GlcpA	67%	4.51	3.39	3.51	3.55	3.73	-
1,4,3	a-D-GlcpN	14%	4.90	4.01	3.83	3.62	4.02	3.77-3.85
1,4,3,2	Ac	98%	-	2.05
1,4,3,4	b-L-Fucp	24%	4.65	3.54	3.68	3.92	3.82	1.31
1,4,3,4,4	a-D-Galp	57%	5.14	3.95	3.95	4.24	4.10	3.73-3.78
1,4,3,4,4,3	b-D-GlcpN	81%	4.71	3.86	3.75	3.73	3.46	3.76-3.87
1,4,3,4,4,3,2	Ac	98%	-	2.03
1,4,3,4,4,3,4	a-D-Galp	59%	5.39	3.94	3.86	4.06	4.02	4.17
1,4,3,4,4,3,4,6	S	
1,4,3,4,4,3,4,4	a-D-Galp	60%	5	3.84	3.87	4.01	4.11	4.17
1,4,3,4,4,3,4,4,6	S	
1,4,3,4,4,3,4,4,4	a-D-Galp	27%	5.21	3.90	3.97	4.06	4.14	3.75-3.81
1,4,3,4,4,3,4,4,4,3	S	
1,4,3,4,4,3,4,4,4,2	b-L-Fucp	34%	4.65	3.65	3.68	3.76	3.81	1.28
1,4,3,4,4,3,4,4,4,2,2	b-D-Xylp	0%	4.50	3.31	3.49	3.61	3.35-3.99
1,4,3,4,4,3,4,4,4,2,2,3	b-Neup	55%	-	-	1.82-2.27	3.66	3.82	4.23	3.58	3.87	3.64-3.87
1,4,3,4,4,3,4,4,4,2,2,3,5	Ac	95%	-	2.05
