Linkage	Residue	Trust	C1	C2	C3	C4	C5	C6
	a-D-Manp	54%	92.1	78.0	68.9	77.5	73.8	61.9
4	a-D-Manp	70%	102.0	72.0	72.1	67.6	73.8	61.2
2	b-D-GlcpN	45%	99.9	56.4	73.0	69.7	75.9	64.6
2,2	Ac	88%	175.6	23.4
2,6	S	
2,2	a-D-Galp	45%	99.1	69.7	70.3	78.7	72.3	62.2
2,2,6	S	
2,2,4	a-D-GalpA	62%	99.8	69.9	73.4	80.4	71.8	175.6
2,2,4,4	a-D-GlcpN	45%	99.8	54.6	71.7	72.0	74.8	63.0
2,2,4,4,2	Ac	83%	175.3	23.3
2,2,4,4,2	b-D-GlcpN	51%	102.2	56.9	81.6	70.2	75.8	65.7
2,2,4,4,2,2	Ac	88%	175.6	23.4
2,2,4,4,2,6	S	
2,2,4,4,2,3	a-D-Fucp	22%	101.0	69.4	70.7	75.0	68.2	16.4
2,2,4,4,2,3,2	a-L-Fucp	66%	103.5	70.8	71.0	73.1	68.8	16.5
2,2,4,4,2,3,4	a-D-ManpA	32%	101.9	68.7	71.4	73.3	73.1	175.8
2,2,4,4,2,3,4,2	a-D-Fucp	45%	103.9	70.6	69.6	75.4	68.2	16.9
2,2,4,4,2,3,4,2,4	a-D-Glcp	77%	100.6	72.9	74.1	70.9	73.1	61.9
