Linkage	Residue	Trust	H1	H2	H3	H4	H5	H6
	a-D-Manp	39%	5.18	4.07	3.92	3.84	3.92	3.70-3.90
4	a-D-Manp	84%	4.93	3.98	3.86	3.70	3.74	3.76-3.86
2	b-D-GlcpN	34%	4.69	3.60	3.66	3.44	3.39	4.15-4.25
2,2	Ac	98%	-	2.03
2,6	S	
2,2	a-D-Galp	36%	5.22	3.89	3.96	4.10	4.02	3.80-3.85
2,2,6	S	
2,2,4	a-D-GalpA	58%	4.97	3.94	4.08	4.39	4.41	-
2,2,4,4	a-D-GlcpN	34%	5.20	3.78	3.83	3.47	3.92	3.85-3.99
2,2,4,4,2	Ac	98%	-	2.05
2,2,4,4,2	b-D-GlcpN	45%	4.70	3.58	3.69	3.60	3.57	4.10-4.17
2,2,4,4,2,2	Ac	98%	-	2.03
2,2,4,4,2,6	S	
2,2,4,4,2,3	a-D-Fucp	15%	5.10	3.89	3.91	3.68	4.32	1.16
2,2,4,4,2,3,2	a-L-Fucp	53%	5.16	3.80	3.87	3.79	4.30	1.22
2,2,4,4,2,3,4	a-D-ManpA	8%	5	4.05	?	3.74	4.21	-
2,2,4,4,2,3,4,2	a-D-Fucp	42%	4.99	4.02	3.95	4	4.06	1.25
2,2,4,4,2,3,4,2,4	a-D-Glcp	67%	5.02	3.52	3.74	3.44	3.89	3.76-3.96
