Lineage	Residue	Trust	C1	C2	C3	C4	C5	C6
	Me	92%	58.4
1	b-D-GlcpA	70%	104.5	73.6	77.2	77.8	77.3	175.1
1,4	a-D-Galp	72%	101.2	77.6	69.5	70.5	71.0	66.0
1,4,6	S		
1,4,2	b-D-Galp	87%	105.5	71.8	74.6	78.2	75.7	62.1
1,4,2,4	b-D-GlcpN	57%	102.7	56.8	74.5	77.9	75.0	64.8
1,4,2,4,2	Ac	99%	175.6	23.5
1,4,2,4,6	S		175.6
1,4,2,4,4	a-D-Galp	72%	97.7	70.8	69.9	79.4	71.4	63.5
1,4,2,4,4,6	S		
1,4,2,4,4,4	a-D-Glcp	56%	100.2	70.0	70.2	79.8	70.9	64.4
1,4,2,4,4,4,6	S		
1,4,2,4,4,4,4	b-D-GlcpN	89%	102.3	55.7	83.8	69.5	76.6	65.0
1,4,2,4,4,4,4,2	Ac	99%	175.6	23.5
1,4,2,4,4,4,4,6	S		175.6
1,4,2,4,4,4,4,3	b-D-GlcpA	87%	101.8	81.9	76.6	72.4	76.4	174.6
1,4,2,4,4,4,4,3,2	b-D-GlcpN	56%	102.6	64.5	74.9	71.1	77.1	64.2
1,4,2,4,4,4,4,3,2,2	Ac	99%	175.6	23.5
1,4,2,4,4,4,4,3,2,6	S		175.6
1,4,2,4,4,4,4,3,2,2	b-D-Glcp	88%	104.1	74.1	76.2	76.8	74.2	65.6
1,4,2,4,4,4,4,3,2,2,6	S		
1,4,2,4,4,4,4,3,2,2,4	a-D-Galp	75%	97.8	74.2	69.4	71.2	71.1	66.0
1,4,2,4,4,4,4,3,2,2,4,6	S		
1,4,2,4,4,4,4,3,2,2,4,2	a-D-Fucp	87%	97.3	68.3	80.2	72.8	67.9	16.6
1,4,2,4,4,4,4,3,2,2,4,2,3	b-D-Glcp	89%	105.1	79.4	77.2	78.3	75.9	62.1
1,4,2,4,4,4,4,3,2,2,4,2,3,4	a-D-Glcp	77%	100.9	71.8	82.9	68.9	72.7	65.3
1,4,2,4,4,4,4,3,2,2,4,2,3,4,6	S		
1,4,2,4,4,4,4,3,2,2,4,2,3,4,3	b-D-GlcpA	89%	103.4	79.3	75.4	71.3	76.0	174.3
1,4,2,4,4,4,4,3,2,2,4,2,3,4,3,2	a-D-GalpA	91%	100.0	69.4	71.1	81.4	72.4	176.0
1,4,2,4,4,4,4,3,2,2,4,2,3,4,3,2,4	b-D-Galp	87%	105.2	71.0	82.4	68.6	76.2	62.1
1,4,2,4,4,4,4,3,2,2,4,2,3,4,3,2,4,3	b-D-Manp	92%	102.6	71.6	74.3	67.9	77.3	62.2
