Linkage	Residue	Trust	C1	C2	C3	C4	C5	C6
	Me	84%	58.1
1	b-D-GlcpA	78%	103.9	74.0	76.9	78.0	77.3	175.4
1,4	a-D-Galp	62%	104.9	75.2	69.7	70.4	70.6	66.0
1,4,6	S	
1,4,2	b-D-Galp	57%	105.1	72.5	74.1	76.1	76.1	61.5
1,4,2,4	b-D-GlcpN	62%	102.2	56.8	72.9	77.6	74.9	64.8
1,4,2,4,2	Ac	88%	175.6	23.4
1,4,2,4,6	S	
1,4,2,4,4	a-D-Galp	55%	91.6	72.6	69.8	78.1	72.3	61.1
1,4,2,4,4,6	S	
1,4,2,4,4,4	a-D-Glcp	63%	100.2	70.0	70.2	79.8	70.9	64.4
1,4,2,4,4,4,6	S	
1,4,2,4,4,4,4	b-D-GlcpN	72%	102.5	55.7	83.8	69.5	77.1	65.7
1,4,2,4,4,4,4,2	Ac	88%	175.6	23.4
1,4,2,4,4,4,4,6	S	
1,4,2,4,4,4,4,3	b-D-GlcpA	58%	99.5	81.1	77.5	73.2	77.8	176.2
1,4,2,4,4,4,4,3,2	b-D-GlcpN	55%	103.1	56.4	74.8	71.3	77.3	64.0
1,4,2,4,4,4,4,3,2,2	Ac	88%	175.6	23.4
1,4,2,4,4,4,4,3,2,6	S	
1,4,2,4,4,4,4,3,2,2	b-D-Glcp	55%	103.5	72.8	75.7	73.8	75.3	64.8
1,4,2,4,4,4,4,3,2,2,6	S	
1,4,2,4,4,4,4,3,2,2,4	a-D-Galp	59%	97.2	74.0	70.6	73.2	71.4	66.0
1,4,2,4,4,4,4,3,2,2,4,6	S	
1,4,2,4,4,4,4,3,2,2,4,2	a-D-Fucp	59%	97.6	68.0	80.0	73.0	69.3	17.0
1,4,2,4,4,4,4,3,2,2,4,2,3	b-D-Glcp	57%	105.7	97.2	74.9	78.3	75.7	61.9
1,4,2,4,4,4,4,3,2,2,4,2,3,4	a-D-Glcp	52%	100.6	72.3	81.8	69.3	72.5	65.8
1,4,2,4,4,4,4,3,2,2,4,2,3,4,6	S	
1,4,2,4,4,4,4,3,2,2,4,2,3,4,3	b-D-GlcpA	65%	97.9	81.2	77.0	68.9	75.9	174.3
1,4,2,4,4,4,4,3,2,2,4,2,3,4,3,2	a-D-GalpA	81%	99.4	68.2	71.0	81.5	71.1	175.1
1,4,2,4,4,4,4,3,2,2,4,2,3,4,3,2,4	b-D-Galp	55%	103.6	70.8	75.3	63.3	75.3	61.9
1,4,2,4,4,4,4,3,2,2,4,2,3,4,3,2,4,3	b-D-Manp	61%	102.5	71.6	74.0	70.7	77.3	62.1
