Linkage	Residue	Trust	H1	H2	H3	H4	H5	H6
	Me	98%	3.57
1	b-D-GlcpA	71%	4.40	3.41	3.74	3.80	3.87	-
1,4	a-D-Galp	66%	4.97	3.70	4.04	4.06	4.01	4-4.04
1,4,6	S	
1,4,2	b-D-Galp	57%	4.56	3.63	4.24	4.32	3.81	3.80-3.81
1,4,2,4	b-D-GlcpN	65%	4.65	3.75	3.75	3.73	3.87	3.65-3.95
1,4,2,4,2	Ac	98%	-	2.03
1,4,2,4,6	S	
1,4,2,4,4	a-D-Galp	59%	5.30	3.62	3.88	4.06	4.02	3.82-3.86
1,4,2,4,4,6	S	
1,4,2,4,4,4	a-D-Glcp	76%	5.05	3.77	3.85	3.77	4.30	4.06
1,4,2,4,4,4,6	S	
1,4,2,4,4,4,4	b-D-GlcpN	73%	4.54	3.87	3.91	3.53	3.48	4.07-4.15
1,4,2,4,4,4,4,2	Ac	98%	-	2.03
1,4,2,4,4,4,4,6	S	
1,4,2,4,4,4,4,3	b-D-GlcpA	75%	4.71	3.53	3.65	3.51	3.75	-
1,4,2,4,4,4,4,3,2	b-D-GlcpN	33%	4.69	3.60	3.66	3.40	3.46	4.10-4.19
1,4,2,4,4,4,4,3,2,2	Ac	98%	-	2.03
1,4,2,4,4,4,4,3,2,6	S	
1,4,2,4,4,4,4,3,2,2	b-D-Glcp	48%	4.61	3.36	3.36	3.52	3.39	3.65-3.95
1,4,2,4,4,4,4,3,2,2,6	S	
1,4,2,4,4,4,4,3,2,2,4	a-D-Galp	60%	5.58	3.94	3.98	3.57	3.73	4.06
1,4,2,4,4,4,4,3,2,2,4,6	S	
1,4,2,4,4,4,4,3,2,2,4,2	a-D-Fucp	75%	5.41	3.94	4.13	4.02	4.16	1.25
1,4,2,4,4,4,4,3,2,2,4,2,3	b-D-Glcp	41%	4.52	3.47	3.78	3.85	3.81	3.78-3.92
1,4,2,4,4,4,4,3,2,2,4,2,3,4	a-D-Glcp	45%	5.24	3.89	3.87	3.54	3.75	4.07-4.15
1,4,2,4,4,4,4,3,2,2,4,2,3,4,6	S	
1,4,2,4,4,4,4,3,2,2,4,2,3,4,3	b-D-GlcpA	42%	4.65	3.41	3.40	3.31	3.43	-
1,4,2,4,4,4,4,3,2,2,4,2,3,4,3,2	a-D-GalpA	86%	5.53	3.93	3.69	4.33	4.83	-
1,4,2,4,4,4,4,3,2,2,4,2,3,4,3,2,4	b-D-Galp	39%	4.72	3.60	3.70	4.09	3.40	3.67-3.87
1,4,2,4,4,4,4,3,2,2,4,2,3,4,3,2,4,3	b-D-Manp	61%	4.90	3.95	3.73	3.83	3.43	3.73-3.91
