Lineage	Residue	Trust	C1	C2	C3	C4	C5	C6	C7	C8
	Me	100%	58.5
1	b-D-GlcpA	63%	105.3	72.6	77.5	77.3	77.1	174.4
1,4	a-D-Galp	75%	99.1	79.2	69.4	70.6	71.1	66.0
1,4,6	S	50%
1,4,2	b-D-Galp	100%	105.6	71.7	74.6	78.6	75.6	62.2
1,4,2,4	b-D-GlcpNAc	50%	104.0	57.0	75.4	78.2	75.1	64.6	175.6	23.5
1,4,2,4,6	S	50%
1,4,2,4,4	a-D-Galp	75%	101.1	69.6	69.9	79.9	71.3	65.3
1,4,2,4,4,6	S	50%
1,4,2,4,4,4	a-D-Glcp	0%	101.4	72.4	72.5	76.2	71.7	65.1
1,4,2,4,4,4,6	S	50%
1,4,2,4,4,4,4	b-D-GlcpNAc	88%	102.2	55.8	83.8	69.6	76.4	64.6	175.6	23.5
1,4,2,4,4,4,4,6	S	50%
1,4,2,4,4,4,4,3	b-D-GlcpA	100%	102.4	82.1	76.5	72.3	76.0	174.4
1,4,2,4,4,4,4,3,2	b-D-GlcpNAc	50%	101.6	64.5	75.1	70.8	76.4	64.6	175.6	23.5
1,4,2,4,4,4,4,3,2,6	S	50%
1,4,2,4,4,4,4,3,2,2	b-D-Glcp	100%	104.1	74.4	76.3	78.0	74.0	66.0
1,4,2,4,4,4,4,3,2,2,6	S	50%
1,4,2,4,4,4,4,3,2,2,4	a-D-Galp	75%	98.5	74.4	69.1	70.6	71.1	66.0
1,4,2,4,4,4,4,3,2,2,4,6	S	50%
1,4,2,4,4,4,4,3,2,2,4,2	a-D-Fucp	100%	97.3	68.4	80.2	72.7	67.8	16.5
1,4,2,4,4,4,4,3,2,2,4,2,3	b-D-Glcp	100%	104.9	74.4	77.3	78.3	75.9	62.1
1,4,2,4,4,4,4,3,2,2,4,2,3,4	a-D-Glcp	88%	101.0	71.7	83.0	68.7	72.7	65.1
1,4,2,4,4,4,4,3,2,2,4,2,3,4,6	S	50%
1,4,2,4,4,4,4,3,2,2,4,2,3,4,3	b-D-GlcpA	100%	104.3	78.8	75.2	72.3	76.0	174.4
1,4,2,4,4,4,4,3,2,2,4,2,3,4,3,2	a-D-GalpA	100%	100.4	69.8	71.1	81.3	73.3	176.4
1,4,2,4,4,4,4,3,2,2,4,2,3,4,3,2,4	b-D-Galp	100%	105.5	71.0	83.0	69.7	76.3	62.2
1,4,2,4,4,4,4,3,2,2,4,2,3,4,3,2,4,3	b-D-Manp	100%	102.7	71.5	74.3	67.9	77.4	62.3
