Linkage	Residue	Trust	C1	C2	C3	C4	C5	C6	C7	C8	C9
	a-D-Xylp	51%	100.0	80.6	72.8	72.3	61.6
2	b-D-Glcp	21%	103.5	74.3	77.0	70.6	76.2	65.1
2,6	S	
2,3	b-Neup	33%	175.5	96.9	40.2	67.4	54.2	70.7	69.8	73.1	64.1
2,3,5	Ac	83%	176.3	23.6
2,3,4	b-D-GlcpA	36%	104.1	78.1	76.9	73.3	76.7	176.2
2,3,4,2	a-D-Galp	61%	98.3	68.2	71.0	79.7	71.5	66.1
2,3,4,2,6	S	
2,3,4,2,4	b-D-Xylp	51%	104.1	76.3	75.7	69.2	65.5
2,3,4,2,4,2	a-D-Glcp	61%	98.1	72.5	81.4	70.1	73.9	62.0
2,3,4,2,4,2,3	a-D-ManpA	50%	97.2	69.8	71.8	69.5	73.2	175.8
