Linkage	Residue	Trust	C1	C2	C3	C4	C5	C6	C7	C8	C9
	a-D-ManpA	65%	94.7	70.6	78.9	73.3	73.1	176.6
3	a-D-ManpA	26%	101.9	71.2	?	73.3	73.1	175.9
3,4	b-L-Fucp	7%	98.2	72.2	74.9	72.5	71.7	16.4
3,4,4	a-D-Fucp	70%	99.8	68.6	71.0	73.1	68.8	16.5
3,4,3	a-Neup	54%	177.2	101.1	38.5	75.6	50.8	74.1	69.8	73.1	64.1
3,4,3,5	Ac	83%	54.9	25.1
3,4,3,4	a-D-Fucp	58%	95.6	69.4	70.5	78.9	68.2	17.4
3,4,3,4,4	b-D-GlcpN	39%	102.2	56.5	78.0	70.3	76.1	62.0
3,4,3,4,4,2	Ac	88%	175.6	23.4
3,4,3,4,4,3	a-D-Fucp	57%	100.9	68.4	80.5	80.5	68.3	16.9
3,4,3,4,4,3,4	b-D-GlcpA	78%	104.3	74.9	77.3	73.4	77.0	173.3
3,4,3,4,4,3,3	b-D-GalpA	47%	104.6	73.8	72.3	71.2	75.7	174.8
3,4,3,4,4,3,3,2	a-D-GlcpN	60%	100.2	54.7	70.4	79.3	72.1	60.5
3,4,3,4,4,3,3,2,2	Ac	83%	175.3	23.3
3,4,3,4,4,3,3,2,4	b-D-Glcp	61%	102.7	73.7	76.6	79.5	76.6	64.8
3,4,3,4,4,3,3,2,4,6	S	
3,4,3,4,4,3,3,2,4,4	b-D-GlcpN	52%	101.9	56.4	74.5	70.3	77.0	65.6
3,4,3,4,4,3,3,2,4,4,2	Ac	88%	175.6	23.4
3,4,3,4,4,3,3,2,4,4,6	S	
3,4,3,4,4,3,3,2,4,4,2	b-D-Galp	47%	104.2	71.3	83.3	69.3	74.7	60.3
3,4,3,4,4,3,3,2,4,4,2,6	S	
3,4,3,4,4,3,3,2,4,4,2,3	b-D-Glcp	46%	106.1	74.9	77.2	71.9	77.8	63.8
3,4,3,4,4,3,3,2,4,4,2,3,3	b-L-Fucp	66%	103.6	72.1	73.7	72.4	71.9	16.1
