Linkage	Residue	Trust	C1	C2	C3	C4	C5	C6	C7	C8	C9
	a-Neup	60%	174.7	97.4	40.7	69.8	53.1	74.3	69.8	73.1	64.1
5	Ac	83%	54.9	25.1
4	b-D-Galp	42%	104.2	79.0	69.7	70.4	75.8	65.3
4,6	S	
4,2	b-D-Galp	46%	107.0	72.3	76.4	77.4	75.2	60.8
4,2,3	S	
4,2,4	a-D-Glcp	69%	100.9	75.7	81.3	70.6	74.4	65.7
4,2,4,6	S	
4,2,4,3	a-D-Manp	62%	100.4	81.2	71.8	68.0	71.8	62.1
4,2,4,3,2	a-D-Galp	69%	94.9	73.2	70.0	78.4	71.3	60.7
4,2,4,3,2,2	a-D-Galp	88%	96.6	69.3	70.4	70.5	72.1	62.0
4,2,4,3,2,4	a-D-Galp	63%	101.0	68.9	79.3	69.3	71.5	65.6
4,2,4,3,2,4,6	S	
4,2,4,3,2,4,3	b-D-GlcpA	71%	103.9	73.6	74.7	81.6	76.8	176.0
4,2,4,3,2,4,3,4	b-D-Galp	54%	103.6	77.5	78.6	71.6	76.4	62.2
4,2,4,3,2,4,3,4,3	S	
4,2,4,3,2,4,3,4,2	b-D-Xylp	40%	107.6	76.8	78.5	72.9	68.4
4,2,4,3,2,4,3,4,2,4	a-D-GalpA	60%	101.2	69.1	70.0	71.3	72.6	175.9
