Linkage	Residue	Trust	C1	C2	C3	C4	C5	C6	C7	C8	C9
	a-D-ManpA	56%	92.9	79.5	70.0	73.3	73.9	175.6
2	a-D-ManpA	65%	102.8	71.0	71.3	69.5	73.2	175.8
4	b-D-Glcp	35%	103.8	74.0	77.0	70.6	76.2	65.1
4,6	S	
4,3	b-Neup	33%	175.5	96.9	40.2	67.4	54.2	70.7	69.8	73.1	64.1
4,3,5	Ac	83%	176.3	23.6
4,3,4	b-D-GalpA	50%	103.7	70.3	81.2	68.1	76.2	174.6
4,3,4,3	b-D-GalpA	41%	104.4	71.2	73.6	71.3	75.7	180.3
4,3,4,3,2	a-D-ManpA	47%	101.5	70.9	71.5	73.3	73.4	175.6
4,3,4,3,2,4	a-D-GlcpN	35%	98.2	54.6	71.4	70.6	72.7	65.5
4,3,4,3,2,4,2	Ac	83%	175.3	23.3
4,3,4,3,2,4,6	S	
4,3,4,3,2,4,2	b-D-Galp	42%	104.2	79.0	69.7	70.4	75.8	65.3
4,3,4,3,2,4,2,6	S	
4,3,4,3,2,4,2,2	b-D-Galp	46%	107.0	72.3	76.4	77.4	75.2	60.8
4,3,4,3,2,4,2,2,3	S	
4,3,4,3,2,4,2,2,4	a-D-Glcp	66%	99.5	76.7	73.6	70.3	72.2	64.9
4,3,4,3,2,4,2,2,4,6	S	
4,3,4,3,2,4,2,2,4,2	a-D-Galp	67%	95.1	68.0	80.1	70.2	71.4	62.0
4,3,4,3,2,4,2,2,4,2,3	b-D-Galp	71%	105.3	71.8	73.6	79.0	76.6	61.6
4,3,4,3,2,4,2,2,4,2,3,4	a-D-Galp	67%	100.4	80.6	69.7	69.8	71.3	61.1
4,3,4,3,2,4,2,2,4,2,3,4,2	a-D-ManpA	56%	103.5	72.0	71.5	69.5	78.1	176.0
