Linkage	Residue	Trust	H1	H2	H3	H4	H5	H6	H7	H8	H9
	a-D-ManpA	59%	5.39	3.98	3.99	3.76	4.11	-
2	a-D-ManpA	57%	5.07	4.09	3.83	3.74	4.21	-
4	b-D-Glcp	16%	4.55	3.36	3.58	3.46	3.53	4.09-4.16
4,6	S	
4,3	b-Neup	34%	-	-	1.82-2.27	4.15	3.82	4.25	3.58	3.86	3.64-3.87
4,3,5	Ac	95%	-	2.05
4,3,4	b-D-GalpA	41%	4.55	3.60	3.56	4.34	4.05	-
4,3,4,3	b-D-GalpA	25%	4.55	3.62	3.75	4.37	4.09	-
4,3,4,3,2	a-D-ManpA	43%	5.13	4.03	4.04	3.76	4.11	-
4,3,4,3,2,4	a-D-GlcpN	21%	5.20	3.78	3.83	3.57	3.96	4.08-4.15
4,3,4,3,2,4,2	Ac	98%	-	2.05
4,3,4,3,2,4,6	S	
4,3,4,3,2,4,2	b-D-Galp	40%	4.53	3.62	3.95	4.06	3.83	4-4.02
4,3,4,3,2,4,2,6	S	
4,3,4,3,2,4,2,2	b-D-Galp	58%	5.14	3.60	4.36	4.18	3.75	3.88-3.90
4,3,4,3,2,4,2,2,3	S	
4,3,4,3,2,4,2,2,4	a-D-Glcp	64%	5.02	3.75	3.88	3.53	4.30	4.06
4,3,4,3,2,4,2,2,4,6	S	
4,3,4,3,2,4,2,2,4,2	a-D-Galp	81%	5.35	4.08	4.16	4.23	4.38	3.75
4,3,4,3,2,4,2,2,4,2,3	b-D-Galp	79%	4.67	3.66	3.73	4.14	3.76	3.84
4,3,4,3,2,4,2,2,4,2,3,4	a-D-Galp	47%	5.21	3.90	3.86	4.04	4.37	3.71-3.72
4,3,4,3,2,4,2,2,4,2,3,4,2	a-D-ManpA	47%	5.05	4.03	3.78	3.74	4.21	-
