Linkage	Residue	Trust	C1	C2	C3	C4	C5	C6	C7	C8	C9
	Me	83%	55.6
1	a-D-Manp	67%	100.2	79.2	71.1	67.9	73.5	61.8
1,2	a-D-Manp	24%	101.3	70.9	74.5	70.5	73.3	62.2
1,2,4	b-D-GalpA	66%	102.2	70.9	73.3	71.1	76.0	174.8
1,2,3	a-Neup	31%	175.3	102.0	40.7	69.8	53.1	74.1	69.8	73.1	64.1
1,2,3,5	Ac	83%	54.9	25.1
1,2,3,4	a-D-Manp	55%	101.3	78.2	70.4	67.7	73.9	61.3
1,2,3,4,2	b-D-Manp	59%	100.2	71.4	79.6	67.8	77.2	61.8
1,2,3,4,2,3	a-D-GlcpN	68%	94.8	53.6	70.6	79.7	72.0	61.3
1,2,3,4,2,3,2	Ac	83%	175.3	23.3
1,2,3,4,2,3,4	b-D-Galp	76%	102.9	78.7	73.3	70.2	76.2	65.3
1,2,3,4,2,3,4,6	S	
1,2,3,4,2,3,4,2	b-D-GlcpN	51%	101.9	56.4	75.5	71.2	77.0	65.9
1,2,3,4,2,3,4,2,2	Ac	88%	175.6	23.4
1,2,3,4,2,3,4,2,6	S	
1,2,3,4,2,3,4,2,2	a-D-Glcp	33%	99.2	72.1	81.0	71.6	72.4	65.1
1,2,3,4,2,3,4,2,2,6	S	
1,2,3,4,2,3,4,2,2,3	a-D-GlcpA	47%	99.2	78.2	74.1	73.0	73.1	175.8
1,2,3,4,2,3,4,2,2,3,2	b-D-Galp	66%	105.1	72.5	73.8	71.5	76.0	62.7
