Linkage	Residue	Trust	H1	H2	H3	H4	H5	H6	H7	H8	H9
	Me	95%	3.42
1	a-D-Manp	81%	4.96	3.98	3.88	3.69	3.60	3.78-3.90
1,2	a-D-Manp	17%	5.05	4.11	3.95	3.80	3.75	3.83-3.95
1,2,4	b-D-GalpA	40%	4.61	3.69	3.70	4.22	4.15	-
1,2,3	a-Neup	34%	-	-	1.76-2.73	3.73	3.86	3.74	3.58	3.86	3.64-3.87
1,2,3,5	Ac	99%	-	2.03
1,2,3,4	a-D-Manp	48%	5.16	4.12	3.91	3.69	3.63	3.77-3.93
1,2,3,4,2	b-D-Manp	50%	4.83	4.12	3.83	3.82	3.40	3.75-3.92
1,2,3,4,2,3	a-D-GlcpN	51%	5.29	4.01	3.98	3.78	4.07	3.83-3.99
1,2,3,4,2,3,2	Ac	98%	-	2.05
1,2,3,4,2,3,4	b-D-Galp	68%	4.49	3.83	3.72	3.88	3.68	4-4.02
1,2,3,4,2,3,4,6	S	
1,2,3,4,2,3,4,2	b-D-GlcpN	28%	4.69	3.60	3.66	3.43	3.42	4.06-4.13
1,2,3,4,2,3,4,2,2	Ac	98%	-	2.03
1,2,3,4,2,3,4,2,6	S	
1,2,3,4,2,3,4,2,2	a-D-Glcp	20%	5.19	3.58	3.90	3.71	3.98	4.06-4.14
1,2,3,4,2,3,4,2,2,6	S	
1,2,3,4,2,3,4,2,2,3	a-D-GlcpA	53%	5.48	3.78	3.98	3.43	4.21	-
1,2,3,4,2,3,4,2,2,3,2	b-D-Galp	57%	4.87	3.59	3.65	3.97	3.68	3.72-3.75
