Linkage	Residue	Trust	C1	C2	C3	C4	C5	C6
	b-L-Fucp	43%	97.2	72.0	83.9	72.5	71.7	16.6
3	b-L-Fucp	66%	104.8	73.4	73.7	72.4	71.9	16.1
4	b-D-GlcpN	73%	103.2	56.2	83.5	69.7	76.5	62.0
4,2	Ac	88%	175.6	23.4
4,3	b-D-Galp	58%	104.7	71.6	73.5	78.4	76.6	61.4
4,3,2	b-D-Xylp	67%	107.6	76.8	78.5	72.1	68.4
4,3,4	a-D-Glcp	62%	100.8	82.2	76.2	75.8	71.4	61.0
4,3,4,2	b-D-Galp	69%	105.1	75.0	73.7	71.0	76.0	62.4
4,3,4,4	a-D-ManpA	45%	102.1	74.6	75.6	74.9	73.1	178.1
4,3,4,4,3	b-D-GalpA	34%	104.8	78.7	73.6	81.0	75.7	174.4
4,3,4,4,3,2	a-D-GlcpA	62%	98.1	72.9	74.1	72.5	73.2	175.8
4,3,4,4,3,4	b-D-Galp	62%	103.1	78.0	74.6	70.2	75.8	65.3
4,3,4,4,3,4,6	S	
4,3,4,4,3,4,2	b-D-GlcpN	58%	101.9	56.4	75.5	71.2	77.0	62.0
4,3,4,4,3,4,2,2	Ac	88%	175.6	23.4
4,3,4,4,3,4,2,2	b-D-Glcp	52%	103.5	73.3	75.0	79.3	71.8	64.4
4,3,4,4,3,4,2,2,6	S	
4,3,4,4,3,4,2,2,4	b-D-Glcp	68%	103.6	81.6	76.2	70.3	76.8	61.9
4,3,4,4,3,4,2,2,4,2	b-D-Xylp	50%	103.9	75.8	76.2	70.2	66.0
4,3,4,4,3,4,2,2,4,2,3	a-D-GalpA	66%	101.7	69.2	70.0	71.3	72.6	175.9
