Linkage	Residue	Trust	C1	C2	C3	C4	C5	C6	C7	C8	C9
	Me	76%	56.2
1	a-D-Fucp	60%	99.2	69.7	68.2	70.9	70.2	17.1
1,3	a-D-Fucp	33%	104.1	71.1	70.7	75.4	68.2	16.8
1,3,4	b-D-Manp	26%	101.2	73.1	75.4	66.4	77.1	61.9
1,3,4,3	b-D-Galp	71%	102.5	72.3	73.8	70.7	76.0	62.2
1,3,4,2	b-D-Galp	59%	105.2	71.3	78.4	74.8	75.3	61.9
1,3,4,2,3	S	
1,3,4,2,4	b-D-Glcp	41%	103.0	80.0	75.4	70.6	78.8	65.1
1,3,4,2,4,6	S	
1,3,4,2,4,2	a-D-GlcpN	39%	100.5	55.1	74.0	71.0	74.2	62.6
1,3,4,2,4,2,2	Ac	83%	175.3	23.3
1,3,4,2,4,2,3	a-Neup	45%	172.6	102.0	38.5	75.6	50.8	74.1	69.8	73.1	64.1
1,3,4,2,4,2,3,5	Ac	83%	54.9	25.1
1,3,4,2,4,2,3,4	a-D-Glcp	52%	96.3	77.9	72.7	70.5	72.3	64.9
1,3,4,2,4,2,3,4,6	S	
1,3,4,2,4,2,3,4,2	a-D-GlcpN	52%	94.0	55.0	82.0	69.3	72.6	66.7
1,3,4,2,4,2,3,4,2,2	Ac	83%	175.3	23.3
1,3,4,2,4,2,3,4,2,6	S	
1,3,4,2,4,2,3,4,2,3	b-D-Galp	67%	104.7	72.0	73.8	69.8	76.5	62.2
