Linkage	Residue	Trust	C1	C2	C3	C4	C5	C6	C7	C8	C9
	Me	87%	58.0
1	b-D-Glcp	52%	103.3	82.1	75.3	79.7	75.8	61.2
1,4	b-D-Glcp	70%	103.4	74.0	76.5	70.4	76.9	61.8
1,2	b-D-Galp	55%	105.6	72.7	75.3	63.3	77.0	65.3
1,2,6	S	
1,2,3	b-D-Manp	52%	103.5	76.5	72.9	76.5	77.4	60.8
1,2,3,4	a-D-GalpA	67%	101.2	71.4	71.5	71.3	72.6	175.9
1,2,3,2	b-D-GlcpN	56%	102.0	56.9	74.5	80.9	76.9	61.4
1,2,3,2,2	Ac	88%	175.6	23.4
1,2,3,2,6	S	
1,2,3,2,4	a-D-GlcpN	39%	98.2	54.6	71.4	70.6	73.5	65.5
1,2,3,2,4,2	Ac	83%	175.3	23.3
1,2,3,2,4,6	S	
1,2,3,2,4,2	b-D-GalpA	19%	103.7	71.2	73.6	70.5	75.7	174.7
1,2,3,2,4,2,3	b-Neup	52%	175.1	96.9	41.1	69.2	53.3	70.7	69.6	73.1	64.0
1,2,3,2,4,2,3,5	Ac	83%	176.3	23.6
