Linkage	Residue	Trust	C1	C2	C3	C4	C5	C6
	Me	83%	57.8
1	a-D-Xylp	44%	102.4	71.9	72.9	70.7	65.1
1,3	a-D-Xylp	19%	98.5	73.2	72.9	73.2	61.4
1,3,4	a-D-Galp	47%	101.3	69.7	70.6	78.6	71.5	64.4
1,3,4,6	S	
1,3,4,4	b-D-GlcpN	61%	103.2	57.6	71.0	80.9	76.1	61.4
1,3,4,4,2	Ac	88%	175.6	23.4
1,3,4,4,4	a-D-GlcpN	43%	98.1	54.4	72.8	77.5	72.7	64.8
1,3,4,4,4,2	Ac	83%	175.3	23.3
1,3,4,4,4,6	S	
1,3,4,4,4,4	a-D-Galp	59%	101.0	69.8	69.3	78.6	72.3	65.3
1,3,4,4,4,4,6	S	
1,3,4,4,4,4,4	a-D-Galp	64%	99.5	74.0	70.3	70.4	71.4	66.0
1,3,4,4,4,4,4,6	S	
1,3,4,4,4,4,4,2	a-D-Galp	64%	96.7	68.0	80.5	70.1	71.8	65.6
1,3,4,4,4,4,4,2,6	S	
1,3,4,4,4,4,4,2,3	b-D-GalpA	28%	103.7	71.2	74.3	81.0	75.7	172.5
1,3,4,4,4,4,4,2,3,4	b-D-Fucp	66%	105.0	72.4	73.7	72.4	71.9	16.1
1,3,4,4,4,4,4,2,3,2	b-D-Glcp	67%	103.4	74.5	77.4	79.3	71.8	64.4
1,3,4,4,4,4,4,2,3,2,6	S	
1,3,4,4,4,4,4,2,3,2,4	b-D-Glcp	61%	103.5	74.1	85.4	78.0	71.3	61.9
1,3,4,4,4,4,4,2,3,2,4,4	a-D-GlcpA	67%	99.5	68.9	70.4	71.8	67.4	176.0
1,3,4,4,4,4,4,2,3,2,4,3	b-D-Glcp	42%	103.8	74.3	76.4	72.9	76.4	61.8
1,3,4,4,4,4,4,2,3,2,4,3,4	b-L-Fucp	45%	103.7	71.7	74.9	69.7	71.7	16.3
1,3,4,4,4,4,4,2,3,2,4,3,4,3	b-D-Fucp	67%	104.8	73.4	73.7	72.4	71.9	16.8
