Linkage	Residue	Trust	C1	C2	C3	C4	C5	C6	C7	C8	C9
	a-D-GalpA	64%	92.5	69.2	69.2	78.4	70.9	175.7
4	a-D-GalpA	94%	99.4	68.6	69.9	71.2	72.6	176.5
2	a-D-Glcp	54%	103.0	78.9	74.5	70.7	72.3	64.9
2,6	S	
2,2	b-D-Galp	58%	107.4	75.0	73.7	78.2	74.4	65.6
2,2,6	S	
2,2,4	a-D-Xylp	34%	101.4	73.2	74.9	73.2	61.4
2,2,4,4	a-D-GlcpN	15%	96.2	54.5	74.0	70.4	72.7	62.3
2,2,4,4,2	Ac	83%	175.3	23.3
2,2,4,4,3	a-Neup	31%	175.3	102.0	40.7	69.8	53.1	74.1	69.8	73.1	64.1
2,2,4,4,3,5	Ac	83%	54.9	25.1
2,2,4,4,3,4	b-L-Fucp	28%	98.2	72.2	74.9	69.7	71.7	16.8
2,2,4,4,3,4,3	b-D-GlcpA	74%	104.7	74.2	76.9	78.0	77.3	175.4
2,2,4,4,3,4,3,4	a-D-Galp	71%	98.9	69.1	70.5	69.6	71.4	61.7
