Linkage	Residue	Trust	H1	H2	H3	H4	H5	H6
	Me	97%	3.42
1	a-D-Glcp	32%	4.82	3.58	3.81	3.65	3.77	3.70-3.90
1,3	a-D-Glcp	62%	5.36	3.60	3.75	3.58	3.91	3.71-3.76
1,4	a-L-Fucp	56%	5.22	3.68	3.87	3.83	4.27	1.27
1,4,2	a-D-GlcpA	45%	5.39	3.57	3.92	3.78	4.23	-
1,4,2,4	b-D-Fucp	68%	4.66	3.68	3.56	4.02	3.82	1.26
1,4,2,4,3	b-D-GalpA	24%	4.55	3.62	3.76	4.22	4.14	-
1,4,2,4,3,2	a-D-Galp	61%	5.21	3.85	4.05	4.08	4.27	3.82-3.96
1,4,2,4,3,2,4	a-L-Fucp	51%	5.13	3.75	3.85	3.79	4.79	1.19
1,4,2,4,3,2,4,4	b-D-Manp	47%	4.76	4.21	3.84	3.83	3.59	3.76-3.96
1,4,2,4,3,2,4,4,4	b-D-ManpA	46%	4.79	4.29	4.10	3.74	3.74	-
1,4,2,4,3,2,4,4,4,2	a-D-GalpA	20%	5.30	3.92	4.04	4.30	4.46	-
1,4,2,4,3,2,4,4,4,2,2	b-D-Galp	36%	4.53	3.60	3.80	3.98	3.70	4.01
1,4,2,4,3,2,4,4,4,2,2,6	S	
1,4,2,4,3,2,4,4,4,2,2,3	a-D-Manp	58%	5.05	3.89	3.74	3.83	4.02	3.80-3.99
