Linkage	Residue	Trust	C1	C2	C3	C4	C5	C6
	a-L-Fucp	26%	100.2	69.4	70.8	69.4	69.1	16.8
3	a-L-Fucp	63%	104.1	71.1	71.0	73.1	68.8	16.8
2	b-D-Galp	50%	104.9	71.7	79.0	75.8	75.7	62.6
2,3	S	
2,4	b-D-Galp	54%	103.0	81.2	74.1	74.7	75.4	65.7
2,4,6	S	
2,4,2	b-D-Glcp	61%	102.9	75.4	77.1	79.3	71.8	61.2
2,4,2,6	S	
2,4,2,4	b-D-GlcpA	51%	103.4	74.2	75.3	81.8	76.7	176.0
2,4,2,4,2	a-D-ManpA	63%	101.5	70.9	71.3	69.5	73.2	175.8
2,4,2,4,4	b-D-Galp	56%	104.5	4.0	78.6	70.5	76.3	65.3
2,4,2,4,4,6	S	
2,4,2,4,4,3	a-D-ManpA	13%	98.9	68.7	?	73.3	73.1	175.6
2,4,2,4,4,3,2	b-L-Fucp	67%	104.8	71.5	73.7	72.4	71.9	16.1
2,4,2,4,4,3,4	a-D-Galp	58%	99.2	69.1	70.6	79.7	72.1	59.8
2,4,2,4,4,3,4,4	b-D-GalpA	37%	103.0	81.2	73.8	81.8	76.0	174.3
2,4,2,4,4,3,4,4,2	b-D-Fucp	65%	103.0	72.8	73.7	72.4	71.9	16.1
2,4,2,4,4,3,4,4,4	b-D-GlcpN	44%	102.5	56.4	74.9	70.7	75.7	65.6
2,4,2,4,4,3,4,4,4,2	Ac	88%	175.6	23.4
2,4,2,4,4,3,4,4,4,6	S	
2,4,2,4,4,3,4,4,4,2	b-D-Galp	35%	104.2	71.6	76.4	78.3	75.5	61.7
2,4,2,4,4,3,4,4,4,2,3	S	
2,4,2,4,4,3,4,4,4,2,4	a-D-Galp	59%	101.3	68.9	80.9	70.1	71.0	65.7
2,4,2,4,4,3,4,4,4,2,4,6	S	
2,4,2,4,4,3,4,4,4,2,4,3	b-D-Fucp	67%	104.8	73.4	74.1	72.4	71.9	16.1
