Linkage	Residue	Trust	C1	C2	C3	C4	C5	C6	C7	C8	C9
	Me	84%	58.1
1	b-L-Fucp	19%	98.2	72.7	74.9	72.5	71.7	16.4
1,2	b-L-Fucp	65%	103.0	72.8	73.7	72.4	71.9	16.1
1,3	b-Neup	38%	175.1	96.9	40.2	67.4	54.2	70.7	69.8	73.1	64.1
1,3,5	Ac	83%	176.3	23.6
1,3,4	a-D-Manp	53%	101.2	71.4	70.4	78.0	72.5	61.9
1,3,4,4	b-D-Manp	58%	103.2	73.6	73.8	67.1	78.2	61.6
1,3,4,4,2	b-D-GlcpA	51%	104.4	76.3	76.9	72.1	77.0	176.2
1,3,4,4,2,2	a-D-GlcpA	35%	99.4	72.3	73.5	72.5	73.1	175.8
1,3,4,4,2,2,3	a-Neup	48%	174.7	101.9	37.7	69.8	53.1	74.1	69.8	73.1	64.1
1,3,4,4,2,2,3,5	Ac	83%	54.9	25.1
1,3,4,4,2,2,3,4	b-D-GalpA	38%	103.7	83.1	75.7	71.2	75.7	174.8
1,3,4,4,2,2,3,4,2	b-D-Xylp	33%	104.8	75.8	76.2	70.5	65.5
1,3,4,4,2,2,3,4,2,3	a-D-Galp	64%	97.0	80.2	69.1	70.7	72.1	62.1
1,3,4,4,2,2,3,4,2,3,2	b-D-GlcpN	67%	102.2	56.4	73.9	80.1	76.0	65.6
1,3,4,4,2,2,3,4,2,3,2,2	Ac	88%	175.6	23.4
1,3,4,4,2,2,3,4,2,3,2,6	S	
1,3,4,4,2,2,3,4,2,3,2,4	b-D-Fucp	17%	98.2	71.8	74.9	72.5	71.7	16.4
1,3,4,4,2,2,3,4,2,3,2,4,4	a-D-Fucp	70%	99.8	68.6	71.0	73.1	68.8	16.5
1,3,4,4,2,2,3,4,2,3,2,4,3	b-D-Fucp	25%	98.2	71.6	74.9	72.5	71.7	16.4
1,3,4,4,2,2,3,4,2,3,2,4,3,3	b-Neup	54%	175.1	96.9	41.1	69.2	53.3	70.7	69.8	73.3	64.2
1,3,4,4,2,2,3,4,2,3,2,4,3,3,5	Ac	83%	176.3	23.6
