Linkage	Residue	Trust	C1	C2	C3	C4	C5	C6
	Me	84%	58.1
1	b-L-Fucp	51%	104.6	72.7	73.6	73.8	72.3	16.1
1,2	a-D-GlcpN	30%	100.5	54.6	71.4	70.6	72.7	64.6
1,2,2	Ac	83%	175.3	23.3
1,2,6	S	
1,2,2	a-D-Glcp	38%	99.2	81.8	72.8	71.2	72.3	64.9
1,2,2,6	S	
1,2,2,2	b-D-GlcpN	36%	101.9	56.4	74.1	71.1	73.5	63.7
1,2,2,2,2	Ac	88%	175.6	23.4
1,2,2,2,6	S	
1,2,2,2,2	a-D-Galp	31%	99.0	69.2	74.5	68.5	71.8	61.8
1,2,2,2,2,3	S	
1,2,2,2,2,2	a-D-Galp	61%	96.7	69.3	72.4	77.7	72.0	62.0
1,2,2,2,2,2,6	S	
1,2,2,2,2,2,4	a-D-ManpA	61%	102.2	71.4	74.6	69.5	77.0	176.9
