Linkage	Residue	Trust	C1	C2	C3	C4	C5	C6
	Me	84%	58.1
1	b-D-GalpA	58%	104.3	80.3	72.2	71.2	75.9	174.8
1,2	b-D-GalpA	37%	101.1	71.2	73.6	71.2	75.7	174.8
1,2,2	b-D-ManpA	17%	101.5	70.9	73.0	74.5	77.0	176.2
1,2,2,4	a-L-Fucp	20%	100.5	69.4	70.7	78.5	68.2	15.4
1,2,2,4,2	b-L-Fucp	63%	102.8	71.3	73.7	72.4	71.9	16.9
1,2,2,4,4	b-D-Galp	44%	102.8	73.8	76.4	77.4	69.5	60.8
1,2,2,4,4,3	S	
1,2,2,4,4,4	a-D-Glcp	61%	100.2	72.3	71.9	76.5	75.3	64.8
1,2,2,4,4,4,6	S	
1,2,2,4,4,4,4	a-D-Galp	67%	97.2	74.2	71.2	70.4	69.9	66.0
1,2,2,4,4,4,4,6	S	
1,2,2,4,4,4,4,2	a-D-Galp	60%	96.7	69.3	70.3	79.0	71.8	61.5
1,2,2,4,4,4,4,2,6	S	
1,2,2,4,4,4,4,2,4	a-D-GlcpA	66%	100.8	82.2	73.7	73.6	73.0	176.9
1,2,2,4,4,4,4,2,4,2	b-D-GalpA	63%	106.0	72.9	73.6	71.1	76.0	174.8
