Linkage	Residue	Trust	C1	C2	C3	C4	C5	C6	C7	C8	C9
	a-L-Fucp	66%	100.3	76.8	70.3	72.9	68.0	16.5
2	b-D-GlcpN	60%	102.0	56.8	73.0	79.6	76.1	64.4
2,2	Ac	88%	175.6	23.4
2,6	S	
2,4	b-D-Glcp	49%	104.2	73.2	81.3	69.6	76.2	65.1
2,4,6	S	
2,4,3	a-Neup	49%	174.7	101.9	37.7	69.8	53.1	74.1	69.8	73.1	64.1
2,4,3,5	Ac	83%	54.9	25.1
2,4,3,4	b-D-Galp	42%	104.2	75.2	72.8	69.3	75.8	65.3
2,4,3,4,6	S	
2,4,3,4,2	a-D-GalpA	69%	99.4	68.2	69.2	78.4	71.7	175.3
2,4,3,4,2,4	a-D-Xylp	31%	99.4	72.9	72.9	73.2	61.4
2,4,3,4,2,4,4	a-D-GalpA	37%	99.6	68.7	79.5	70.5	72.2	175.5
2,4,3,4,2,4,4,3	b-D-Manp	37%	102.5	71.3	73.6	69.5	77.1	61.8
2,4,3,4,2,4,4,3,4	b-L-Fucp	24%	98.2	72.7	74.9	72.5	71.7	16.4
2,4,3,4,2,4,4,3,4,2	a-D-Glcp	71%	98.1	72.8	74.1	70.5	73.1	61.6
2,4,3,4,2,4,4,3,4,3	a-D-ManpA	43%	101.4	74.5	70.3	73.3	71.3	173.1
2,4,3,4,2,4,4,3,4,3,2	b-D-GlcpN	58%	102.6	56.8	73.0	79.6	76.1	64.4
2,4,3,4,2,4,4,3,4,3,2,2	Ac	88%	175.6	23.4
2,4,3,4,2,4,4,3,4,3,2,6	S	
2,4,3,4,2,4,4,3,4,3,2,4	b-D-Glcp	65%	103.1	72.9	84.2	70.6	77.2	61.8
2,4,3,4,2,4,4,3,4,3,2,4,3	a-D-Glcp	74%	101.6	73.0	72.8	79.9	71.5	60.9
2,4,3,4,2,4,4,3,4,3,2,4,3,4	b-D-Manp	72%	101.9	71.8	74.6	68.3	77.3	61.5
