Linkage	Residue	Trust	H1	H2	H3	H4	H5	H6	H7	H8	H9
	a-L-Fucp	68%	5.22	3.99	3.82	3.85	4.37	1.23
2	b-D-GlcpN	67%	4.65	3.79	3.74	3.74	3.68	4.25-4.32
2,2	Ac	98%	-	2.03
2,6	S	
2,4	b-D-Glcp	58%	4.53	3.55	3.99	3.44	3.50	4.09-4.16
2,4,6	S	
2,4,3	a-Neup	39%	-	-	1.76-2.73	3.73	3.86	3.92	3.58	3.86	3.64-3.87
2,4,3,5	Ac	99%	-	2.03
2,4,3,4	b-D-Galp	41%	4.53	3.62	3.74	4.24	3.69	4-4.02
2,4,3,4,6	S	
2,4,3,4,2	a-D-GalpA	41%	5.38	3.94	4.13	4.48	4.65	-
2,4,3,4,2,4	a-D-Xylp	18%	5.03	3.42	3.70	3.66	3.67-3.76
2,4,3,4,2,4,4	a-D-GalpA	11%	5.30	3.90	4.05	4.38	4.51	-
2,4,3,4,2,4,4,3	b-D-Manp	30%	4.90	4.17	3.72	3.69	3.46	3.76-3.83
2,4,3,4,2,4,4,3,4	b-L-Fucp	18%	4.65	3.65	3.69	3.81	3.82	1.25
2,4,3,4,2,4,4,3,4,2	a-D-Glcp	66%	5.38	3.55	3.74	3.44	3.89	3.73-3.97
2,4,3,4,2,4,4,3,4,3	a-D-ManpA	59%	5.13	4.27	3.85	3.74	4.28	-
2,4,3,4,2,4,4,3,4,3,2	b-D-GlcpN	63%	4.55	3.73	3.74	3.74	3.68	4.25-4.32
2,4,3,4,2,4,4,3,4,3,2,2	Ac	98%	-	2.03
2,4,3,4,2,4,4,3,4,3,2,6	S	
2,4,3,4,2,4,4,3,4,3,2,4	b-D-Glcp	62%	4.55	3.37	3.66	3.55	3.56	3.72-3.91
2,4,3,4,2,4,4,3,4,3,2,4,3	a-D-Glcp	88%	5.29	3.53	3.89	3.69	4.06	3.76-3.81
2,4,3,4,2,4,4,3,4,3,2,4,3,4	b-D-Manp	81%	4.78	4.08	3.58	3.55	3.38	3.75-3.90
