Linkage	Residue	Trust	H1	H2	H3	H4	H5	H6
	a-D-Xylp	33%	5.20	3.85	3.80	3.65	3.82
2	a-D-Xylp	25%	5.10	3.73	3.83	3.71	3.89
2,2	a-D-Galp	51%	5.38	3.89	4.43	4.42	4.01	3.59-3.75
2,2,3	S	
2,2,4	b-D-GlcpA	41%	4.48	3.60	3.76	3.78	3.78	-
2,2,4,4	a-D-Galp	79%	5.44	3.76	3.87	3.94	4.09	3.51-3.70
2,2,4,2	a-D-GlcpA	36%	5.53	3.65	3.87	4.06	4.24	-
2,2,4,2,3	a-D-Xylp	28%	5.07	3.85	3.70	3.66	3.67-3.76
2,2,4,2,3,3	b-D-GlcpA	34%	6.21	4.03	3.61	3.76	3.77	-
2,2,4,2,3,3,2	b-D-Xylp	90%	4.66	3.25	3.31	3.51	3.14-3.84
2,2,4,2,3,3,4	b-D-GlcpN	23%	4.69	3.60	3.66	3.57	3.47	4.06-4.13
2,2,4,2,3,3,4,2	Ac	98%	-	2.03
2,2,4,2,3,3,4,6	S	
2,2,4,2,3,3,4,2	b-D-GlcpN	42%	4.70	3.57	3.81	3.70	3.70	4.02-4.22
2,2,4,2,3,3,4,2,2	Ac	98%	-	2.03
2,2,4,2,3,3,4,2,6	S	
2,2,4,2,3,3,4,2,4	a-D-Glcp	54%	5.41	3.58	3.84	3.68	3.98	3.83-3.95
2,2,4,2,3,3,4,2,4,4	b-D-GalpA	13%	4.55	3.62	3.75	4.22	4.14	-
2,2,4,2,3,3,4,2,4,4,2	a-D-Manp	68%	5.07	4.01	3.86	3.70	4.20	3.66-3.87
