Linkage	Residue	Trust	C1	C2	C3	C4	C5	C6
	Me	83%	58.4
1	b-D-GlcpN	48%	103.4	56.4	75.0	71.3	77.2	62.3
1,2	Ac	88%	175.6	23.4
1,2	b-D-GlcpN	43%	102.3	56.4	74.8	81.7	77.1	61.9
1,2,2	Ac	88%	175.6	23.4
1,2,4	b-D-ManpA	47%	101.1	75.8	75.6	69.5	77.0	177.2
1,2,4,2	a-D-Galp	27%	99.0	69.1	76.7	79.4	71.8	62.2
1,2,4,2,3	a-D-Glcp	72%	103.1	67.7	69.8	71.6	71.0	62.0
1,2,4,2,4	b-D-Galp	57%	103.6	72.0	75.3	63.3	75.4	65.3
1,2,4,2,4,6	S	
1,2,4,2,4,3	b-D-Manp	54%	103.5	89.3	72.9	68.4	77.4	62.4
1,2,4,2,4,3,2	a-D-GalpA	65%	97.9	72.6	72.1	71.3	72.6	176.2
