Linkage	Residue	Trust	C1	C2	C3	C4	C5	C6	C7	C8	C9
	a-D-Manp	68%	92.9	79.5	71.7	77.2	73.2	64.5
2	a-D-Manp	76%	103.6	71.6	71.7	68.2	74.8	62.4
4	a-D-Galp	34%	101.0	72.3	75.3	68.0	68.2	65.6
4,6	S	
4,3	a-D-Glcp	50%	96.6	71.2	74.5	71.1	72.5	61.8
4,3,3	b-Neup	43%	175.5	96.9	40.9	78.0	51.4	70.7	69.8	71.9	64.6
4,3,3,5	Ac	83%	176.3	23.6
4,3,3,4	b-D-GlcpN	36%	102.3	55.4	73.0	80.7	76.1	64.8
4,3,3,4,2	Ac	88%	175.6	23.4
4,3,3,4,6	S	
4,3,3,4,4	b-D-GlcpN	58%	101.8	56.2	74.1	79.6	76.3	65.1
4,3,3,4,4,2	Ac	88%	175.6	23.4
4,3,3,4,4,6	S	
4,3,3,4,4,4	b-D-Galp	66%	102.4	71.4	72.9	78.6	73.6	62.0
4,3,3,4,4,4,6	S	
4,3,3,4,4,4,4	b-D-GlcpN	37%	102.2	56.4	74.1	70.7	77.6	64.0
4,3,3,4,4,4,4,2	Ac	88%	175.6	23.4
4,3,3,4,4,4,4,6	S	
4,3,3,4,4,4,4,2	b-D-Glcp	48%	103.5	74.2	75.0	79.3	71.8	65.1
4,3,3,4,4,4,4,2,6	S	
4,3,3,4,4,4,4,2,4	b-D-Galp	40%	102.9	71.6	76.4	69.0	76.4	62.0
4,3,3,4,4,4,4,2,4,3	S	
4,3,3,4,4,4,4,2,4,2	b-D-Manp	61%	101.2	78.3	74.7	68.4	77.1	62.0
4,3,3,4,4,4,4,2,4,2,2	a-D-GlcpN	77%	99.3	55.1	71.9	70.7	72.4	61.6
4,3,3,4,4,4,4,2,4,2,2,2	Ac	83%	175.3	23.3
