Linkage	Residue	Trust	H1	H2	H3	H4	H5	H6	H7	H8	H9
	a-D-Manp	77%	5.39	3.98	4.30	3.94	3.85	3.87-4.59
2	a-D-Manp	84%	5.07	4.05	3.84	3.66	3.76	3.75-3.88
4	a-D-Galp	52%	5.30	3.74	3.96	4.06	3.97	4-4.03
4,6	S	
4,3	a-D-Glcp	27%	5.14	3.58	3.81	3.48	3.97	3.81
4,3,3	b-Neup	50%	-	-	1.82-2.27	4	3.95	4.25	3.52	3.77	3.61-3.82
4,3,3,5	Ac	95%	-	2.05
4,3,3,4	b-D-GlcpN	48%	4.57	3.62	3.57	3.44	3.59	3.95-4.08
4,3,3,4,2	Ac	98%	-	2.03
4,3,3,4,6	S	
4,3,3,4,4	b-D-GlcpN	52%	4.47	3.82	3.75	3.76	3.68	4.11-4.18
4,3,3,4,4,2	Ac	98%	-	2.03
4,3,3,4,4,6	S	
4,3,3,4,4,4	b-D-Galp	67%	4.51	3.63	4.24	4.22	3.69	3.75-3.81
4,3,3,4,4,4,6	S	
4,3,3,4,4,4,4	b-D-GlcpN	23%	4.69	3.60	3.66	3.61	3.44	4.10-4.19
4,3,3,4,4,4,4,2	Ac	98%	-	2.03
4,3,3,4,4,4,4,6	S	
4,3,3,4,4,4,4,2	b-D-Glcp	43%	4.61	3.36	3.64	3.71	3.68	4.11-4.18
4,3,3,4,4,4,4,2,6	S	
4,3,3,4,4,4,4,2,4	b-D-Galp	34%	4.53	3.62	3.77	4.13	3.72	3.75-3.78
4,3,3,4,4,4,4,2,4,3	S	
4,3,3,4,4,4,4,2,4,2	b-D-Manp	49%	4.83	4.13	3.76	3.69	3.43	3.76-3.92
4,3,3,4,4,4,4,2,4,2,2	a-D-GlcpN	37%	5.25	4.03	4.35	4.10	4.18	3.77-3.87
4,3,3,4,4,4,4,2,4,2,2,2	Ac	98%	-	2.05
