Linkage	Residue	Trust	C1	C2	C3	C4	C5	C6
	b-D-Fucp	43%	98.2	74.3	76.2	72.5	71.9	16.6
2	b-D-Fucp	65%	103.0	72.8	73.7	72.4	71.9	16.1
3	a-D-GlcpN	35%	94.4	54.6	71.4	71.0	72.8	62.0
3,2	Ac	83%	175.3	23.3
3,2	b-D-GlcpN	49%	102.3	56.5	73.0	79.6	76.1	64.4
3,2,2	Ac	88%	175.6	23.4
3,2,6	S	
3,2,4	b-D-Glcp	65%	102.9	82.8	76.7	71.2	77.2	65.1
3,2,4,6	S	
3,2,4,2	b-D-GlcpN	74%	102.5	56.9	81.7	70.2	77.1	62.2
3,2,4,2,2	Ac	88%	175.6	23.4
3,2,4,2,3	a-L-Fucp	60%	101.6	69.7	70.9	83.4	68.5	16.5
3,2,4,2,3,4	b-D-GlcpN	58%	103.0	55.6	79.6	70.9	78.0	62.8
3,2,4,2,3,4,2	Ac	88%	175.6	23.4
3,2,4,2,3,4,3	a-D-GlcpN	50%	99.0	54.7	71.4	81.7	73.0	61.2
3,2,4,2,3,4,3,2	Ac	83%	175.3	23.3
3,2,4,2,3,4,3,4	b-D-ManpA	31%	102.1	70.9	73.0	74.5	77.9	175.4
3,2,4,2,3,4,3,4,2	a-L-Fucp	66%	99.5	73.2	71.0	73.1	68.8	16.5
3,2,4,2,3,4,3,4,4	a-D-Galp	40%	101.1	68.9	74.2	80.2	71.8	63.7
3,2,4,2,3,4,3,4,4,4	a-L-Fucp	82%	99.7	68.5	69.6	70.9	68.9	16.8
3,2,4,2,3,4,3,4,4,3	b-D-GlcpN	67%	104.4	56.7	72.9	81.3	78.0	63.1
3,2,4,2,3,4,3,4,4,3,2	Ac	88%	175.6	23.4
3,2,4,2,3,4,3,4,4,3,4	a-D-Glcp	69%	97.9	76.9	74.2	67.7	74.0	64.9
3,2,4,2,3,4,3,4,4,3,4,6	S	
3,2,4,2,3,4,3,4,4,3,4,2	a-D-Fucp	71%	103.5	69.6	70.4	73.1	68.8	16.5
