Linkage	Residue	Trust	C1	C2	C3	C4	C5	C6
	Me	83%	57.8
1	a-D-Xylp	44%	102.4	71.9	72.9	70.7	65.1
1,3	a-D-Xylp	45%	98.5	76.6	73.0	69.2	61.1
1,3,2	a-D-Glcp	43%	99.6	72.2	73.7	69.9	75.3	65.1
1,3,2,6	S	
1,3,2,3	b-L-Fucp	20%	98.2	72.7	73.7	81.1	71.7	16.3
1,3,2,3,2	a-D-GlcpA	67%	99.1	72.6	73.7	72.5	73.2	175.8
1,3,2,3,4	b-D-Glcp	42%	104.5	74.4	76.9	72.2	76.2	65.1
1,3,2,3,4,6	S	
1,3,2,3,4,2	a-D-Manp	68%	101.2	77.5	70.8	67.6	72.9	61.9
1,3,2,3,4,2,2	a-L-Fucp	51%	101.8	69.1	77.5	69.7	69.5	17.0
1,3,2,3,4,2,2,3	b-D-Glcp	57%	100.3	73.9	75.7	78.8	76.5	60.8
1,3,2,3,4,2,2,3,4	a-D-GalpA	48%	101.2	77.8	70.6	71.4	72.2	175.8
1,3,2,3,4,2,2,3,4,2	b-D-ManpA	38%	102.7	71.3	79.1	69.5	77.0	175.8
1,3,2,3,4,2,2,3,4,2,3	b-D-Galp	74%	102.5	72.3	73.8	69.5	76.0	61.9
