Linkage	Residue	Trust	H1	H2	H3	H4	H5	H6
	Me	95%	3.33
1	a-D-Xylp	33%	4.76	3.66	3.70	3.66	3.60-3.82
1,3	a-D-Xylp	48%	5.10	3.70	3.83	3.85	4.03
1,3,2	a-D-Glcp	25%	5.38	3.58	3.81	3.48	3.40	4.06-4.14
1,3,2,6	S	
1,3,2,3	b-L-Fucp	25%	4.65	3.65	3.68	3.89	3.91	1.38
1,3,2,3,2	a-D-GlcpA	42%	5.38	3.55	3.78	3.61	4.20	-
1,3,2,3,4	b-D-Glcp	33%	4.62	3.37	3.57	3.47	3.55	4.08-4.15
1,3,2,3,4,6	S	
1,3,2,3,4,2	a-D-Manp	41%	5.16	4.13	3.95	3.74	4	3.77-3.81
1,3,2,3,4,2,2	a-L-Fucp	34%	5.04	3.88	3.88	3.97	4.24	1.19
1,3,2,3,4,2,2,3	b-D-Glcp	40%	4.60	3.39	3.69	3.71	3.62	3.73-3.81
1,3,2,3,4,2,2,3,4	a-D-GalpA	15%	5.30	3.92	3.97	4.30	4.46	-
1,3,2,3,4,2,2,3,4,2	b-D-ManpA	21%	4.79	3.99	3.83	3.74	3.68	-
1,3,2,3,4,2,2,3,4,2,3	b-D-Galp	63%	4.65	3.50	3.65	3.92	3.68	3.76-3.79
