Linkage	Residue	Trust	C1	C2	C3	C4	C5	C6
	Me	83%	56.0
1	a-D-GlcpN	59%	101.5	50.3	74.9	69.8	71.0	62.0
1,2	Ac	83%	175.3	23.3
1,3	a-D-GlcpN	53%	99.0	54.7	71.7	78.6	72.5	62.7
1,3,2	Ac	83%	175.3	23.3
1,3,4	a-D-GlcpN	54%	98.1	53.7	78.9	71.8	76.7	65.4
1,3,4,2	Ac	83%	175.3	23.3
1,3,4,6	S	
1,3,4,3	a-D-GlcpA	68%	98.7	76.5	73.4	79.1	72.6	176.6
1,3,4,3,2	a-D-Manp	59%	102.8	72.6	79.5	67.6	74.8	61.5
1,3,4,3,2,3	a-D-Manp	55%	101.1	78.7	70.4	77.4	71.4	61.6
1,3,4,3,2,3,2	b-D-Xylp	80%	105.2	74.5	77.4	71.1	66.9
1,3,4,3,2,3,4	a-D-Xylp	27%	100.0	73.0	72.9	78.1	61.4
1,3,4,3,2,3,4,4	b-D-Glcp	50%	104.6	74.0	85.0	71.2	76.2	65.3
1,3,4,3,2,3,4,4,6	S	
1,3,4,3,2,3,4,4,3	b-D-Galp	55%	102.8	69.5	76.0	65.7	75.9	60.7
1,3,4,3,2,3,4,4,3,3	a-D-Glcp	67%	99.7	71.4	73.3	69.2	71.2	60.7
