Linkage	Residue	Trust	H1	H2	H3	H4	H5	H6
	Me	95%	3.41
1	a-D-GlcpN	68%	4.74	3.97	3.78	3.58	3.93	3.63
1,2	Ac	98%	-	2.05
1,3	a-D-GlcpN	61%	5.35	3.91	3.94	3.87	3.85	3.88-3.90
1,3,2	Ac	98%	-	2.05
1,3,4	a-D-GlcpN	61%	5.13	3.99	4	3.70	3.83	4.08-4.16
1,3,4,2	Ac	98%	-	2.05
1,3,4,6	S	
1,3,4,3	a-D-GlcpA	43%	5.60	3.69	3.66	3.94	4.02	-
1,3,4,3,2	a-D-Manp	69%	4.43	3.24	3.97	3.78	3.48	3.77-3.91
1,3,4,3,2,3	a-D-Manp	46%	5.27	4	3.91	3.85	3.81	3.78-3.95
1,3,4,3,2,3,2	b-D-Xylp	91%	4.38	3.32	3.44	3.65	3.28-4.03
1,3,4,3,2,3,4	a-D-Xylp	28%	5.25	3.60	3.70	3.98	3.67-3.76
1,3,4,3,2,3,4,4	b-D-Glcp	33%	5.31	3.36	3.70	3.49	3.53	4.08-4.15
1,3,4,3,2,3,4,4,6	S	
1,3,4,3,2,3,4,4,3	b-D-Galp	46%	4.65	3.66	3.63	4.29	3.69	3.64-3.71
1,3,4,3,2,3,4,4,3,3	a-D-Glcp	81%	5.07	3.65	3.69	3.61	3.71	3.87
