Linkage	Residue	Trust	C1	C2	C3	C4	C5	C6
	b-D-Xylp	58%	97.4	74.0	74.9	72.9	64.0
4	a-D-Galp	54%	99.0	77.5	73.7	69.0	71.2	61.6
4,3	S	
4,2	b-D-Glcp	60%	104.3	73.7	75.6	80.0	75.7	61.6
4,2,4	b-D-Manp	57%	101.3	71.8	73.6	69.5	76.8	62.0
4,2,4,4	b-L-Fucp	39%	104.1	72.0	73.7	72.5	71.7	16.4
4,2,4,4,4	a-D-GlcpN	54%	99.2	54.9	73.4	73.9	68.4	62.6
4,2,4,4,4,2	Ac	83%	175.3	23.3
4,2,4,4,4,4	a-D-Galp	56%	99.5	69.9	70.8	79.8	71.5	62.4
4,2,4,4,4,4,6	S	
4,2,4,4,4,4,4	b-D-Galp	71%	104.8	71.5	83.0	69.3	75.4	65.3
4,2,4,4,4,4,4,6	S	
4,2,4,4,4,4,4,3	b-D-GalpA	40%	104.8	77.4	76.9	71.4	75.7	174.8
4,2,4,4,4,4,4,3,2	a-D-GalpA	70%	99.1	69.4	70.0	71.3	72.6	175.9
