Linkage	Residue	Trust	H1	H2	H3	H4	H5	H6
	b-D-Xylp	26%	4.56	3.38	3.69	3.66	3.35-3.99
4	a-D-Galp	40%	5.21	3.90	4.51	4.19	4	3.74
4,3	S	
4,2	b-D-Glcp	51%	4.52	3.38	3.69	3.67	3.58	3.73-3.88
4,2,4	b-D-Manp	19%	4.71	3.93	3.72	3.69	3.46	3.82-3.94
4,2,4,4	b-L-Fucp	7%	4.65	3.54	3.68	3.79	3.82	1.32
4,2,4,4,4	a-D-GlcpN	46%	4.93	3.91	5.22	4.01	4	3.77-3.96
4,2,4,4,4,2	Ac	98%	-	2.05
4,2,4,4,4,4	a-D-Galp	39%	5.24	3.82	4.02	4.24	3.91	3.72-3.82
4,2,4,4,4,4,6	S	
4,2,4,4,4,4,4	b-D-Galp	70%	4.66	3.75	3.87	4.16	3.70	4.01
4,2,4,4,4,4,4,6	S	
4,2,4,4,4,4,4,3	b-D-GalpA	28%	4.55	3.62	3.76	4.39	4.14	-
4,2,4,4,4,4,4,3,2	a-D-GalpA	39%	5.21	3.85	3.92	4.21	4.50	-
