Linkage	Residue	Trust	H1	H2	H3	H4	H5	H6
	Me	98%	3.57
1	b-L-Fucp	16%	4.35	3.54	3.69	3.79	3.82	1.26
1,3	b-L-Fucp	61%	4.66	3.64	3.62	3.77	3.91	1.25
1,4	b-D-GlcpN	32%	4.69	3.60	3.66	3.42	3.55	3.67-3.79
1,4,2	Ac	98%	-	2.03
1,4,2	b-D-GlcpN	29%	4.69	3.60	3.66	3.42	3.46	3.77-3.91
1,4,2,2	Ac	98%	-	2.03
1,4,2,2	a-D-GlcpN	21%	5.20	3.78	3.83	3.57	3.96	4.08-4.15
1,4,2,2,2	Ac	98%	-	2.05
1,4,2,2,6	S	
1,4,2,2,2	a-D-Galp	40%	5.21	3.90	4.51	4.19	4	3.74
1,4,2,2,2,3	S	
1,4,2,2,2,2	b-D-Glcp	66%	4.69	3.54	3.91	3.57	3.64	3.80-3.90
1,4,2,2,2,2,6	S	
1,4,2,2,2,2,4	a-D-GlcpN	48%	5.27	3.76	3.91	3.62	3.74	4.04-4.11
1,4,2,2,2,2,4,2	Ac	98%	-	2.05
1,4,2,2,2,2,4,6	S	
1,4,2,2,2,2,4,3	a-D-Manp	33%	5.16	4.12	3.98	3.80	3.61	3.79-3.83
1,4,2,2,2,2,4,3,3	b-D-Xylp	90%	4.56	3.34	3.49	3.67	3.34-4.02
1,4,2,2,2,2,4,3,2	b-D-GalpA	20%	4.55	3.62	3.52	4.45	4.43	-
1,4,2,2,2,2,4,3,2,2	b-D-GlcpA	75%	4.69	3.23	3.44	3.55	3.73	-
1,4,2,2,2,2,4,3,2,4	b-D-Galp	61%	4.68	3.66	4.21	4.34	3.76	3.73-3.75
1,4,2,2,2,2,4,3,2,4,3	S	
1,4,2,2,2,2,4,3,2,4,4	b-D-Glcp	56%	4.42	3.57	3.58	3.51	3.50	4.08-4.15
1,4,2,2,2,2,4,3,2,4,4,6	S	
1,4,2,2,2,2,4,3,2,4,4,2	a-D-Galp	59%	5.38	4.05	4.43	4.42	4.01	3.72-3.83
1,4,2,2,2,2,4,3,2,4,4,2,3	S	
1,4,2,2,2,2,4,3,2,4,4,2,4	b-D-Galp	68%	4.63	3.58	3.89	4.20	3.84	3.94-4.03
1,4,2,2,2,2,4,3,2,4,4,2,4,6	S	
1,4,2,2,2,2,4,3,2,4,4,2,4,4	a-D-GlcpN	68%	4.91	4.13	3.96	3.60	4.20	4.06
1,4,2,2,2,2,4,3,2,4,4,2,4,4,2	Ac	98%	-	2.05
1,4,2,2,2,2,4,3,2,4,4,2,4,4,6	S	
1,4,2,2,2,2,4,3,2,4,4,2,4,4,3	b-D-Manp	80%	4.80	3.99	3.79	3.57	3.43	3.75-3.92
