Lineage	Residue	Trust	C1	C2	C3	C4	C5	C6	C7	C8	C9
	Me	91%	55.8
1	a-D-Manp	77%	101.9	71.3	72.1	75.9	73.0	62.2
1,4	a-D-Manp	89%	102.1	71.8	70.5	78.5	73.6	61.7
1,4,4	b-D-Galp	88%	104.2	71.6	74.3	77.9	75.6	62.4
1,4,4,4	b-D-Manp	65%	102.2	80.8	74.5	76.1	75.5	62.0
1,4,4,4,4	a-D-Galp	87%	100.8	70.0	70.6	70.7	72.2	62.3
1,4,4,4,2	b-D-Galp	67%	105.3	72.0	72.2	77.6	75.1	64.6
1,4,4,4,2,6	S		
1,4,4,4,2,4	a-L-Fucp	91%	97.3	76.4	69.1	73.0	67.8	16.4
1,4,4,4,2,4,2	b-D-Galp	55%	104.0	72.3	75.6	78.6	74.6	63.8
1,4,4,4,2,4,2,6	S		
1,4,4,4,2,4,2,4	b-D-GlcpN	89%	103.6	56.9	75.2	79.0	75.6	62.2
1,4,4,4,2,4,2,4,2	Ac	99%	175.6	23.5
1,4,4,4,2,4,2,4,4	a-D-Galp	50%	101.2	67.5	72.9	69.4	71.6	62.3
1,4,4,4,2,4,2,4,4,6	S		
1,4,4,4,2,4,2,4,4,3	a-Neup	60%	174.2	101.5	40.2	75.8	53.6	73.4	69.5	73.0	63.9
1,4,4,4,2,4,2,4,4,3,5	Ac	57%	90.7	24.6
1,4,4,4,2,4,2,4,4,3,4	a-D-Manp	88%	102.0	71.6	70.7	78.7	73.5	61.7
1,4,4,4,2,4,2,4,4,3,4,4	b-D-Galp	91%	104.2	71.5	73.8	70.0	76.1	61.9
