Linkage	Residue	Trust	C1	C2	C3	C4	C5	C6	C7	C8	C9
	Me	83%	55.6
1	a-D-Manp	60%	101.3	70.9	71.6	77.5	73.8	61.9
1,4	a-D-Manp	65%	101.2	72.9	70.4	78.7	74.8	62.2
1,4,4	b-D-Galp	60%	103.4	70.9	73.3	75.9	74.6	62.9
1,4,4,4	b-D-Manp	37%	101.4	73.1	73.5	76.1	74.9	61.3
1,4,4,4,4	a-D-Galp	67%	99.7	71.4	71.5	71.0	72.0	62.1
1,4,4,4,2	b-D-Galp	52%	105.2	72.8	66.2	78.8	75.8	62.2
1,4,4,4,2,6	S	
1,4,4,4,2,4	a-L-Fucp	55%	99.8	78.4	69.4	72.9	67.8	16.3
1,4,4,4,2,4,2	b-D-Galp	43%	105.7	73.2	77.8	78.6	75.8	61.5
1,4,4,4,2,4,2,6	S	
1,4,4,4,2,4,2,4	b-D-GlcpN	62%	102.4	56.9	72.9	81.3	74.9	62.8
1,4,4,4,2,4,2,4,2	Ac	88%	175.6	23.4
1,4,4,4,2,4,2,4,4	a-D-Galp	45%	101.2	67.5	72.8	69.4	71.8	62.3
1,4,4,4,2,4,2,4,4,6	S	
1,4,4,4,2,4,2,4,4,3	a-Neup	46%	174.3	101.1	41.3	69.8	53.1	74.1	69.8	73.1	64.1
1,4,4,4,2,4,2,4,4,3,5	Ac	83%	54.9	25.1
1,4,4,4,2,4,2,4,4,3,4	a-D-Manp	41%	101.2	72.9	73.4	79.5	77.2	62.5
1,4,4,4,2,4,2,4,4,3,4,4	b-D-Galp	71%	102.2	70.9	73.3	70.0	74.6	61.4
