Linkage	Residue	Trust	H1	H2	H3	H4	H5	H6	H7	H8	H9
	Me	95%	3.42
1	a-D-Manp	45%	4.65	4.08	3.91	3.84	3.92	3.70-3.90
1,4	a-D-Manp	79%	5.51	4.15	3.69	3.87	3.50	3.78-4.08
1,4,4	b-D-Galp	57%	4.60	3.69	3.74	4.15	3.66	3.77
1,4,4,4	b-D-Manp	25%	4.83	4.13	3.72	3.82	3.87	4.02-4.10
1,4,4,4,4	a-D-Galp	56%	5.34	3.66	3.74	3.73	3.99	3.69
1,4,4,4,2	b-D-Galp	60%	4.68	3.58	4.06	3.65	3.62	3.75
1,4,4,4,2,6	S	
1,4,4,4,2,4	a-L-Fucp	35%	5.10	3.89	4.17	4.04	4.35	1.19
1,4,4,4,2,4,2	b-D-Galp	49%	4.50	3.60	4.24	4.22	3.81	3.79-3.80
1,4,4,4,2,4,2,6	S	
1,4,4,4,2,4,2,4	b-D-GlcpN	66%	4.65	3.77	3.75	3.73	3.87	3.76-3.87
1,4,4,4,2,4,2,4,2	Ac	98%	-	2.03
1,4,4,4,2,4,2,4,4	a-D-Galp	49%	5.44	3.89	4.42	3.94	4.11	3.75-3.78
1,4,4,4,2,4,2,4,4,6	S	
1,4,4,4,2,4,2,4,4,3	a-Neup	34%	-	-	1.76-2.73	3.73	3.86	3.74	3.58	3.86	3.64-3.87
1,4,4,4,2,4,2,4,4,3,5	Ac	99%	-	2.03
1,4,4,4,2,4,2,4,4,3,4	a-D-Manp	40%	5.17	4.13	3.99	3.55	4.01	3.90
1,4,4,4,2,4,2,4,4,3,4,4	b-D-Galp	58%	4.61	3.69	3.70	3.81	3.63	3.74-3.80
