Lineage	Residue	Trust	C1	C2	C3	C4	C5	C6	C7	C8	C9	C10	C11
	Me	100%	55.9
1	a-D-Manp	88%	102.1	71.4	72.2	75.5	72.8	62.3
1,4	a-D-Manp	100%	102.3	71.5	70.5	78.5	73.2	61.6
1,4,4	b-D-Galp	100%	104.4	71.7	74.6	78.6	75.6	62.2
1,4,4,4	b-D-Manp	63%	102.6	80.8	74.5	76.1	76.3	62.3
1,4,4,4,4	a-D-Galp	100%	101.2	69.6	70.4	70.6	72.2	62.4
1,4,4,4,2	b-D-Galp	75%	105.4	71.8	74.4	76.9	75.1	65.8
1,4,4,4,2,6	S	50%
1,4,4,4,2,4	a-L-Fucp	100%	96.9	76.1	69.1	73.0	67.8	16.5
1,4,4,4,2,4,2	b-D-Galp	50%	101.7	71.8	74.4	78.6	74.5	65.8
1,4,4,4,2,4,2,6	S	50%
1,4,4,4,2,4,2,4	b-D-GlcpNAc	100%	104.0	57.0	75.4	78.6	75.9	62.1	175.6	23.5
1,4,4,4,2,4,2,4,4	a-D-Galp	13%	101.1	68.6	76.4	69.6	71.1	66.0
1,4,4,4,2,4,2,4,4,6	S	50%
1,4,4,4,2,4,2,4,4,3	a-Neup5Ac	63%	174.1	101.6	39.8	75.8	53.8	73.4	69.2	72.6	63.6	175.9	23.5
1,4,4,4,2,4,2,4,4,3,4	a-D-Manp	100%	102.0	71.5	70.5	78.5	73.2	61.6
1,4,4,4,2,4,2,4,4,3,4,4	b-D-Galp	100%	104.4	71.8	74.1	70.0	76.3	62.2
