Linkage	Residue	Trust	C1	C2	C3	C4	C5	C6
	Me	76%	56.2
1	a-D-Fucp	23%	100.2	69.3	70.8	69.4	69.1	16.8
1,3	a-D-Fucp	63%	104.1	71.1	71.0	73.1	68.8	16.8
1,2	b-D-Glcp	66%	102.8	73.4	75.7	73.8	75.3	64.8
1,2,6	S	
1,2,4	a-D-Galp	43%	99.9	69.1	79.5	69.9	70.8	66.0
1,2,4,6	S	
1,2,4,3	b-D-ManpA	45%	101.9	71.0	73.0	73.3	76.5	175.7
1,2,4,3,3	a-D-GlcpN	36%	100.5	54.6	71.4	71.0	72.8	61.5
1,2,4,3,3,2	Ac	83%	175.3	23.3
1,2,4,3,3,2	b-D-Manp	44%	101.2	71.4	82.6	67.0	77.1	62.1
1,2,4,3,3,2,3	a-D-GlcpA	60%	102.5	72.8	74.7	77.9	73.3	174.3
1,2,4,3,3,2,3,4	b-D-Fucp	49%	103.5	71.1	76.8	68.2	71.7	15.7
1,2,4,3,3,2,3,4,3	a-D-Glcp	70%	101.1	73.3	74.1	70.5	73.1	61.6
