Lineage	Residue	Trust	C1	C2	C3	C4	C5	C6	C7	C8	C9
	b-D-Manp	90%	95.0	72.4	74.3	74.8	76.2	62.1
4	a-D-GlcpN	43%	98.2	59.5	70.7	70.7	73.8	65.5
4,2	Ac	98%	175.3	23.2
4,6	S		175.4
4,2	a-D-GlcpN	34%	95.1	64.3	70.8	70.7	72.3	65.5
4,2,2	Ac	98%	175.3	23.2
4,2,6	S		175.4
4,2,2	b-D-GlcpN	66%	104.0	55.7	84.0	69.6	76.4	65.3
4,2,2,2	Ac	99%	175.6	23.5
4,2,2,6	S		175.6
4,2,2,3	b-D-Manp	91%	101.7	71.4	74.2	77.3	76.3	62.7
4,2,2,3,4	a-D-Manp	89%	102.3	69.3	77.3	66.4	74.1	62.1
4,2,2,3,4,3	a-L-Fucp	91%	96.7	68.5	80.2	72.7	67.8	16.6
4,2,2,3,4,3,3	b-L-Fucp	90%	105.0	71.9	74.3	79.4	71.8	16.6
4,2,2,3,4,3,3,4	a-D-GlcpN	67%	98.4	54.1	78.5	71.1	72.0	65.1
4,2,2,3,4,3,3,4,2	Ac	98%	175.3	23.2
4,2,2,3,4,3,3,4,6	S		175.4
4,2,2,3,4,3,3,4,3	a-D-Galp	53%	99.8	69.6	76.4	69.8	71.7	61.6
4,2,2,3,4,3,3,4,3,3	b-Neup	60%	175.5	101.4	39.0	73.7	52.2	71.1	69.6	72.5	64.3
4,2,2,3,4,3,3,4,3,3,5	Ac	86%	176.1	23.5
4,2,2,3,4,3,3,4,3,3,4	a-D-Fucp	36%	99.8	78.8	70.0	81.9	66.4	16.6
4,2,2,3,4,3,3,4,3,3,4,4	b-L-Fucp	90%	103.8	72.0	73.2	72.5	71.9	16.6
4,2,2,3,4,3,3,4,3,3,4,2	b-D-Fucp	89%	105.0	71.1	82.7	72.1	71.9	16.6
4,2,2,3,4,3,3,4,3,3,4,2,3	b-D-Manp	41%	101.9	71.0	80.3	67.5	76.6	62.2
4,2,2,3,4,3,3,4,3,3,4,2,3,3	a-Neup	89%	174.3	101.6	41.1	69.1	53.0	73.5	69.3	72.8	63.8
4,2,2,3,4,3,3,4,3,3,4,2,3,3,5	Ac	70%	131.5	24.1
