Lineage	Residue	Trust	C1	C2	C3	C4	C5	C6	C7	C8	C9	C10	C11
	b-D-Manp	100%	94.9	72.5	74.5	74.9	76.3	62.3
4	a-D-GlcpNAc	25%	97.7	59.5	70.7	70.8	72.0	64.6	175.4	23.2
4,6	S	50%
4,2	a-D-GlcpNAc	25%	95.1	64.3	70.8	70.8	72.0	64.6	175.4	23.2
4,2,6	S	50%
4,2,2	b-D-GlcpNAc	63%	104.0	55.8	83.8	69.6	76.4	64.6	175.6	23.5
4,2,2,6	S	50%
4,2,2,3	b-D-Manp	100%	101.6	71.5	74.5	75.2	76.3	62.3
4,2,2,3,4	a-D-Manp	100%	102.3	68.2	77.0	66.5	74.2	62.3
4,2,2,3,4,3	a-L-Fucp	100%	96.7	68.4	80.2	72.7	67.8	16.5
4,2,2,3,4,3,3	b-L-Fucp	100%	105.1	71.8	74.3	79.4	71.8	16.6
4,2,2,3,4,3,3,4	a-D-GlcpNAc	63%	97.7	54.1	78.8	70.7	72.0	64.6	175.4	23.2
4,2,2,3,4,3,3,4,6	S	50%
4,2,2,3,4,3,3,4,3	a-D-Galp	13%	100.2	68.6	76.4	69.6	72.2	62.4
4,2,2,3,4,3,3,4,3,3	b-Neup5Ac	63%	176.1	101.4	39.6	73.9	53.1	71.1	69.5	71.1	64.5	175.9	23.5
4,2,2,3,4,3,3,4,3,3,4	a-D-Fucp	38%	99.8	78.8	70.0	81.9	66.1	16.1
4,2,2,3,4,3,3,4,3,3,4,4	b-L-Fucp	100%	104.1	71.4	74.0	72.5	71.9	16.7
4,2,2,3,4,3,3,4,3,3,4,2	b-D-Fucp	100%	105.2	71.1	83.1	72.2	71.9	16.6
4,2,2,3,4,3,3,4,3,3,4,2,3	b-D-Manp	13%	102.7	70.5	80.3	66.9	77.4	62.3
4,2,2,3,4,3,3,4,3,3,4,2,3,3	a-Neup5Ac	100%	174.1	101.6	41.0	69.0	52.9	73.4	69.2	72.6	63.6	175.9	23.5
