Linkage	Residue	Trust	C1	C2	C3	C4	C5	C6
	Me	76%	56.2
1	a-D-GalpA	70%	97.7	73.6	69.2	78.4	71.6	175.8
1,4	a-D-GalpA	94%	99.4	68.6	69.9	71.2	72.6	176.5
1,2	a-D-Glcp	56%	96.9	71.8	71.9	78.9	70.7	63.5
1,2,6	S	
1,2,4	b-D-Glcp	43%	103.6	81.6	76.9	69.3	76.8	61.9
1,2,4,2	b-D-Xylp	82%	103.9	74.4	76.6	70.2	66.0
1,2,4,3	b-D-Manp	46%	104.3	73.1	77.6	82.7	77.1	61.5
1,2,4,3,4	b-D-Glcp	77%	104.5	74.7	77.6	71.6	76.7	62.3
1,2,4,3,2	a-D-Glcp	56%	96.7	73.2	71.1	79.5	72.4	61.1
1,2,4,3,2,2	a-D-GlcpA	73%	97.1	72.6	74.0	72.5	73.2	175.8
1,2,4,3,2,4	b-D-Galp	63%	105.7	71.5	77.4	73.7	76.4	60.3
1,2,4,3,2,4,6	S	
1,2,4,3,2,4,3	b-D-Glcp	86%	105.1	74.3	75.4	80.3	75.8	61.4
1,2,4,3,2,4,3,4	b-D-Galp	84%	104.0	71.9	73.6	69.5	76.1	62.0
