Linkage	Residue	Trust	C1	C2	C3	C4	C5	C6	C7	C8	C9
	a-D-Fucp	26%	100.2	69.4	70.8	69.4	69.1	16.8
3	a-D-Fucp	63%	104.1	71.1	71.0	73.1	68.8	16.8
2	b-D-Fucp	42%	102.8	71.3	73.0	72.5	71.7	17.1
2,4	a-D-GlcpA	67%	100.4	73.1	74.8	78.6	73.3	175.6
2,4,4	a-D-Galp	55%	100.3	69.0	75.6	75.8	71.2	61.6
2,4,4,3	S	
2,4,4,4	b-D-Galp	46%	103.0	81.2	73.8	71.9	74.2	65.3
2,4,4,4,6	S	
2,4,4,4,2	b-D-Glcp	63%	102.9	75.4	77.1	73.8	75.3	64.8
2,4,4,4,2,6	S	
2,4,4,4,2,4	a-D-Galp	43%	99.9	69.1	76.7	65.8	70.8	66.0
2,4,4,4,2,4,6	S	
2,4,4,4,2,4,3	a-D-Galp	56%	94.2	77.8	71.5	72.1	72.4	62.9
2,4,4,4,2,4,3,2	b-D-GalpA	46%	106.0	71.2	73.8	71.5	75.7	173.8
2,4,4,4,2,4,3,2,2	a-D-ManpA	51%	101.5	70.9	70.3	73.3	71.0	175.3
2,4,4,4,2,4,3,2,2,4	b-D-GlcpN	36%	102.0	56.4	74.1	71.3	76.0	62.3
2,4,4,4,2,4,3,2,2,4,2	Ac	88%	175.6	23.4
2,4,4,4,2,4,3,2,2,4,2	a-D-GlcpN	41%	96.2	53.0	82.0	69.3	72.7	65.8
2,4,4,4,2,4,3,2,2,4,2,2	Ac	83%	175.3	23.3
2,4,4,4,2,4,3,2,2,4,2,6	S	
2,4,4,4,2,4,3,2,2,4,2,3	b-D-GlcpA	67%	103.8	73.0	82.9	73.0	76.0	175.8
2,4,4,4,2,4,3,2,2,4,2,3,3	a-D-Fucp	39%	100.1	69.1	74.2	72.6	68.2	16.4
2,4,4,4,2,4,3,2,2,4,2,3,3,3	b-Neup	54%	175.1	96.9	41.1	69.2	53.3	70.7	69.8	73.3	64.2
2,4,4,4,2,4,3,2,2,4,2,3,3,3,5	Ac	83%	176.3	23.6
