Linkage	Residue	Trust	H1	H2	H3	H4	H5	H6	H7	H8	H9
	a-D-Fucp	22%	5.10	3.89	3.94	3.98	4.14	1.15
3	a-D-Fucp	44%	5.05	3.86	3.87	3.79	4.24	1.19
2	b-D-Fucp	45%	5.08	3.60	3.72	4.08	3.82	1.30
2,4	a-D-GlcpA	67%	5	3.60	4	3.81	4.27	-
2,4,4	a-D-Galp	62%	5.46	3.99	4.43	4.42	4.01	3.72-3.83
2,4,4,3	S	
2,4,4,4	b-D-Galp	77%	5.06	3.90	4.07	3.93	4.27	4
2,4,4,4,6	S	
2,4,4,4,2	b-D-Glcp	72%	4.49	3.29	3.36	3.52	3.39	3.65-3.95
2,4,4,4,2,6	S	
2,4,4,4,2,4	a-D-Galp	46%	5.03	3.74	4.02	4.11	3.84	4.06
2,4,4,4,2,4,6	S	
2,4,4,4,2,4,3	a-D-Galp	70%	4.69	3.77	4.07	4.03	4.18	3.72-3.77
2,4,4,4,2,4,3,2	b-D-GalpA	20%	4.55	3.62	3.78	4.38	4.14	-
2,4,4,4,2,4,3,2,2	a-D-ManpA	43%	5.13	4.03	3.98	3.76	4.08	-
2,4,4,4,2,4,3,2,2,4	b-D-GlcpN	29%	4.69	3.60	3.66	3.42	3.46	3.77-3.91
2,4,4,4,2,4,3,2,2,4,2	Ac	98%	-	2.03
2,4,4,4,2,4,3,2,2,4,2	a-D-GlcpN	40%	5.22	3.76	3.62	3.62	3.75	4.07-4.15
2,4,4,4,2,4,3,2,2,4,2,2	Ac	98%	-	2.05
2,4,4,4,2,4,3,2,2,4,2,6	S	
2,4,4,4,2,4,3,2,2,4,2,3	b-D-GlcpA	72%	4.57	3.48	3.70	3.82	3.91	-
2,4,4,4,2,4,3,2,2,4,2,3,3	a-D-Fucp	20%	5.36	3.88	3.94	3.87	4.38	1.21
2,4,4,4,2,4,3,2,2,4,2,3,3,3	b-Neup	55%	-	-	1.82-2.27	3.66	3.82	4.23	3.58	3.87	3.64-3.87
2,4,4,4,2,4,3,2,2,4,2,3,3,3,5	Ac	95%	-	2.05
