Linkage	Residue	Trust	C1	C2	C3	C4	C5	C6
	Me	83%	56.0
1	a-D-GlcpN	50%	98.2	54.5	72.1	71.1	73.1	61.8
1,2	Ac	83%	175.3	23.3
1,2	b-D-Glcp	48%	103.5	73.7	75.0	79.3	71.8	62.2
1,2,6	S	
1,2,4	b-D-GalpA	31%	103.6	71.2	72.9	79.0	75.7	172.6
1,2,4,2	b-D-GlcpA	65%	101.1	74.5	77.4	73.4	77.6	176.3
1,2,4,4	a-D-GlcpN	38%	99.1	55.3	72.8	77.5	72.7	64.8
1,2,4,4,2	Ac	83%	175.3	23.3
1,2,4,4,6	S	
1,2,4,4,4	a-D-Galp	47%	99.8	69.4	78.9	68.0	76.6	65.6
1,2,4,4,4,6	S	
1,2,4,4,4,3	a-D-GlcpA	64%	101.5	72.1	83.1	69.9	72.3	175.4
1,2,4,4,4,3,3	b-D-Fucp	53%	103.6	71.5	71.7	82.2	71.3	16.4
1,2,4,4,4,3,3,4	a-D-ManpA	64%	102.2	71.4	71.3	69.5	73.2	175.8
