Linkage	Residue	Trust	H1	H2	H3	H4	H5	H6
	Me	95%	3.41
1	a-D-GlcpN	30%	5.24	3.75	3.83	3.55	3.76	3.78-3.90
1,2	Ac	98%	-	2.05
1,2	b-D-Glcp	40%	4.61	3.36	3.64	3.71	3.68	3.83-3.95
1,2,6	S	
1,2,4	b-D-GalpA	21%	4.62	3.62	3.75	4.32	4.27	-
1,2,4,2	b-D-GlcpA	75%	4.69	3.23	3.44	3.55	3.73	-
1,2,4,4	a-D-GlcpN	38%	4.99	3.92	4.60	3.80	3.94	3.65-3.95
1,2,4,4,2	Ac	98%	-	2.05
1,2,4,4,6	S	
1,2,4,4,4	a-D-Galp	48%	5.40	3.74	3.86	4.06	3.74	4-4.03
1,2,4,4,4,6	S	
1,2,4,4,4,3	a-D-GlcpA	61%	5.13	3.83	4.04	3.63	4.40	-
1,2,4,4,4,3,3	b-D-Fucp	51%	4.77	3.51	3.83	3.68	3.66	1.32
1,2,4,4,4,3,3,4	a-D-ManpA	54%	4.90	3.98	3.83	3.74	4.21	-
