Linkage	Residue	Trust	C1	C2	C3	C4	C5	C6
	Me	76%	56.2
1	a-D-GalpA	85%	99.0	68.4	69.2	78.5	71.6	175.8
1,4	a-D-GalpA	65%	99.4	69.2	69.2	78.3	71.7	176.0
1,4,4	a-D-GlcpA	73%	100.4	72.6	74.0	72.5	73.2	174.3
1,4,2	b-D-ManpA	39%	102.7	71.3	81.5	69.5	77.0	175.8
1,4,2,3	a-D-ManpA	26%	101.9	71.2	?	73.3	73.1	175.9
1,4,2,3,4	a-L-Fucp	57%	96.9	76.0	69.6	71.5	67.7	15.7
1,4,2,3,4,2	a-D-Galp	59%	103.0	77.8	69.4	70.4	69.3	66.0
1,4,2,3,4,2,6	S	
1,4,2,3,4,2,2	b-D-Galp	47%	105.1	72.5	76.4	77.6	76.1	61.5
1,4,2,3,4,2,2,3	S	
1,4,2,3,4,2,2,4	a-D-Fucp	18%	100.5	69.4	74.2	72.6	68.3	16.7
1,4,2,3,4,2,2,4,3	b-L-Fucp	67%	104.8	73.4	73.7	72.4	71.9	16.8
1,4,2,3,4,2,2,4,2	b-D-Galp	43%	105.7	73.2	77.8	78.6	75.8	61.5
1,4,2,3,4,2,2,4,2,6	S	
1,4,2,3,4,2,2,4,2,4	b-D-GlcpN	45%	102.5	56.4	74.1	71.0	77.6	62.1
1,4,2,3,4,2,2,4,2,4,2	Ac	88%	175.6	23.4
1,4,2,3,4,2,2,4,2,4,2	b-D-GlcpN	31%	102.3	56.4	75.3	77.6	76.1	61.3
1,4,2,3,4,2,2,4,2,4,2,2	Ac	88%	175.6	23.4
1,4,2,3,4,2,2,4,2,4,2,6	S	
1,4,2,3,4,2,2,4,2,4,2,4	a-D-Xylp	55%	100.7	72.6	76.8	70.2	61.2
