Linkage	Residue	Trust	H1	H2	H3	H4	H5	H6
	Me	97%	3.42
1	a-D-GalpA	71%	5	3.92	4.12	4.52	4.66	-
1,4	a-D-GalpA	34%	5.30	3.92	3.99	4.45	4.81	-
1,4,4	a-D-GlcpA	53%	5.11	3.40	3.69	3.61	4.20	-
1,4,2	b-D-ManpA	26%	4.79	3.99	3.71	3.74	3.68	-
1,4,2,3	a-D-ManpA	18%	5.08	4.05	?	3.76	4.38	-
1,4,2,3,4	a-L-Fucp	45%	5.22	3.68	3.98	3.86	4.06	1.25
1,4,2,3,4,2	a-D-Galp	57%	4.48	3.68	4.04	4.06	4.06	4-4.04
1,4,2,3,4,2,6	S	
1,4,2,3,4,2,2	b-D-Galp	56%	4.56	3.61	4.36	4.18	3.75	3.79-3.85
1,4,2,3,4,2,2,3	S	
1,4,2,3,4,2,2,4	a-D-Fucp	21%	5.11	3.89	3.94	3.87	4.38	1.24
1,4,2,3,4,2,2,4,3	b-L-Fucp	75%	4.71	3.73	3.54	3.77	3.91	1.24
1,4,2,3,4,2,2,4,2	b-D-Galp	42%	4.74	3.60	4.24	4.22	3.81	3.79-3.80
1,4,2,3,4,2,2,4,2,6	S	
1,4,2,3,4,2,2,4,2,4	b-D-GlcpN	39%	4.69	3.60	3.66	3.54	3.40	3.79-3.93
1,4,2,3,4,2,2,4,2,4,2	Ac	98%	-	2.03
1,4,2,3,4,2,2,4,2,4,2	b-D-GlcpN	22%	4.70	3.57	3.76	3.66	3.49	3.76-3.84
1,4,2,3,4,2,2,4,2,4,2,2	Ac	98%	-	2.03
1,4,2,3,4,2,2,4,2,4,2,6	S	
1,4,2,3,4,2,2,4,2,4,2,4	a-D-Xylp	66%	5.30	3.59	3.59	3.60	3.55-3.69
