Linkage	Residue	Trust	C1	C2	C3	C4	C5	C6
	b-L-Fucp	67%	97.1	72.0	83.9	73.0	71.9	16.6
3	b-L-Fucp	37%	104.4	72.7	73.7	72.4	71.7	16.1
3,2	b-D-Manp	45%	99.0	64.7	72.0	76.1	60.5	53.8
3,2,4	a-D-Glcp	59%	100.7	73.0	73.7	78.9	70.7	63.5
3,2,4,6	S	
3,2,4,4	b-D-Glcp	68%	98.5	82.7	75.9	70.6	76.0	65.1
3,2,4,4,6	S	
3,2,4,4,2	a-D-GlcpN	45%	100.2	54.7	72.5	77.5	71.8	65.2
3,2,4,4,2,2	Ac	83%	175.3	23.3
3,2,4,4,2,6	S	
3,2,4,4,2,4	a-D-Xylp	20%	100.7	72.1	72.9	72.3	61.4
3,2,4,4,2,4,2	a-D-GlcpN	28%	97.7	54.6	71.4	71.0	72.8	62.0
3,2,4,4,2,4,2,2	Ac	83%	175.3	23.3
3,2,4,4,2,4,2,2	b-D-GlcpN	26%	102.2	56.4	74.1	70.7	76.0	65.6
3,2,4,4,2,4,2,2,2	Ac	88%	175.6	23.4
3,2,4,4,2,4,2,2,6	S	
3,2,4,4,2,4,2,2,2	b-D-Galp	61%	104.2	71.5	72.9	77.6	73.6	63.6
3,2,4,4,2,4,2,2,2,6	S	
3,2,4,4,2,4,2,2,2,4	a-D-GlcpN	76%	99.7	55.1	70.4	80.2	71.7	62.7
3,2,4,4,2,4,2,2,2,4,2	Ac	83%	175.3	23.3
3,2,4,4,2,4,2,2,2,4,4	a-D-GlcpN	50%	98.1	55.3	74.0	79.7	76.7	61.7
3,2,4,4,2,4,2,2,2,4,4,2	Ac	83%	175.3	23.3
3,2,4,4,2,4,2,2,2,4,4,6	S	
3,2,4,4,2,4,2,2,2,4,4,4	a-D-GlcpN	54%	98.1	53.7	78.9	71.8	76.7	65.4
3,2,4,4,2,4,2,2,2,4,4,4,2	Ac	83%	175.3	23.3
3,2,4,4,2,4,2,2,2,4,4,4,6	S	
3,2,4,4,2,4,2,2,2,4,4,4,3	a-D-GlcpA	62%	101.9	72.7	74.1	81.8	73.9	175.6
3,2,4,4,2,4,2,2,2,4,4,4,3,4	b-D-Glcp	58%	99.4	75.4	84.8	70.1	73.7	65.3
3,2,4,4,2,4,2,2,2,4,4,4,3,4,6	S	
3,2,4,4,2,4,2,2,2,4,4,4,3,4,3	b-D-ManpA	63%	97.8	73.3	72.8	69.5	78.7	177.8
