Linkage	Residue	Trust	H1	H2	H3	H4	H5	H6
	b-L-Fucp	74%	4.53	3.65	3.80	4.02	3.80	1.24
3	b-L-Fucp	17%	4.65	3.65	3.68	3.69	3.85	1.27
3,2	b-D-Manp	60%	4.68	4.14	3.83	3.84	3.64	3.70
3,2,4	a-D-Glcp	51%	5.01	3.60	3.79	3.80	4.32	4.10-4.29
3,2,4,6	S	
3,2,4,4	b-D-Glcp	74%	5.12	3.39	3.59	3.43	3.48	4.08-4.15
3,2,4,4,6	S	
3,2,4,4,2	a-D-GlcpN	33%	5.12	4.02	4.60	3.80	3.94	4.08-4.10
3,2,4,4,2,2	Ac	98%	-	2.05
3,2,4,4,2,6	S	
3,2,4,4,2,4	a-D-Xylp	4%	5.10	3.61	3.70	3.66	3.67-3.76
3,2,4,4,2,4,2	a-D-GlcpN	18%	5.20	3.78	3.83	3.55	3.67	3.62
3,2,4,4,2,4,2,2	Ac	98%	-	2.05
3,2,4,4,2,4,2,2	b-D-GlcpN	22%	4.69	3.60	3.66	3.57	3.55	4.06-4.13
3,2,4,4,2,4,2,2,2	Ac	98%	-	2.03
3,2,4,4,2,4,2,2,6	S	
3,2,4,4,2,4,2,2,2	b-D-Galp	46%	4.54	3.60	3.89	4.20	3.84	3.94-4.03
3,2,4,4,2,4,2,2,2,6	S	
3,2,4,4,2,4,2,2,2,4	a-D-GlcpN	84%	4.88	3.93	3.94	3.71	4.23	3.63
3,2,4,4,2,4,2,2,2,4,2	Ac	98%	-	2.05
3,2,4,4,2,4,2,2,2,4,4	a-D-GlcpN	55%	5.13	3.64	3.94	3.87	3.85	3.63
3,2,4,4,2,4,2,2,2,4,4,2	Ac	98%	-	2.05
3,2,4,4,2,4,2,2,2,4,4,6	S	
3,2,4,4,2,4,2,2,2,4,4,4	a-D-GlcpN	61%	5.13	3.99	4	3.70	3.83	4.08-4.16
3,2,4,4,2,4,2,2,2,4,4,4,2	Ac	98%	-	2.05
3,2,4,4,2,4,2,2,2,4,4,4,6	S	
3,2,4,4,2,4,2,2,2,4,4,4,3	a-D-GlcpA	62%	5.32	3.61	3.94	3.73	4.11	-
3,2,4,4,2,4,2,2,2,4,4,4,3,4	b-D-Glcp	34%	5.46	3.82	3.75	3.66	3.54	4.08-4.15
3,2,4,4,2,4,2,2,2,4,4,4,3,4,6	S	
3,2,4,4,2,4,2,2,2,4,4,4,3,4,3	b-D-ManpA	78%	4.99	3.71	3.59	3.74	3.75	-
