Linkage	Residue	Trust	C1	C2	C3	C4	C5	C6	C7	C8	C9
	b-D-ManpA	44%	101.5	70.9	77.1	71.2	77.3	175.4
3	b-D-ManpA	61%	98.4	72.1	73.6	69.5	76.6	176.5
4	a-D-Galp	57%	99.8	69.3	80.5	70.1	71.8	65.6
4,6	S	
4,3	b-D-GalpA	63%	103.2	70.6	78.4	67.5	75.7	174.6
4,3,3	a-D-GlcpA	25%	99.7	72.7	69.6	80.2	73.1	173.5
4,3,3,4	b-D-Xylp	65%	105.0	74.9	72.6	70.8	66.2
4,3,3,2	a-D-GlcpN	49%	94.0	55.0	82.0	69.3	72.7	65.4
4,3,3,2,2	Ac	83%	175.3	23.3
4,3,3,2,6	S	
4,3,3,2,3	b-D-Galp	63%	101.7	73.8	74.7	70.4	76.2	62.3
4,3,3,2,3,2	a-D-GlcpN	38%	96.4	53.4	74.0	69.1	72.0	61.0
4,3,3,2,3,2,2	Ac	83%	175.3	23.3
4,3,3,2,3,2,3	a-Neup	46%	174.4	102.0	38.0	75.6	50.8	74.1	69.8	73.1	64.1
4,3,3,2,3,2,3,5	Ac	83%	54.9	25.1
4,3,3,2,3,2,3,4	a-D-Galp	36%	97.4	67.9	76.7	68.0	71.8	65.6
4,3,3,2,3,2,3,4,6	S	
4,3,3,2,3,2,3,4,3	a-D-Fucp	74%	104.1	69.4	70.3	73.1	68.8	16.5
