Linkage	Residue	Trust	C1	C2	C3	C4	C5	C6	C7	C8	C9
	Me	87%	58.0
1	b-D-Glcp	74%	101.9	82.1	76.5	69.8	76.7	62.2
1,2	b-D-Glcp	63%	103.5	74.7	76.5	80.1	76.7	61.2
1,2,4	b-D-GlcpN	62%	101.9	56.2	74.4	80.9	77.5	61.4
1,2,4,2	Ac	88%	175.6	23.4
1,2,4,6	S	
1,2,4,4	a-D-GlcpN	39%	98.2	54.6	71.4	70.6	73.5	65.5
1,2,4,4,2	Ac	83%	175.3	23.3
1,2,4,4,6	S	
1,2,4,4,2	b-D-Galp	34%	104.2	71.4	77.8	78.6	75.8	61.5
1,2,4,4,2,6	S	
1,2,4,4,2,4	b-D-GlcpN	42%	102.2	56.4	74.1	70.7	78.0	65.6
1,2,4,4,2,4,2	Ac	88%	175.6	23.4
1,2,4,4,2,4,6	S	
1,2,4,4,2,4,2	a-D-GlcpA	49%	99.7	73.3	74.4	78.8	73.9	176.1
1,2,4,4,2,4,2,4	a-D-GlcpN	41%	98.2	54.6	71.4	70.6	73.2	65.5
1,2,4,4,2,4,2,4,2	Ac	83%	175.3	23.3
1,2,4,4,2,4,2,4,6	S	
1,2,4,4,2,4,2,4,2	a-D-Fucp	33%	100.5	67.5	72.8	72.6	68.2	16.4
1,2,4,4,2,4,2,4,2,3	a-Neup	63%	173.8	99.8	39.4	70.0	53.3	74.4	69.8	73.3	64.2
1,2,4,4,2,4,2,4,2,3,5	Ac	83%	54.9	25.1
