Linkage	Residue	Trust	H1	H2	H3	H4	H5	H6	H7	H8	H9
	Me	97%	3.58
1	b-D-Glcp	34%	4.53	3.54	3.61	3.44	3.41	3.72-3.93
1,2	b-D-Glcp	39%	4.74	3.31	3.66	3.50	3.57	3.67-3.81
1,2,4	b-D-GlcpN	60%	4.50	3.73	3.93	3.67	3.93	3.78-3.88
1,2,4,2	Ac	98%	-	2.03
1,2,4,6	S	
1,2,4,4	a-D-GlcpN	28%	5.20	3.78	3.83	3.41	3.71	4.08-4.15
1,2,4,4,2	Ac	98%	-	2.05
1,2,4,4,6	S	
1,2,4,4,2	b-D-Galp	36%	4.54	3.60	4.24	4.22	3.81	3.79-3.80
1,2,4,4,2,6	S	
1,2,4,4,2,4	b-D-GlcpN	22%	4.69	3.60	3.66	3.61	3.38	4.06-4.13
1,2,4,4,2,4,2	Ac	98%	-	2.03
1,2,4,4,2,4,6	S	
1,2,4,4,2,4,2	a-D-GlcpA	33%	5.20	3.65	3.80	3.71	4.13	-
1,2,4,4,2,4,2,4	a-D-GlcpN	31%	5.20	3.78	3.83	3.57	3.72	4.08-4.15
1,2,4,4,2,4,2,4,2	Ac	98%	-	2.05
1,2,4,4,2,4,2,4,6	S	
1,2,4,4,2,4,2,4,2	a-D-Fucp	18%	5.10	3.88	4.42	3.87	4.38	1.21
1,2,4,4,2,4,2,4,2,3	a-Neup	75%	-	-	1.84-2.71	3.69	3.82	3.62	3.58	3.87	3.64-3.87
1,2,4,4,2,4,2,4,2,3,5	Ac	99%	-	2.03
