Linkage	Residue	Trust	C1	C2	C3	C4	C5	C6	C7	C8	C9
	Me	83%	58.4
1	b-D-GlcpN	73%	101.5	55.8	82.8	70.2	76.3	62.1
1,2	Ac	88%	175.6	23.4
1,3	b-D-GlcpN	51%	101.5	56.7	77.9	71.1	76.6	62.1
1,3,2	Ac	88%	175.6	23.4
1,3,3	a-Neup	35%	173.2	102.0	40.7	69.8	53.1	74.1	69.8	73.1	64.1
1,3,3,5	Ac	83%	54.9	25.1
1,3,3,4	b-D-Glcp	55%	103.5	72.8	75.7	73.8	75.3	64.8
1,3,3,4,6	S	
1,3,3,4,4	a-D-Galp	61%	101.3	67.7	78.9	77.3	73.1	61.5
1,3,3,4,4,3	S	
1,3,3,4,4,4	a-D-Glcp	70%	100.8	82.2	73.7	70.7	71.9	64.9
1,3,3,4,4,4,6	S	
1,3,3,4,4,4,2	b-D-Galp	54%	104.9	75.0	73.7	81.4	74.4	63.3
1,3,3,4,4,4,2,6	S	
1,3,3,4,4,4,2,4	b-D-Galp	64%	103.1	78.0	74.1	70.2	75.4	65.7
1,3,3,4,4,4,2,4,6	S	
1,3,3,4,4,4,2,4,2	b-D-GlcpN	51%	101.9	56.4	75.5	71.2	77.0	65.9
1,3,3,4,4,4,2,4,2,2	Ac	88%	175.6	23.4
1,3,3,4,4,4,2,4,2,6	S	
1,3,3,4,4,4,2,4,2,2	a-D-Glcp	33%	99.2	73.2	74.5	77.7	72.4	61.7
1,3,3,4,4,4,2,4,2,2,6	S	
1,3,3,4,4,4,2,4,2,2,4	a-D-GlcpN	57%	99.9	53.1	82.0	69.3	73.7	65.4
1,3,3,4,4,4,2,4,2,2,4,2	Ac	83%	175.3	23.3
1,3,3,4,4,4,2,4,2,2,4,6	S	
1,3,3,4,4,4,2,4,2,2,4,3	b-D-Fucp	57%	102.0	76.5	74.7	72.4	71.7	16.5
1,3,3,4,4,4,2,4,2,2,4,3,2	a-D-Glcp	44%	98.2	71.7	76.7	76.6	72.4	61.5
1,3,3,4,4,4,2,4,2,2,4,3,2,3	b-D-GlcpA	61%	105.5	74.4	77.0	73.4	77.6	176.3
1,3,3,4,4,4,2,4,2,2,4,3,2,4	b-D-Xylp	27%	104.9	74.3	76.2	70.6	65.5
1,3,3,4,4,4,2,4,2,2,4,3,2,4,2	b-D-GlcpN	59%	102.2	55.6	82.1	71.4	76.1	65.7
1,3,3,4,4,4,2,4,2,2,4,3,2,4,2,2	Ac	88%	175.6	23.4
1,3,3,4,4,4,2,4,2,2,4,3,2,4,2,6	S	
1,3,3,4,4,4,2,4,2,2,4,3,2,4,2,3	a-D-GlcpA	69%	101.5	72.7	73.6	73.9	73.2	175.8
