Linkage	Residue	Trust	H1	H2	H3	H4	H5	H6	H7	H8	H9
	Me	95%	3.49
1	b-D-GlcpN	74%	4.48	3.77	3.79	3.51	3.45	3.75-3.93
1,2	Ac	98%	-	2.03
1,3	b-D-GlcpN	37%	4.64	3.59	3.72	3.51	3.48	3.77-3.94
1,3,2	Ac	98%	-	2.03
1,3,3	a-Neup	34%	-	-	1.76-2.73	3.73	3.86	3.74	3.58	3.86	3.64-3.87
1,3,3,5	Ac	99%	-	2.03
1,3,3,4	b-D-Glcp	48%	4.61	3.36	3.36	3.52	3.39	3.65-3.95
1,3,3,4,6	S	
1,3,3,4,4	a-D-Galp	48%	5.26	4.07	3.95	4.19	4.37	3.81-3.89
1,3,3,4,4,3	S	
1,3,3,4,4,4	a-D-Glcp	47%	5.11	3.45	4.05	3.70	4.14	4.06-4.15
1,3,3,4,4,4,6	S	
1,3,3,4,4,4,2	b-D-Galp	54%	4.72	3.66	3.72	4.23	3.74	3.72-3.79
1,3,3,4,4,4,2,6	S	
1,3,3,4,4,4,2,4	b-D-Galp	65%	4.54	3.67	3.72	3.88	3.76	3.99
1,3,3,4,4,4,2,4,6	S	
1,3,3,4,4,4,2,4,2	b-D-GlcpN	28%	4.69	3.60	3.66	3.43	3.42	4.06-4.13
1,3,3,4,4,4,2,4,2,2	Ac	98%	-	2.03
1,3,3,4,4,4,2,4,2,6	S	
1,3,3,4,4,4,2,4,2,2	a-D-Glcp	33%	5.18	3.58	3.90	3.59	4.10	3.70
1,3,3,4,4,4,2,4,2,2,6	S	
1,3,3,4,4,4,2,4,2,2,4	a-D-GlcpN	63%	5.24	4.01	3.62	3.53	3.75	4.08-4.16
1,3,3,4,4,4,2,4,2,2,4,2	Ac	98%	-	2.05
1,3,3,4,4,4,2,4,2,2,4,6	S	
1,3,3,4,4,4,2,4,2,2,4,3	b-D-Fucp	47%	4.69	3.65	3.75	3.69	3.85	1.24
1,3,3,4,4,4,2,4,2,2,4,3,2	a-D-Glcp	37%	5.28	3.79	4.43	3.38	3.96	3.88-3.93
1,3,3,4,4,4,2,4,2,2,4,3,2,3	b-D-GlcpA	63%	4.91	3.36	3.51	3.55	3.73	-
1,3,3,4,4,4,2,4,2,2,4,3,2,4	b-D-Xylp	10%	4.50	3.32	3.48	3.60	3.32-3.94
1,3,3,4,4,4,2,4,2,2,4,3,2,4,2	b-D-GlcpN	55%	4.91	3.82	3.69	3.60	3.68	4.09-4.16
1,3,3,4,4,4,2,4,2,2,4,3,2,4,2,2	Ac	98%	-	2.03
1,3,3,4,4,4,2,4,2,2,4,3,2,4,2,6	S	
1,3,3,4,4,4,2,4,2,2,4,3,2,4,2,3	a-D-GlcpA	72%	5.35	3.50	3.67	3.51	4.20	-
