Linkage	Residue	Trust	H1	H2	H3	H4	H5	H6
	Me	95%	3.42
1	a-D-Manp	75%	5.26	4.26	3.96	3.75	4.03	3.78-3.90
1,2	b-D-Galp	64%	4.69	3.62	4.24	4.21	3.70	3.73-3.78
1,2,3	S	
1,2,2	a-D-Galp	54%	5.53	3.95	4.02	4.05	4.51	4-4.04
1,2,2,6	S	
1,2,2,2	a-D-Galp	65%	5.21	3.86	4	4.20	4.01	3.94-4.03
1,2,2,2,6	S	
1,2,2,2,4	a-D-GlcpN	65%	4.94	4.05	4	3.77	4.25	3.78-3.83
1,2,2,2,4,2	Ac	98%	-	2.05
1,2,2,2,4,3	a-D-Xylp	0%	5.10	3.61	3.70	3.66	3.67-3.76
1,2,2,2,4,3,2	b-D-GlcpA	61%	4.55	3.48	3.51	3.55	3.73	-
1,2,2,2,4,3,3	a-L-Fucp	19%	5.10	3.89	3.94	3.90	4.38	1.20
1,2,2,2,4,3,3,2	b-D-Glcp	78%	4.50	3.42	3.36	3.43	3.61	3.73-3.84
1,2,2,2,4,3,3,3	a-D-Xylp	12%	5.10	3.61	3.70	4.10	3.67-3.76
1,2,2,2,4,3,3,3,4	b-D-Glcp	47%	5.10	3.49	3.51	3.38	3.45	3.56
1,2,2,2,4,3,3,3,2	b-D-Glcp	25%	4.57	3.54	3.61	3.44	3.41	3.49-3.85
1,2,2,2,4,3,3,3,2,2	b-D-Glcp	55%	4.74	3.31	3.45	3.37	3.42	3.57-3.88
