Linkage	Residue	Trust	C1	C2	C3	C4	C5	C6
	a-D-Manp	63%	95.2	70.9	71.6	77.5	73.8	61.9
4	a-D-Manp	62%	102.3	73.5	85.9	66.3	73.4	61.5
4,3	a-D-GalpA	70%	101.8	69.6	70.0	78.4	72.4	175.8
4,3,4	a-D-GalpA	73%	102.0	79.7	69.9	71.3	72.6	176.5
4,3,4,2	b-D-GlcpN	58%	101.7	57.1	74.8	80.5	77.0	60.8
4,3,4,2,2	Ac	88%	175.6	23.4
4,3,4,2,4	b-D-GlcpN	55%	102.2	56.4	74.8	71.7	77.2	65.6
4,3,4,2,4,2	Ac	88%	175.6	23.4
4,3,4,2,4,6	S	
4,3,4,2,4,2	a-D-GlcpN	27%	96.2	54.6	71.4	71.0	72.8	60.9
4,3,4,2,4,2,2	Ac	83%	175.3	23.3
4,3,4,2,4,2,2	b-D-Glcp	38%	103.5	73.7	84.8	70.1	76.2	65.3
4,3,4,2,4,2,2,6	S	
4,3,4,2,4,2,2,3	b-D-Manp	63%	101.2	71.5	72.2	77.4	75.7	61.8
4,3,4,2,4,2,2,3,4	b-D-ManpA	65%	101.1	72.0	74.4	69.5	76.6	176.6
