Linkage	Residue	Trust	H1	H2	H3	H4	H5	H6
	Me	97%	3.42
1	a-D-GlcpA	51%	4.82	3.64	3.87	4.06	4.20	-
1,3	a-D-GlcpA	52%	5.69	3.77	4	3.78	4.51	-
1,3,4	b-D-Galp	87%	4.45	3.57	3.66	3.95	3.74	3.70
1,3,2	a-D-Galp	60%	5.31	4.03	4.11	4.22	4.57	3.67-3.93
1,3,2,6	S	
1,3,2,4	b-D-GlcpN	36%	4.69	3.60	3.66	3.42	3.39	3.79-3.85
1,3,2,4,2	Ac	98%	-	2.03
1,3,2,4,2	b-D-Xylp	14%	4.50	3.32	3.57	3.65	3.32-3.94
1,3,2,4,2,2	a-D-Xylp	0%	5.10	3.61	3.70	3.66	3.67-3.76
1,3,2,4,2,2,2	a-L-Fucp	51%	5.14	3.82	3.87	3.79	4.30	1.22
1,3,2,4,2,2,4	a-D-GlcpA	35%	5.20	3.65	3.78	3.81	4.38	-
1,3,2,4,2,2,4,3	a-D-GlcpN	69%	4.85	4.29	3.76	3.53	4.02	3.74-3.94
1,3,2,4,2,2,4,3,2	Ac	98%	-	2.05
