Linkage	Residue	Trust	H1	H2	H3	H4	H5	H6
	b-D-ManpA	75%	4.94	4.17	3.66	3.74	3.67	-
2	b-D-ManpA	29%	4.61	3.99	3.61	3.74	3.54	-
2,2	b-D-Galp	39%	4.50	3.64	3.77	3.71	3.75	3.71-3.75
2,2,3	S	
2,2,4	a-D-GlcpN	42%	5.20	3.78	3.83	3.54	4.18	3.80-3.81
2,2,4,2	Ac	98%	-	2.05
2,2,4,2	b-D-Galp	37%	4.54	3.60	4.36	4.18	3.75	3.78-3.83
2,2,4,2,3	S	
2,2,4,2,4	a-D-Galp	50%	4.95	4.10	3.97	4.06	4.47	3.99
2,2,4,2,4,6	S	
2,2,4,2,4,3	a-D-Fucp	44%	5.29	3.67	4.04	3.83	4.29	1.22
2,2,4,2,4,3,2	a-D-GalpA	17%	5.30	3.92	4.13	4.30	4.46	-
2,2,4,2,4,3,2,2	b-D-GlcpA	70%	4.65	3.38	3.48	3.55	3.73	-
