Linkage	Residue	Trust	C1	C2	C3	C4	C5	C6	C7	C8	C9
	b-D-Manp	31%	98.6	76.2	75.6	68.0	77.6	62.1
2	b-D-Manp	94%	102.3	71.7	74.2	68.2	77.5	62.3
3	b-Neup	49%	173.6	96.9	37.1	72.9	50.8	70.7	69.8	73.1	64.1
3,5	Ac	83%	176.3	23.6
3,4	a-D-Glcp	54%	95.7	71.5	81.8	69.1	72.6	61.3
3,4,3	b-D-Glcp	67%	103.1	73.6	85.4	68.9	76.3	61.4
3,4,3,3	a-D-GlcpN	54%	102.3	56.3	72.7	73.9	75.2	62.3
3,4,3,3,2	Ac	83%	175.3	23.3
3,4,3,3,4	a-D-Galp	62%	104.9	75.2	70.1	70.2	76.6	66.0
3,4,3,3,4,6	S	
3,4,3,3,4,2	b-D-GalpA	71%	106.0	72.5	73.8	71.5	76.0	173.8
