Linkage	Residue	Trust	H1	H2	H3	H4	H5	H6
	b-D-Glcp	58%	4.64	3.38	4	3.73	3.62	3.81-3.95
4	b-D-Glcp	86%	4.51	3.31	3.50	3.40	3.49	3.73-3.91
2	a-D-Galp	35%	5.21	3.90	3.94	3.84	4.10	4-4.04
2,6	S	
2,2	b-D-Glcp	48%	4.62	3.37	3.59	3.51	3.45	4.08-4.15
2,2,6	S	
2,2,2	a-D-GlcpN	26%	5.20	3.78	3.83	3.58	3.91	4.08-4.10
2,2,2,2	Ac	98%	-	2.05
2,2,2,6	S	
2,2,2,2	b-D-Galp	44%	4.54	3.60	3.72	4.19	3.86	4.04
2,2,2,2,6	S	
2,2,2,2,3	b-D-GlcpN	81%	4.72	3.80	3.76	3.76	3.60	3.86-4.09
2,2,2,2,3,2	Ac	98%	-	2.03
2,2,2,2,3,4	b-D-Xylp	40%	4.59	3.95	3.48	3.60	3.29-3.92
2,2,2,2,3,4,2	b-D-GlcpN	44%	4.81	3.73	3.72	3.59	3.51	3.77-3.92
2,2,2,2,3,4,2,2	Ac	98%	-	2.03
2,2,2,2,3,4,2,4	a-D-GlcpA	86%	5.29	3.61	3.68	3.51	3.99	-
