Linkage	Residue	Trust	H1	H2	H3	H4	H5	H6
	a-L-Fucp	42%	4.85	3.89	3.91	4.16	4.53	1.21
2	a-L-Fucp	60%	4.85	3.89	3.72	3.79	4.33	1.26
4	b-D-Galp	49%	4.53	3.62	4.27	4.11	4.13	3.60
4,3	S	
4,2	b-D-GlcpN	77%	4.88	3.81	3.75	3.71	3.57	4.10-4.17
4,2,2	Ac	98%	-	2.03
4,2,6	S	
4,2,3	a-D-Fucp	72%	5	3.96	3.96	3.92	4.01	1.16
4,2,3,4	a-D-Glcp	64%	4.99	3.63	3.80	3.80	3.92	4.11-4.18
4,2,3,4,6	S	
4,2,3,4,4	b-D-Galp	60%	4.53	3.58	3.71	4.03	3.74	3.63-3.68
4,2,3,4,4,3	S	
4,2,3,4,4,4	a-D-Galp	49%	5.02	3.90	4.02	4.05	4.47	3.99
4,2,3,4,4,4,6	S	
4,2,3,4,4,4,2	a-D-Galp	56%	5.21	3.86	3.98	4.32	4.47	4-4.05
4,2,3,4,4,4,2,6	S	
4,2,3,4,4,4,2,4	b-D-Xylp	30%	5.06	4.36	3.48	3.60	3.32-3.94
4,2,3,4,4,4,2,4,2	b-D-GalpA	45%	4.80	3.60	3.74	4.45	4.43	-
4,2,3,4,4,4,2,4,2,4	b-D-Fucp	50%	4.78	4.23	3.83	4.11	3.94	1.32
4,2,3,4,4,4,2,4,2,4,4	b-D-GalpA	24%	4.48	3.62	3.76	4.22	4.14	-
4,2,3,4,4,4,2,4,2,4,4,2	a-D-GlcpA	29%	5.26	3.35	3.89	3.69	4.21	-
4,2,3,4,4,4,2,4,2,4,4,2,2	b-D-Manp	77%	4.78	4.10	3.64	3.75	3.58	3.77-3.92
