Linkage	Residue	Trust	C1	C2	C3	C4	C5	C6
	a-D-Galp	82%	92.7	73.7	69.1	70.6	72.1	62.2
2	a-D-Galp	37%	102.1	69.7	74.2	78.7	71.8	61.3
2,4	a-D-GalpA	72%	99.4	69.5	70.3	71.1	72.6	175.8
2,3	a-D-Fucp	51%	104.1	69.3	69.9	79.0	68.2	16.9
2,3,4	a-D-Galp	48%	101.3	69.6	79.5	69.9	71.8	65.6
2,3,4,6	S	
2,3,4,3	b-D-ManpA	30%	101.5	65.3	73.0	74.5	77.0	175.7
2,3,4,3,4	a-D-Manp	70%	102.0	70.8	71.4	67.7	74.1	61.9
2,3,4,3,3	b-D-GlcpA	58%	105.3	73.7	83.1	73.3	77.4	175.3
2,3,4,3,3,3	a-D-Galp	41%	103.8	68.2	74.2	70.1	71.6	62.1
2,3,4,3,3,3,2	a-D-ManpA	56%	103.5	72.0	71.5	69.5	78.1	176.0
2,3,4,3,3,3,3	a-D-Xylp	67%	100.4	78.1	72.8	71.4	61.8
2,3,4,3,3,3,3,2	a-D-Xylp	61%	99.9	76.8	73.4	69.4	62.6
2,3,4,3,3,3,3,2,2	a-D-Galp	41%	99.6	69.7	74.5	78.7	71.8	62.2
2,3,4,3,3,3,3,2,2,3	S	
2,3,4,3,3,3,3,2,2,4	a-D-GalpA	58%	99.8	71.1	70.0	79.6	71.8	173.3
2,3,4,3,3,3,3,2,2,4,4	a-D-ManpA	54%	102.0	71.5	71.6	75.6	75.9	176.0
2,3,4,3,3,3,3,2,2,4,4,4	a-D-GlcpN	35%	98.2	54.6	71.4	70.6	72.7	65.5
2,3,4,3,3,3,3,2,2,4,4,4,2	Ac	83%	175.3	23.3
2,3,4,3,3,3,3,2,2,4,4,4,6	S	
2,3,4,3,3,3,3,2,2,4,4,4,2	a-D-GalpA	41%	99.6	72.7	68.2	71.4	72.0	174.6
2,3,4,3,3,3,3,2,2,4,4,4,2,2	a-D-GalpA	67%	96.4	68.5	69.9	71.1	72.1	175.0
