Linkage	Residue	Trust	H1	H2	H3	H4	H5	H6
	Me	94%	3.48
1	b-D-Xylp	64%	4.59	3.26	3.38	3.55	3.22-3.24
1,2	b-D-Xylp	46%	4.35	3.31	3.61	3.79	3.70-3.80
1,2,3	b-D-ManpA	14%	4.76	4.02	3.83	3.83	3.88	-
1,2,3,4	a-D-GlcpA	62%	5.21	3.47	3.80	3.71	4.13	-
1,2,3,4,4	a-D-GlcpN	64%	5.30	4.09	3.95	3.81	3.86	4.11-4.18
1,2,3,4,4,2	Ac	98%	-	2.05
1,2,3,4,4,6	S	
1,2,3,4,4,4	b-D-Galp	56%	4.45	3.69	3.74	4.06	3.70	4.01
1,2,3,4,4,4,6	S	
1,2,3,4,4,4,3	a-D-Xylp	43%	5.10	3.67	3.83	3.30	3.67-3.76
1,2,3,4,4,4,3,2	a-D-GlcpA	42%	5.38	3.62	3.78	3.61	4.20	-
