Linkage	Residue	Trust	C1	C2	C3	C4	C5	C6	C7	C8	C9
	a-D-Glcp	61%	99.0	81.8	72.8	71.2	73.2	62.0
2	b-D-GlcpN	53%	103.8	55.5	81.7	72.5	76.8	63.7
2,2	Ac	88%	175.6	23.4
2,6	S	
2,3	a-D-ManpA	62%	102.1	71.3	70.5	79.5	72.9	176.4
2,3,4	b-D-Manp	42%	101.2	70.9	75.6	67.6	76.6	62.2
2,3,4,3	a-Neup	26%	175.3	102.0	40.7	69.8	53.2	74.1	69.8	73.1	64.1
2,3,4,3,5	Ac	83%	54.9	25.1
2,3,4,3,4	a-Neup	46%	174.4	102.0	38.0	75.6	50.8	74.1	69.8	73.1	64.1
2,3,4,3,4,5	Ac	83%	54.9	25.1
2,3,4,3,4,4	a-D-Galp	57%	96.3	69.4	70.7	79.7	72.3	61.1
2,3,4,3,4,4,6	S	
2,3,4,3,4,4,4	a-D-Glcp	64%	99.5	76.7	73.7	70.2	71.9	64.9
2,3,4,3,4,4,4,6	S	
2,3,4,3,4,4,4,2	a-D-Xylp	29%	98.5	72.0	84.2	73.7	61.4
2,3,4,3,4,4,4,2,3	b-D-Fucp	32%	98.2	71.4	74.9	72.1	71.7	16.8
2,3,4,3,4,4,4,2,3,3	b-L-Fucp	66%	104.8	73.4	73.7	72.4	71.9	16.1
