Linkage	Residue	Trust	C1	C2	C3	C4	C5	C6
	Asn	0%	?	?	?	?
4	b-D-GlcpN	68%	101.7	55.4	73.0	80.5	75.3	60.8
4,2	Ac	88%	175.6	23.4
4,4	b-D-GlcpN	67%	101.6	55.0	72.0	79.6	74.5	59.9
4,4,2	Ac	88%	175.6	23.4
4,4,4	b-D-Manp	78%	103.0	72.9	83.7	67.9	77.0	68.4
4,4,4,6	a-D-Manp	79%	102.5	72.1	81.5	68.3	65.5	68.2
4,4,4,6,6	a-D-Manp	69%	100.5	80.3	72.2	69.1	74.7	62.7
4,4,4,6,6,2	a-D-Manp	76%	103.6	71.6	71.7	68.2	74.8	62.4
4,4,4,6,3	a-D-Manp	82%	101.6	79.6	71.1	67.9	74.3	62.1
4,4,4,6,3,2	a-D-Manp	76%	103.6	71.6	71.7	68.2	74.8	62.4
4,4,4,3	a-D-Manp	70%	102.3	79.9	71.6	68.5	74.8	62.7
4,4,4,3,2	a-D-Manp	81%	102.1	79.9	71.1	67.9	74.4	62.1
4,4,4,3,2,2	a-D-Manp	76%	103.4	70.6	79.4	67.0	74.7	61.9
4,4,4,3,2,2,3	a-D-Glcp	67%	100.8	71.5	83.3	71.2	73.2	61.6
4,4,4,3,2,2,3,3	a-D-Glcp	79%	96.9	76.5	72.1	70.6	72.5	61.4
4,4,4,3,2,2,3,3,2	a-D-Glcp	88%	97.3	72.6	74.1	70.7	73.2	61.7
