Linkage	Residue	Trust	H1	H2	H3	H4	H5	H6
	Asn	0%	-	?	?	-
4	b-D-GlcpN	22%	4.72	3.81	3.57	3.49	3.43	3.54-3.74
4,2	Ac	98%	-	2.03
4,4	b-D-GlcpN	81%	4.56	3.75	3.72	3.68	3.55	3.69-3.83
4,4,2	Ac	98%	-	2.03
4,4,4	b-D-Manp	88%	4.76	4.16	3.73	3.77	3.63	3.79-3.95
4,4,4,6	a-D-Manp	89%	4.86	4.07	3.85	3.86	3.83	3.68-3.99
4,4,4,6,6	a-D-Manp	65%	5.09	3.94	3.95	3.69	3.73	3.76-3.86
4,4,4,6,6,2	a-D-Manp	84%	5.07	4.05	3.84	3.66	3.76	3.75-3.88
4,4,4,6,3	a-D-Manp	81%	5.31	4.09	3.95	3.69	3.77	3.76-3.88
4,4,4,6,3,2	a-D-Manp	84%	5.07	4.05	3.84	3.66	3.76	3.75-3.88
4,4,4,3	a-D-Manp	88%	5.34	4.12	3.98	3.68	3.75	3.75-3.85
4,4,4,3,2	a-D-Manp	88%	5.29	4.10	3.95	3.72	3.75	3.74-3.86
4,4,4,3,2,2	a-D-Manp	78%	5.20	4.25	3.97	3.93	3.72	3.77-3.84
4,4,4,3,2,2,3	a-D-Glcp	81%	5.37	3.67	3.92	3.58	4.05	3.73-3.94
4,4,4,3,2,2,3,3	a-D-Glcp	78%	5.58	3.69	3.89	3.48	4.12	3.79-3.94
4,4,4,3,2,2,3,3,2	a-D-Glcp	92%	5.15	3.56	3.78	3.45	3.94	3.77-3.86
