Linkage	Residue	Trust	C1	C2	C3	C4	C5	C6	C7	C8	C9
	Me	76%	56.2
1	a-L-Fucp	47%	100.6	77.2	69.3	79.3	69.7	16.9
1,2	a-L-Fucp	66%	103.5	70.8	71.0	73.1	68.7	16.9
1,4	a-D-Glcp	52%	99.5	74.2	71.8	67.7	72.3	64.9
1,4,6	S	
1,4,2	a-D-Fucp	66%	92.7	73.5	69.1	72.9	69.3	16.5
1,4,2,2	a-D-Xylp	16%	98.5	72.5	72.9	73.7	61.4
1,4,2,2,3	b-L-Fucp	13%	98.2	72.7	73.7	72.5	71.7	16.4
1,4,2,2,3,4	a-D-GlcpA	65%	100.4	73.1	73.7	73.2	73.2	174.2
1,4,2,2,3,2	b-D-Galp	38%	104.6	71.7	73.7	70.9	75.7	61.9
1,4,2,2,3,2,2	a-D-Manp	45%	101.2	71.4	74.3	67.5	72.5	61.6
1,4,2,2,3,2,2,3	b-Neup	54%	173.6	96.9	41.1	69.2	53.3	70.7	69.8	73.3	64.2
1,4,2,2,3,2,2,3,5	Ac	83%	176.3	23.6
