Linkage	Residue	Trust	H1	H2	H3	H4	H5	H6	H7	H8	H9
	Me	97%	3.42
1	a-L-Fucp	36%	4.85	3.89	3.91	4.03	3.96	1.24
1,2	a-L-Fucp	60%	4.85	3.89	3.72	3.79	4.33	1.26
1,4	a-D-Glcp	39%	5.18	3.59	3.88	3.45	3.88	4.06-4.15
1,4,6	S	
1,4,2	a-D-Fucp	68%	5.60	3.97	4.13	3.58	3.85	1.23
1,4,2,2	a-D-Xylp	0%	5.10	3.55	3.70	3.66	3.67-3.76
1,4,2,2,3	b-L-Fucp	13%	4.65	3.65	3.68	4.03	3.82	1.31
1,4,2,2,3,4	a-D-GlcpA	54%	5.04	3.54	3.78	3.40	4.20	-
1,4,2,2,3,2	b-D-Galp	31%	4.53	3.62	3.70	4.06	3.68	3.76-3.79
1,4,2,2,3,2,2	a-D-Manp	19%	5.07	4.12	3.96	3.80	3.99	3.76-3.89
1,4,2,2,3,2,2,3	b-Neup	55%	-	-	1.82-2.27	3.66	3.82	4.23	3.58	3.87	3.64-3.87
1,4,2,2,3,2,2,3,5	Ac	95%	-	2.05
