Linkage	Residue	Trust	H1	H2	H3	H4	H5	H6
	Me	97%	3.58
1	b-D-Glcp	66%	4.40	3.46	3.66	3.64	3.60	3.82-3.95
1,4	b-D-Glcp	72%	4.50	3.34	4.22	3.65	3.66	3.80-3.92
1,4,4	a-D-GlcpN	32%	5.20	3.78	3.83	3.43	3.76	4.08-4.15
1,4,4,2	Ac	98%	-	2.05
1,4,4,6	S	
1,4,4,2	a-D-Galp	34%	5.22	3.89	3.98	4.23	3.91	3.57-3.93
1,4,4,2,6	S	
1,4,4,2,4	b-D-GalpA	50%	4.87	3.54	3.81	4.34	4.27	-
1,4,4,2,4,4	a-D-GlcpN	78%	4.97	4.03	3.86	3.58	4.30	4.08-4.16
1,4,4,2,4,4,2	Ac	98%	-	2.05
1,4,4,2,4,4,6	S	
1,4,4,2,4,4,3	b-D-Glcp	77%	4.49	3.41	3.76	3.62	3.54	3.72-3.88
1,4,4,2,4,4,3,4	a-D-Galp	77%	5.29	3.74	3.77	3.94	3.59	3.82-3.83
