Linkage	Residue	Trust	C1	C2	C3	C4	C5	C6	C7	C8	C9
	Me	77%	55.6
1	a-D-ManpA	59%	100.2	79.2	71.1	69.5	73.2	175.9
1,2	a-D-ManpA	34%	100.5	78.2	?	73.3	73.1	178.3
1,2,4	a-D-GlcpA	65%	101.2	72.5	73.7	72.5	73.2	175.8
1,2,2	b-D-ManpA	10%	101.5	70.9	73.0	74.5	77.0	175.4
1,2,2,4	b-D-GalpA	68%	103.5	72.0	73.6	71.1	76.0	174.8
1,2,2,3	b-D-Fucp	27%	98.2	71.6	74.9	72.5	71.7	16.4
1,2,2,3,3	b-Neup	49%	175.1	96.9	37.1	72.9	50.8	70.7	69.8	73.1	64.1
1,2,2,3,3,5	Ac	83%	176.3	23.6
1,2,2,3,3,4	a-D-Galp	41%	95.7	69.3	74.5	81.6	71.8	60.9
1,2,2,3,3,4,3	S	
1,2,2,3,3,4,4	a-D-GlcpN	57%	99.1	54.1	71.0	80.7	70.9	64.4
1,2,2,3,3,4,4,2	Ac	83%	175.3	23.3
1,2,2,3,3,4,4,6	S	
1,2,2,3,3,4,4,4	b-D-GlcpN	57%	102.5	56.4	74.7	71.0	77.0	65.6
1,2,2,3,3,4,4,4,2	Ac	88%	175.6	23.4
1,2,2,3,3,4,4,4,6	S	
1,2,2,3,3,4,4,4,2	b-D-Xylp	18%	103.7	74.3	76.2	70.8	65.5
1,2,2,3,3,4,4,4,2,2	b-D-Galp	39%	104.6	71.7	73.7	69.9	75.7	61.9
1,2,2,3,3,4,4,4,2,2,2	b-L-Fucp	42%	103.0	72.7	73.7	73.5	71.7	16.4
1,2,2,3,3,4,4,4,2,2,2,2	a-D-Manp	72%	101.2	71.4	71.4	67.7	74.1	61.9
