Linkage	Residue	Trust	C1	C2	C3	C4	C5	C6
	a-D-Glcp	64%	93.6	74.4	72.8	71.6	72.1	61.0
2	a-D-Glcp	88%	97.3	72.6	74.1	70.7	73.2	61.7
3	a-D-GalpA	54%	98.5	79.7	69.9	71.3	72.2	175.8
3,2	b-D-GlcpN	53%	101.7	57.1	74.8	81.3	77.0	62.8
3,2,2	Ac	88%	175.6	23.4
3,2,4	a-D-Galp	62%	104.9	75.2	73.7	69.0	73.0	62.8
3,2,4,3	S	
3,2,4,2	b-D-Glcp	66%	102.8	73.4	73.8	76.4	73.9	64.8
3,2,4,2,6	S	
3,2,4,2,4	a-D-Galp	37%	104.9	69.2	74.5	70.9	73.3	62.9
3,2,4,2,4,3	S	
3,2,4,2,4,2	a-D-Manp	70%	102.7	71.3	71.9	67.7	73.0	61.2
