Linkage	Residue	Trust	C1	C2	C3	C4	C5	C6
	a-D-GlcpA	54%	98.6	72.7	73.2	78.6	73.3	175.6
2	a-D-GlcpA	85%	97.1	72.6	74.1	73.2	73.6	175.8
4	a-D-Galp	62%	97.2	74.2	69.4	70.4	71.8	66.0
4,6	S	
4,2	a-D-Galp	52%	96.6	69.2	74.5	75.5	71.9	61.8
4,2,3	S	
4,2,4	b-D-GlcpN	63%	103.2	56.2	82.8	69.1	76.6	65.7
4,2,4,2	Ac	88%	175.6	23.4
4,2,4,6	S	
4,2,4,3	b-D-Galp	65%	104.4	71.3	78.6	70.5	76.2	62.2
4,2,4,3,3	a-D-ManpA	49%	96.2	81.2	71.6	73.3	73.1	175.8
4,2,4,3,3,2	a-D-Galp	52%	101.9	77.5	73.7	71.5	71.8	61.8
4,2,4,3,3,2,3	S	
4,2,4,3,3,2,2	b-D-Galp	59%	103.4	72.5	83.3	69.3	75.7	60.3
4,2,4,3,3,2,2,6	S	
4,2,4,3,3,2,2,3	b-D-Glcp	46%	105.9	74.4	77.4	70.9	77.6	62.8
4,2,4,3,3,2,2,3,2	b-L-Fucp	50%	103.0	72.8	74.8	82.1	71.6	16.8
4,2,4,3,3,2,2,3,2,4	b-L-Fucp	41%	105.4	71.9	74.9	72.1	71.7	16.8
4,2,4,3,3,2,2,3,2,4,3	b-D-Glcp	58%	105.2	82.0	76.6	70.6	76.2	61.9
4,2,4,3,3,2,2,3,2,4,3,2	b-D-GlcpA	66%	101.1	74.7	76.4	73.4	77.6	176.3
