Linkage	Residue	Trust	H1	H2	H3	H4	H5	H6
	a-D-GlcpA	45%	5.55	3.69	3.75	3.81	4.27	-
2	a-D-GlcpA	92%	5.25	3.62	3.81	3.51	4.17	-
4	a-D-Galp	64%	5.66	3.93	4.02	4.05	3.94	4-4.04
4,6	S	
4,2	a-D-Galp	44%	5.21	4.03	3.97	4.27	3.91	3.79-3.85
4,2,3	S	
4,2,4	b-D-GlcpN	58%	4.68	3.83	3.83	3.71	3.34	4.09-4.16
4,2,4,2	Ac	98%	-	2.03
4,2,4,6	S	
4,2,4,3	b-D-Galp	40%	4.47	3.60	3.79	3.97	3.65	3.76-3.77
4,2,4,3,3	a-D-ManpA	56%	5.21	4.05	4.02	3.74	4.21	-
4,2,4,3,3,2	a-D-Galp	38%	5.21	3.90	4.51	4.06	4.14	3.75-3.76
4,2,4,3,3,2,3	S	
4,2,4,3,3,2,2	b-D-Galp	59%	4.50	3.51	3.81	4.16	3.56	3.70
4,2,4,3,3,2,2,6	S	
4,2,4,3,3,2,2,3	b-D-Glcp	48%	4.62	3.37	3.42	3.39	3.44	3.73-3.92
4,2,4,3,3,2,2,3,2	b-L-Fucp	51%	4.50	3.54	3.83	4.11	3.94	1.40
4,2,4,3,3,2,2,3,2,4	b-L-Fucp	22%	4.79	3.54	3.69	3.73	3.82	1.24
4,2,4,3,3,2,2,3,2,4,3	b-D-Glcp	28%	4.62	3.37	3.75	3.40	3.45	3.79-3.90
4,2,4,3,3,2,2,3,2,4,3,2	b-D-GlcpA	48%	4.69	3.29	3.40	3.55	3.73	-
