Linkage	Residue	Trust	H1	H2	H3	H4	H5	H6
	Me	97%	3.42
1	a-D-GlcpA	51%	4.82	3.64	3.87	4.06	4.20	-
1,3	a-D-GlcpA	28%	5.51	3.72	3.98	3.69	4.21	-
1,3,2	a-D-Galp	60%	5.31	3.87	3.96	4.10	4.02	3.80-3.85
1,3,2,6	S	
1,3,2,4	a-D-GalpA	32%	5.02	3.92	4.22	4.57	4.81	-
1,3,2,4,3	b-D-Galp	79%	4.72	3.64	3.65	3.92	3.69	3.77-3.87
1,3,2,4,2	a-D-Galp	38%	5.57	3.96	3.92	4.23	4.11	3.72-3.84
1,3,2,4,2,4	b-D-Galp	83%	4.63	3.56	3.68	3.83	3.72	3.73-3.79
1,3,2,4,2,2	a-D-Galp	39%	5.21	3.90	4.51	4.06	4.13	3.75-3.76
1,3,2,4,2,2,3	S	
1,3,2,4,2,2,2	b-D-Galp	39%	4.53	3.62	3.74	4.17	3.69	4-4.02
1,3,2,4,2,2,2,6	S	
1,3,2,4,2,2,2,2	a-D-Galp	54%	5.53	3.95	4.02	4.05	4.51	4-4.04
1,3,2,4,2,2,2,2,6	S	
1,3,2,4,2,2,2,2,2	a-D-Galp	85%	5.58	4.01	4.06	4.07	4.07	3.81
1,3,2,4,2,2,2,2,2,3	S	
1,3,2,4,2,2,2,2,2,2	a-D-Glcp	37%	5.16	3.58	3.75	3.66	3.86	4.06-4.14
1,3,2,4,2,2,2,2,2,2,6	S	
1,3,2,4,2,2,2,2,2,2,3	b-D-Manp	81%	4.64	3.97	3.62	3.57	3.37	3.75-3.91
