Linkage	Residue	Trust	C1	C2	C3	C4	C5	C6	C7	C8	C9
	b-D-Xylp	62%	103.4	81.0	75.5	72.6	68.4
2	b-D-Xylp	20%	103.7	85.0	76.2	70.6	64.5
2,3	a-D-Fucp	70%	96.3	69.3	71.0	73.1	68.8	16.5
2,2	b-D-GlcpN	64%	102.5	57.0	73.6	79.4	76.0	62.2
2,2,2	Ac	88%	175.6	23.4
2,2,4	b-D-GalpA	67%	104.4	70.3	81.2	68.1	76.2	174.6
2,2,4,3	b-D-GalpA	52%	103.2	70.4	75.8	78.9	76.0	174.5
2,2,4,3,3	a-Neup	67%	177.2	101.1	38.5	75.6	50.8	73.9	69.6	73.1	64.0
2,2,4,3,3,5	Ac	83%	54.9	25.1
2,2,4,3,3,4	a-D-GalpA	33%	99.6	75.5	79.3	70.6	72.1	175.7
2,2,4,3,3,4,3	b-D-GalpA	63%	104.5	73.4	73.6	71.3	76.0	180.3
2,2,4,3,3,4,2	b-D-GlcpN	53%	101.7	57.1	74.8	79.6	77.0	62.2
2,2,4,3,3,4,2,2	Ac	88%	175.6	23.4
2,2,4,3,3,4,2,6	S	
2,2,4,3,3,4,2,4	b-D-GalpA	50%	102.9	76.5	73.1	77.4	75.7	174.3
2,2,4,3,3,4,2,4,2	a-D-GalpA	70%	99.1	69.4	70.0	71.3	72.6	175.9
2,2,4,3,3,4,2,4,4	a-D-Glcp	53%	99.5	76.7	71.8	69.8	72.3	64.9
2,2,4,3,3,4,2,4,4,6	S	
2,2,4,3,3,4,2,4,4,2	a-D-Xylp	55%	100.4	78.1	72.8	71.4	61.8
2,2,4,3,3,4,2,4,4,2,2	a-D-Manp	67%	102.0	71.3	71.4	67.7	74.1	61.9
