Linkage	Residue	Trust	H1	H2	H3	H4	H5	H6	H7	H8	H9
	b-D-Xylp	76%	4.59	3.53	3.38	3.55	3.22-3.24
2	b-D-Xylp	9%	4.50	3.32	3.49	3.61	3.70-3.80
2,3	a-D-Fucp	52%	5.09	4.18	3.87	3.79	4.30	1.22
2,2	b-D-GlcpN	60%	4.81	3.73	3.75	3.74	3.61	3.83-3.95
2,2,2	Ac	98%	-	2.03
2,2,4	b-D-GalpA	75%	4.66	3.68	3.56	4.34	4.05	-
2,2,4,3	b-D-GalpA	37%	4.49	3.60	4	4.28	4.08	-
2,2,4,3,3	a-Neup	81%	-	-	1.76-2.93	3.81	4.04	3.79	3.45	3.62	3.67-3.85
2,2,4,3,3,5	Ac	99%	-	2.03
2,2,4,3,3,4	a-D-GalpA	26%	5.30	3.92	4.19	4.57	4.27	-
2,2,4,3,3,4,3	b-D-GalpA	65%	4.72	3.64	3.73	4.37	4.15	-
2,2,4,3,3,4,2	b-D-GlcpN	59%	4.52	3.72	3.75	3.75	3.68	3.83-3.95
2,2,4,3,3,4,2,2	Ac	98%	-	2.03
2,2,4,3,3,4,2,6	S	
2,2,4,3,3,4,2,4	b-D-GalpA	32%	4.66	3.70	3.75	4.43	4.18	-
2,2,4,3,3,4,2,4,2	a-D-GalpA	39%	5.21	3.85	3.92	4.21	4.50	-
2,2,4,3,3,4,2,4,4	a-D-Glcp	61%	5.02	3.75	3.88	3.54	4.30	4.06-4.15
2,2,4,3,3,4,2,4,4,6	S	
2,2,4,3,3,4,2,4,4,2	a-D-Xylp	63%	5.13	4.16	3.76	3.44	3.60
2,2,4,3,3,4,2,4,4,2,2	a-D-Manp	67%	4.43	4.01	3.86	3.70	3.40	3.76-3.88
