Linkage	Residue	Trust	C1	C2	C3	C4	C5	C6
	Me	83%	55.6
1	a-D-Manp	44%	103.1	71.5	75.8	81.0	70.4	64.9
1,3	a-D-Manp	85%	103.0	70.8	71.3	67.6	74.2	61.7
1,4	a-D-Galp	40%	104.9	75.2	74.6	71.4	68.2	63.5
1,4,2	b-D-GlcpA	54%	106.0	79.7	77.3	73.0	78.1	176.0
1,4,2,2	b-D-Galp	62%	103.3	72.7	74.2	78.2	76.9	61.5
1,4,2,2,6	S	
1,4,2,2,4	a-D-GlcpA	46%	100.4	72.7	73.6	73.8	73.1	176.5
1,4,2,2,4,2	a-L-Fucp	50%	103.2	70.8	72.1	80.2	70.1	16.9
1,4,2,2,4,2,4	a-D-GlcpA	60%	100.5	74.2	69.1	72.9	73.1	174.3
1,4,2,2,4,2,4,2	a-D-Galp	60%	95.3	69.6	78.1	71.4	72.4	62.7
1,4,2,2,4,2,4,2,3	a-L-Fucp	67%	104.1	71.1	72.2	71.0	69.8	18.4
