Lineage	Residue	Trust	C1	C2	C3	C4	C5	C6
	Me	91%	55.8
1	a-D-Manp	44%	102.8	71.4	77.3	75.8	71.0	64.4
1,3	a-D-Manp	92%	103.4	70.9	71.4	68.0	74.5	62.1
1,4	a-D-Galp	88%	101.8	78.3	69.4	70.7	72.2	62.4
1,4,2	b-D-GlcpA	87%	103.8	81.9	76.6	72.4	76.4	174.8
1,4,2,2	b-D-Galp	73%	104.1	72.2	73.8	78.2	75.7	63.6
1,4,2,2,6	S		
1,4,2,2,4	a-D-GlcpA	88%	101.0	80.6	72.9	72.7	71.7	174.1
1,4,2,2,4,2	a-L-Fucp	87%	101.9	69.2	70.8	79.9	67.3	16.5
1,4,2,2,4,2,4	a-D-GlcpA	88%	98.0	75.6	71.7	72.6	71.7	173.8
1,4,2,2,4,2,4,2	a-D-Galp	87%	96.6	69.0	78.4	70.3	72.2	62.5
1,4,2,2,4,2,4,2,3	a-L-Fucp	87%	102.2	69.6	70.8	72.5	68.3	17.1
