Linkage	Residue	Trust	H1	H2	H3	H4	H5	H6
	Me	95%	3.42
1	a-D-Manp	22%	4.66	4.13	3.95	3.82	3.67	3.76-3.94
1,3	a-D-Manp	74%	5.13	4.02	3.86	3.63	3.76	3.74-3.86
1,4	a-D-Galp	60%	4.97	3.70	4.13	3.78	3.92	3.70-3.77
1,4,2	b-D-GlcpA	38%	4.88	3.67	3.60	3.43	3.78	-
1,4,2,2	b-D-Galp	38%	4.98	3.78	3.72	4.03	3.75	3.79-3.87
1,4,2,2,6	S	
1,4,2,2,4	a-D-GlcpA	20%	5.20	3.69	3.88	3.50	4.21	-
1,4,2,2,4,2	a-L-Fucp	53%	5.14	3.81	3.93	4.04	3.98	1.25
1,4,2,2,4,2,4	a-D-GlcpA	16%	5.20	3.69	3.98	3.60	4.21	-
1,4,2,2,4,2,4,2	a-D-Galp	51%	5.31	3.89	3.93	3.94	4.31	3.72-3.75
1,4,2,2,4,2,4,2,3	a-L-Fucp	81%	5.05	3.75	3.86	4.04	4.14	1.22
