Lineage	Residue	Trust	C1	C2	C3	C4	C5	C6
	Me	100%	55.9
1	a-D-Manp	38%	102.1	71.2	79.6	75.8	72.8	62.3
1,3	a-D-Manp	100%	103.6	71.0	71.5	68.2	74.7	62.3
1,4	a-D-Galp	100%	101.0	79.2	69.4	70.6	72.2	62.4
1,4,2	b-D-GlcpA	100%	103.6	82.1	76.5	72.3	76.0	174.4
1,4,2,2	b-D-Galp	75%	104.7	71.8	73.6	78.3	75.4	65.1
1,4,2,2,6	S	50%
1,4,2,2,4	a-D-GlcpA	100%	101.1	80.6	72.7	72.5	71.7	173.5
1,4,2,2,4,2	a-L-Fucp	100%	101.6	69.1	70.7	79.9	67.1	16.5
1,4,2,2,4,2,4	a-D-GlcpA	100%	97.4	76.0	72.3	72.5	71.7	173.5
1,4,2,2,4,2,4,2	a-D-Galp	100%	96.9	68.9	78.5	70.2	72.2	62.4
1,4,2,2,4,2,4,2,3	a-L-Fucp	100%	101.6	69.2	70.4	73.0	67.9	16.7
