Linkage	Residue	Trust	H1	H2	H3	H4	H5	H6
	b-D-GlcpN	38%	4.69	3.81	3.57	3.49	3.43	3.54-3.74
2	Ac	98%	-	2.03
4	b-D-GlcpN	34%	4.69	3.60	3.66	3.41	3.42	3.76-3.90
4,2	Ac	98%	-	2.03
4,2	b-D-ManpA	4%	4.61	3.99	3.69	3.74	3.68	-
4,2,3	a-D-Fucp	54%	5.09	4.18	3.87	3.79	4.30	1.22
4,2,2	a-D-Xylp	0%	5.10	3.55	3.70	3.66	3.67-3.76
4,2,2,3	b-L-Fucp	7%	4.65	3.54	3.69	3.79	3.82	1.17
4,2,2,3,3	a-D-GlcpA	81%	5.20	3.56	3.79	3.55	4.28	-
4,2,2,3,4	b-D-ManpA	0%	4.61	3.99	3.69	3.83	3.68	-
4,2,2,3,4,4	b-L-Fucp	35%	4.65	3.54	3.62	3.77	3.91	1.25
4,2,2,3,4,2	a-D-ManpA	20%	5	4.05	4.06	3.74	4.21	-
4,2,2,3,4,2,2	a-D-GlcpN	35%	5.18	3.84	3.84	3.44	4.30	4.06
4,2,2,3,4,2,2,2	Ac	98%	-	2.05
4,2,2,3,4,2,2,6	S	
4,2,2,3,4,2,2,4	b-D-GlcpN	33%	4.69	3.60	3.66	3.41	3.49	3.71-3.97
4,2,2,3,4,2,2,4,2	Ac	98%	-	2.03
4,2,2,3,4,2,2,4,2	a-D-GlcpN	27%	5.20	3.78	3.83	3.57	3.82	4.08-4.17
4,2,2,3,4,2,2,4,2,2	Ac	98%	-	2.05
4,2,2,3,4,2,2,4,2,6	S	
4,2,2,3,4,2,2,4,2,2	a-D-Glcp	22%	5.18	3.58	3.88	3.56	3.83	3.76-3.84
4,2,2,3,4,2,2,4,2,2,6	S	
4,2,2,3,4,2,2,4,2,2,4	a-D-Xylp	57%	5.30	3.59	3.59	3.62	3.55-3.69
