Linkage	Residue	Trust	C1	C2	C3	C4	C5	C6
	b-D-Manp	77%	95.0	71.9	72.5	78.3	76.0	62.3
4	b-D-Manp	46%	101.4	69.2	75.4	75.7	69.9	61.5
4,3	b-D-GlcpA	63%	104.9	74.8	80.5	72.8	77.6	178.5
4,4	a-D-GalpA	59%	97.2	74.2	71.5	71.4	72.2	175.8
4,4,2	a-D-Galp	51%	98.9	68.5	75.9	67.2	72.5	62.6
4,4,2,3	a-D-GlcpN	69%	93.4	54.6	72.6	81.3	73.2	63.1
4,4,2,3,2	Ac	83%	175.3	23.3
4,4,2,3,4	a-D-Glcp	61%	104.9	82.2	73.5	68.8	71.9	64.9
4,4,2,3,4,6	S	
4,4,2,3,4,2	b-D-Glcp	49%	103.1	80.0	74.1	70.5	73.5	63.7
4,4,2,3,4,2,6	S	
4,4,2,3,4,2,2	a-D-GlcpN	68%	100.2	54.7	71.1	79.8	72.1	65.2
4,4,2,3,4,2,2,2	Ac	83%	175.3	23.3
4,4,2,3,4,2,2,6	S	
4,4,2,3,4,2,2,4	b-D-Xylp	60%	104.6	74.6	75.2	77.3	65.4
4,4,2,3,4,2,2,4,4	a-D-Manp	23%	101.6	73.9	71.3	74.4	75.5	62.2
4,4,2,3,4,2,2,4,4,2	a-D-GlcpA	67%	101.0	73.0	74.0	73.8	73.2	177.3
4,4,2,3,4,2,2,4,4,4	a-D-GlcpN	45%	97.8	54.6	71.4	71.0	73.8	61.2
4,4,2,3,4,2,2,4,4,4,2	Ac	83%	175.3	23.3
4,4,2,3,4,2,2,4,4,4,2	b-D-GlcpN	51%	102.2	55.5	79.6	70.9	77.0	61.6
4,4,2,3,4,2,2,4,4,4,2,2	Ac	88%	175.6	23.4
4,4,2,3,4,2,2,4,4,4,2,3	a-D-GlcpN	48%	99.0	54.7	71.4	77.4	73.0	61.2
4,4,2,3,4,2,2,4,4,4,2,3,2	Ac	83%	175.3	23.3
4,4,2,3,4,2,2,4,4,4,2,3,4	a-D-ManpA	64%	101.6	71.2	71.3	69.5	73.7	175.9
