Linkage	Residue	Trust	H1	H2	H3	H4	H5	H6	H7	H8	H9
	Me	98%	3.57
1	b-D-Fucp	59%	4.35	3.70	3.82	4.02	3.84	1.26
1,3	b-D-Fucp	17%	4.65	3.65	3.68	3.69	3.85	1.27
1,3,2	b-L-Fucp	25%	4.46	3.54	3.69	3.73	3.82	1.20
1,3,2,3	a-Neup	34%	-	-	1.76-2.73	3.73	3.86	3.74	3.58	3.86	3.64-3.87
1,3,2,3,5	Ac	99%	-	2.03
1,3,2,3,4	b-D-ManpA	28%	4.61	3.99	3.60	3.74	3.67	-
1,3,2,3,4,2	b-D-GlcpN	30%	4.81	3.58	3.69	3.60	3.54	4.09-4.16
1,3,2,3,4,2,2	Ac	98%	-	2.03
1,3,2,3,4,2,6	S	
1,3,2,3,4,2,3	a-D-Xylp	15%	5.10	3.61	3.70	3.98	3.67-3.76
1,3,2,3,4,2,3,4	b-D-Glcp	26%	5.10	3.36	3.75	3.70	3.53	3.56
1,3,2,3,4,2,3,4,3	b-D-ManpA	33%	4.91	3.50	3.69	3.83	3.89	-
1,3,2,3,4,2,3,4,3,3	b-D-Glcp	62%	4.84	3.37	3.51	3.38	3.45	3.74-3.89
1,3,2,3,4,2,3,4,3,4	b-D-Fucp	40%	4.73	3.93	3.93	3.89	3.82	1.25
1,3,2,3,4,2,3,4,3,4,3	a-D-GlcpA	42%	5.13	3.66	3.78	3.61	4.20	-
1,3,2,3,4,2,3,4,3,4,2	a-D-Glcp	28%	5.19	3.58	3.87	3.70	3.84	4.06-4.14
1,3,2,3,4,2,3,4,3,4,2,6	S	
1,3,2,3,4,2,3,4,3,4,2,3	a-D-Glcp	62%	5.36	3.60	3.75	3.58	3.91	3.71-3.76
