Linkage	Residue	Trust	C1	C2	C3	C4	C5	C6
	b-D-Fucp	66%	97.2	73.1	74.8	82.1	71.6	16.8
4	b-D-Fucp	26%	103.6	72.2	74.9	82.1	71.7	17.2
4,3	b-D-Manp	63%	102.5	71.6	74.0	68.0	77.5	62.1
4,4	b-D-Glcp	49%	105.1	75.0	77.2	78.6	77.3	65.4
4,4,6	S	
4,4,4	a-D-GlcpN	40%	98.2	54.6	71.4	70.6	73.1	65.5
4,4,4,2	Ac	83%	175.3	23.3
4,4,4,6	S	
4,4,4,2	b-D-Xylp	25%	103.7	76.2	75.6	76.7	64.1
4,4,4,2,4	b-D-Galp	53%	100.9	75.2	72.8	69.3	75.8	65.3
4,4,4,2,4,6	S	
4,4,4,2,4,2	a-D-Xylp	29%	98.5	72.7	72.9	77.3	61.4
4,4,4,2,4,2,4	b-D-GalpA	69%	102.4	73.3	72.6	77.4	74.6	174.3
4,4,4,2,4,2,4,4	a-D-Glcp	75%	100.6	72.9	74.1	70.5	73.1	61.6
