Linkage	Residue	Trust	H1	H2	H3	H4	H5	H6
	b-D-Fucp	74%	4.60	3.48	3.83	4.11	3.94	1.40
4	b-D-Fucp	19%	4.68	3.54	3.69	3.79	3.82	1.40
4,3	b-D-Manp	56%	4.90	4.04	3.64	3.57	3.38	3.72-3.92
4,4	b-D-Glcp	58%	4.79	3.40	3.62	3.57	3.64	3.80-3.90
4,4,6	S	
4,4,4	a-D-GlcpN	32%	5.20	3.78	3.83	3.43	3.76	4.08-4.15
4,4,4,2	Ac	98%	-	2.05
4,4,4,6	S	
4,4,4,2	b-D-Xylp	29%	4.50	3.31	3.58	3.79	4.10
4,4,4,2,4	b-D-Galp	58%	4.85	3.49	3.74	4.01	3.72	4-4.02
4,4,4,2,4,6	S	
4,4,4,2,4,2	a-D-Xylp	18%	5.22	3.61	3.70	3.87	3.67-3.76
4,4,4,2,4,2,4	b-D-GalpA	25%	4.76	3.68	3.70	4.43	4.18	-
4,4,4,2,4,2,4,4	a-D-Glcp	62%	4.98	3.52	3.74	3.44	3.89	3.77-3.85
