Linkage	Residue	Trust	C1	C2	C3	C4	C5	C6
	Me	84%	58.1
1	b-D-GlcpA	78%	103.9	74.0	76.9	78.0	77.3	175.4
1,4	a-D-Galp	63%	99.7	69.2	81.0	70.3	71.3	62.0
1,4,6	S	
1,4,3	b-D-GalpA	23%	103.9	71.2	73.6	81.4	75.7	174.5
1,4,3,3	a-L-Fucp	65%	104.1	71.1	71.0	73.1	68.8	16.5
1,4,3,4	b-D-Galp	61%	103.3	72.9	76.5	68.5	72.5	62.4
1,4,3,4,3	S	
1,4,3,4,2	a-D-Galp	58%	98.3	69.7	69.3	78.6	72.3	65.3
1,4,3,4,2,6	S	
1,4,3,4,2,4	a-D-Galp	67%	100.8	77.9	70.3	69.9	71.4	66.0
1,4,3,4,2,4,6	S	
1,4,3,4,2,4,2	b-D-Fucp	57%	102.8	72.5	83.4	73.0	71.6	16.3
1,4,3,4,2,4,2,3	b-D-Xylp	25%	105.1	74.0	76.2	72.9	65.5
1,4,3,4,2,4,2,3,4	a-D-GlcpN	26%	96.2	54.6	71.4	71.0	75.5	62.6
1,4,3,4,2,4,2,3,4,2	Ac	83%	175.3	23.3
1,4,3,4,2,4,2,3,4,2	b-L-Fucp	17%	98.2	72.2	74.9	76.0	71.7	16.0
1,4,3,4,2,4,2,3,4,2,4	a-D-Manp	74%	102.9	71.4	71.4	67.7	74.1	61.9
1,4,3,4,2,4,2,3,4,2,3	b-D-Xylp	25%	105.1	74.0	76.2	72.9	65.5
1,4,3,4,2,4,2,3,4,2,3,4	a-D-GlcpN	51%	96.1	54.8	72.1	71.0	75.5	62.6
1,4,3,4,2,4,2,3,4,2,3,4,2	Ac	83%	175.3	23.3
