Linkage	Residue	Trust	H1	H2	H3	H4	H5	H6
	Me	98%	3.57
1	b-D-GlcpA	71%	4.40	3.41	3.74	3.80	3.87	-
1,4	a-D-Galp	72%	5.47	4.06	3.95	4.17	4	3.73-3.76
1,4,6	S	
1,4,3	b-D-GalpA	7%	4.66	3.60	3.78	4.30	4.18	-
1,4,3,3	a-L-Fucp	54%	5.05	3.75	3.87	3.79	4.30	1.22
1,4,3,4	b-D-Galp	37%	4.48	3.62	4.24	4.21	3.90	3.61
1,4,3,4,3	S	
1,4,3,4,2	a-D-Galp	39%	5.38	3.81	3.86	4.04	4.02	4.17
1,4,3,4,2,6	S	
1,4,3,4,2,4	a-D-Galp	38%	5.11	3.90	4.01	3.88	4.10	4-4.04
1,4,3,4,2,4,6	S	
1,4,3,4,2,4,2	b-D-Fucp	57%	4.56	3.51	3.82	4.02	3.79	1.23
1,4,3,4,2,4,2,3	b-D-Xylp	22%	4.75	3.39	3.48	3.66	3.35-3.99
1,4,3,4,2,4,2,3,4	a-D-GlcpN	16%	5.20	3.78	3.83	3.55	3.62	3.69-3.80
1,4,3,4,2,4,2,3,4,2	Ac	98%	-	2.05
1,4,3,4,2,4,2,3,4,2	b-L-Fucp	10%	4.65	3.54	3.69	3.79	3.82	1.23
1,4,3,4,2,4,2,3,4,2,4	a-D-Manp	68%	5.25	4.08	3.86	3.70	3.90	3.67-3.79
1,4,3,4,2,4,2,3,4,2,3	b-D-Xylp	11%	4.50	3.42	3.48	3.66	3.35-3.99
1,4,3,4,2,4,2,3,4,2,3,4	a-D-GlcpN	29%	5.24	3.75	3.76	3.53	3.62	3.69-3.80
1,4,3,4,2,4,2,3,4,2,3,4,2	Ac	98%	-	2.05
