Linkage	Residue	Trust	C1	C2	C3	C4	C5	C6
	Me	76%	56.2
1	a-L-Fucp	60%	100.6	77.2	69.3	71.8	68.7	16.5
1,2	a-L-Fucp	45%	103.0	70.3	75.4	80.1	68.3	18.0
1,2,3	a-D-Fucp	80%	104.1	69.8	70.4	73.1	68.9	16.8
1,2,4	b-D-GlcpN	42%	102.5	56.4	74.1	71.3	77.2	62.1
1,2,4,2	Ac	88%	175.6	23.4
1,2,4,2	b-D-Glcp	42%	103.5	74.3	75.0	79.3	71.8	65.1
1,2,4,2,6	S	
1,2,4,2,4	b-D-Fucp	48%	103.6	83.1	73.3	72.4	71.7	16.1
1,2,4,2,4,2	b-D-Xylp	45%	104.8	76.5	79.3	70.7	65.5
1,2,4,2,4,2,2	b-D-Glcp	69%	104.3	74.8	76.6	70.5	76.9	62.0
