Linkage	Residue	Trust	C1	C2	C3	C4	C5	C6
	b-D-ManpA	69%	95.1	70.6	73.4	79.5	77.4	175.9
4	b-D-ManpA	45%	101.1	71.3	73.6	74.5	76.6	174.8
4,4	a-D-GlcpN	43%	98.1	54.4	72.8	77.5	72.7	64.8
4,4,2	Ac	83%	175.3	23.3
4,4,6	S	
4,4,4	a-D-Galp	63%	99.8	69.3	80.5	70.1	76.6	65.6
4,4,4,6	S	
4,4,4,3	b-D-GalpA	60%	105.1	72.2	73.6	80.1	76.5	174.3
4,4,4,3,4	b-D-GlcpN	45%	102.5	56.4	74.9	71.3	75.7	62.1
4,4,4,3,4,2	Ac	88%	175.6	23.4
4,4,4,3,4,2	a-D-Glcp	41%	99.2	77.7	71.8	70.3	72.3	64.9
4,4,4,3,4,2,6	S	
4,4,4,3,4,2,2	a-D-Galp	63%	99.4	71.6	72.7	81.4	73.2	63.3
4,4,4,3,4,2,2,6	S	
4,4,4,3,4,2,2,4	b-D-Galp	57%	104.8	72.0	78.6	70.5	75.4	65.3
4,4,4,3,4,2,2,4,6	S	
4,4,4,3,4,2,2,4,3	a-D-ManpA	49%	96.0	79.0	71.5	73.3	73.1	175.8
4,4,4,3,4,2,2,4,3,2	b-D-Xylp	34%	105.0	74.6	76.2	72.9	65.5
4,4,4,3,4,2,2,4,3,2,4	a-D-Glcp	42%	99.2	77.9	72.7	70.5	75.5	64.9
4,4,4,3,4,2,2,4,3,2,4,6	S	
4,4,4,3,4,2,2,4,3,2,4,2	a-D-GlcpN	43%	98.8	55.0	72.7	77.5	72.6	69.4
4,4,4,3,4,2,2,4,3,2,4,2,2	Ac	83%	175.3	23.3
4,4,4,3,4,2,2,4,3,2,4,2,6	S	
4,4,4,3,4,2,2,4,3,2,4,2,4	a-D-Glcp	67%	98.8	72.2	73.8	70.1	73.7	61.4
