Linkage	Residue	Trust	H1	H2	H3	H4	H5	H6
	b-D-ManpA	76%	4.89	3.99	3.71	3.88	3.69	-
4	b-D-ManpA	31%	4.62	3.97	3.69	3.83	3.87	-
4,4	a-D-GlcpN	33%	5.34	3.88	4.60	3.80	3.94	3.65-3.95
4,4,2	Ac	98%	-	2.05
4,4,6	S	
4,4,4	a-D-Galp	55%	5.40	3.96	4.03	4.25	3.74	4-4.03
4,4,4,6	S	
4,4,4,3	b-D-GalpA	58%	4.78	3.63	4.24	4.34	3.85	-
4,4,4,3,4	b-D-GlcpN	28%	4.69	3.60	3.66	3.56	3.59	3.76-3.92
4,4,4,3,4,2	Ac	98%	-	2.03
4,4,4,3,4,2	a-D-Glcp	31%	5.18	3.59	3.88	3.53	3.87	4.06-4.15
4,4,4,3,4,2,6	S	
4,4,4,3,4,2,2	a-D-Galp	75%	5.18	3.93	4	4.23	4.22	3.72-3.79
4,4,4,3,4,2,2,6	S	
4,4,4,3,4,2,2,4	b-D-Galp	35%	4.66	3.60	3.79	3.98	3.70	4.01
4,4,4,3,4,2,2,4,6	S	
4,4,4,3,4,2,2,4,3	a-D-ManpA	56%	5.15	4.15	3.93	3.74	4.21	-
4,4,4,3,4,2,2,4,3,2	b-D-Xylp	27%	4.39	3.47	3.48	3.66	3.35-3.99
4,4,4,3,4,2,2,4,3,2,4	a-D-Glcp	24%	5.18	3.59	3.96	3.51	3.62	4.06-4.15
4,4,4,3,4,2,2,4,3,2,4,6	S	
4,4,4,3,4,2,2,4,3,2,4,2	a-D-GlcpN	58%	5.01	4.01	3.97	3.59	3.88	4.02-4.22
4,4,4,3,4,2,2,4,3,2,4,2,2	Ac	98%	-	2.05
4,4,4,3,4,2,2,4,3,2,4,2,6	S	
4,4,4,3,4,2,2,4,3,2,4,2,4	a-D-Glcp	81%	5.46	3.59	3.64	3.46	3.69	3.80-3.86
