Linkage	Residue	Trust	H1	H2	H3	H4	H5	H6
	Me	98%	3.57
1	b-D-GalpA	52%	4.57	3.67	3.72	4.22	4.14	-
1,2	a-D-GlcpN	47%	5.01	3.76	3.93	3.75	3.93	4.04-4.15
1,2,2	Ac	98%	-	2.05
1,2,6	S	
1,2,3	a-D-GlcpN	34%	5.20	3.78	3.83	3.63	3.71	3.84
1,2,3,2	Ac	98%	-	2.05
1,2,3,2	b-D-Fucp	15%	4.65	3.54	3.74	3.79	3.82	1.32
1,2,3,2,4	b-D-Manp	71%	4.78	4.35	3.76	3.69	3.53	3.84-4.01
1,2,3,2,4,2	a-D-GlcpN	25%	5.20	3.78	3.83	4.10	4.03	4.08-4.15
1,2,3,2,4,2,2	Ac	98%	-	2.05
1,2,3,2,4,2,6	S	
1,2,3,2,4,2,2	b-D-Galp	39%	4.54	3.60	3.81	4.16	3.56	3.70
1,2,3,2,4,2,2,6	S	
1,2,3,2,4,2,2,3	b-D-Glcp	45%	4.68	3.36	3.75	3.70	3.47	3.75-3.92
1,2,3,2,4,2,2,3,3	b-D-ManpA	67%	4.88	4.43	3.82	3.74	3.75	-
1,2,3,2,4,2,2,3,3,2	b-D-GlcpN	25%	4.55	3.73	3.66	3.59	3.52	3.75-3.90
1,2,3,2,4,2,2,3,3,2,2	Ac	98%	-	2.03
1,2,3,2,4,2,2,3,3,2,4	b-L-Fucp	23%	4.65	3.54	3.68	3.79	3.82	1.19
1,2,3,2,4,2,2,3,3,2,4,4	b-D-Manp	28%	4.83	4.13	3.72	3.59	3.40	3.74-3.94
1,2,3,2,4,2,2,3,3,2,4,4,2	b-L-Fucp	41%	4.65	3.54	3.57	3.89	3.87	1.21
1,2,3,2,4,2,2,3,3,2,4,4,2,4	b-D-Galp	40%	4.63	3.60	3.63	4.05	3.75	3.78-3.90
1,2,3,2,4,2,2,3,3,2,4,4,2,4,3	a-D-Glcp	59%	5.17	3.66	3.86	3.66	3.82	3.82-3.89
1,2,3,2,4,2,2,3,3,2,4,4,2,4,3,4	a-D-Glcp	39%	5.06	3.56	3.74	3.43	3.68	3.68-3.76
