Linkage	Residue	Trust	H1	H2	H3	H4	H5	H6
	Me	98%	3.57
1	b-D-Fucp	47%	4.84	3.65	3.52	4.11	3.94	1.24
1,2	b-D-Fucp	57%	5.08	3.60	3.62	3.77	3.91	1.25
1,4	b-D-GalpA	22%	4.72	3.59	3.52	4.45	4.43	-
1,4,4	b-D-Fucp	53%	4.78	3.61	3.62	3.77	3.91	1.25
1,4,2	b-D-Fucp	42%	4.69	3.60	3.72	4	3.82	1.32
1,4,2,4	a-D-GalpA	65%	5.17	4	4.06	4.52	4.82	-
1,4,2,4,3	a-D-GlcpN	33%	5.20	3.78	3.83	3.73	3.96	3.76-3.83
1,4,2,4,3,2	Ac	98%	-	2.05
1,4,2,4,3,2	a-D-GlcpN	21%	5.20	3.78	3.83	3.57	3.96	4.08-4.15
1,4,2,4,3,2,2	Ac	98%	-	2.05
1,4,2,4,3,2,6	S	
1,4,2,4,3,2,2	b-D-Galp	25%	4.54	3.60	3.72	4.12	3.74	3.79-3.86
1,4,2,4,3,2,2,6	S	
1,4,2,4,3,2,2,4	b-D-Galp	69%	4.62	3.51	3.64	4.01	3.68	3.71-3.75
1,4,2,4,3,2,2,4,6	S	
1,4,2,4,3,2,2,4,4	b-D-Galp	55%	4.74	3.90	3.52	4.18	3.68	3.76-3.79
1,4,2,4,3,2,2,4,4,3	S	
1,4,2,4,3,2,2,4,4,2	b-D-GalpA	64%	4.72	3.60	3.90	4.22	4.15	-
