Linkage	Residue	Trust	C1	C2	C3	C4	C5	C6	C7	C8	C9
	b-D-Glcp	59%	103.3	79.9	75.4	78.8	75.8	61.9
2	b-D-Glcp	80%	103.5	74.7	76.5	70.3	76.7	61.9
4	a-D-Glcp	33%	100.6	72.3	74.5	70.6	72.4	64.9
4,6	S	
4,3	b-Neup	43%	175.5	96.9	40.9	78.0	51.4	70.7	69.8	71.9	64.6
4,3,5	Ac	83%	176.3	23.6
4,3,4	b-D-GlcpN	27%	102.2	56.4	74.1	71.3	76.0	61.7
4,3,4,2	Ac	88%	175.6	23.4
4,3,4,2	b-D-Glcp	38%	103.5	74.4	77.0	78.6	76.2	65.4
4,3,4,2,6	S	
4,3,4,2,4	a-D-GlcpN	46%	98.1	54.4	71.9	77.5	69.4	64.8
4,3,4,2,4,2	Ac	83%	175.3	23.3
4,3,4,2,4,6	S	
4,3,4,2,4,4	a-D-Galp	45%	99.8	69.4	74.3	70.1	76.6	65.6
4,3,4,2,4,4,6	S	
4,3,4,2,4,4,3	b-L-Fucp	43%	105.0	71.6	74.9	76.8	71.7	16.8
4,3,4,2,4,4,3,3	a-D-GlcpN	34%	94.4	54.6	71.4	71.0	72.7	62.1
4,3,4,2,4,4,3,3,2	Ac	83%	175.3	23.3
4,3,4,2,4,4,3,3,2	a-D-GalpA	51%	99.6	69.1	70.0	71.3	72.6	175.9
