Linkage	Residue	Trust	H1	H2	H3	H4	H5	H6
	Me	95%	3.54
1	b-D-ManpA	13%	4.59	3.99	3.69	3.83	3.86	-
1,3	b-D-ManpA	53%	4.86	4.01	3.66	3.74	3.67	-
1,4	a-D-GlcpN	17%	5.20	3.78	3.83	3.55	3.83	3.74-3.82
1,4,2	Ac	98%	-	2.05
1,4,2	b-D-Galp	40%	4.53	3.62	3.95	4.06	3.83	4-4.02
1,4,2,6	S	
1,4,2,2	b-D-Galp	44%	5.14	3.60	3.77	4.15	3.66	3.56
1,4,2,2,3	S	
1,4,2,2,4	b-D-ManpA	16%	4.89	3.99	3.74	3.74	3.83	-
1,4,2,2,4,3	b-D-Glcp	54%	4.90	3.37	3.58	3.45	3.45	3.73-3.88
1,4,2,2,4,3,2	a-D-Fucp	41%	5.26	3.35	3.97	3.83	4.29	1.22
1,4,2,2,4,3,2,2	b-D-Manp	54%	4.78	4.12	3.87	3.71	3.45	3.76-3.89
1,4,2,2,4,3,2,2,3	b-D-GlcpA	50%	4.68	3.56	3.44	3.55	3.73	-
