Linkage	Residue	Trust	C1	C2	C3	C4	C5	C6
	a-D-Glcp	77%	93.3	72.2	72.7	79.6	71.6	60.8
4	b-D-Glcp	70%	103.6	74.1	75.6	80.5	71.1	67.0
4,6	a-D-Xylp	80%	99.4	72.3	73.8	70.3	62.2
4,4	b-D-Glcp	67%	103.6	73.6	74.8	80.2	74.1	67.0
4,4,6	a-D-Xylp	80%	99.4	72.3	73.8	70.3	62.2
4,4,4	b-D-Glcp	45%	103.6	74.5	74.8	80.2	74.1	67.0
4,4,4,4	b-D-Glcp	59%	104.6	71.3	76.9	75.4	77.8	62.7
4,4,4,4,4	b-D-Glcp	67%	103.6	73.6	74.8	80.2	74.1	67.0
4,4,4,4,4,6	a-D-Xylp	67%	100.0	80.8	72.8	70.8	61.8
4,4,4,4,4,6,2	b-D-Galp	68%	104.0	77.5	74.2	70.2	75.7	61.8
4,4,4,4,4,6,2,2	a-L-Fucp	87%	100.5	69.2	70.7	73.0	67.5	16.3
4,4,4,4,4,4	b-D-Glcp	67%	103.6	73.6	74.8	80.2	74.1	67.0
4,4,4,4,4,4,6	a-D-Xylp	80%	99.4	72.3	73.8	70.3	62.2
4,4,4,4,4,4,4	b-D-Glcp	67%	103.7	73.8	76.4	70.3	75.1	66.7
4,4,4,4,4,4,4,6	a-D-Xylp	80%	99.4	72.3	73.8	70.3	62.2
4,4,4,6	a-D-Xylp	80%	99.4	72.3	73.8	70.3	62.2
4,4,4,2	a-L-Araf	46%	109.1	81.6	77.1	84.8	62.8
