Linkage	Residue	Trust	C1	C2	C3	C4	C5	C6	C7	C8	C9
	Me	83%	57.7
1	b-D-ManpA	58%	94.4	81.8	72.2	69.5	77.2	176.4
1,2	b-D-Galp	53%	105.2	75.2	72.8	70.4	75.8	65.3
1,2,6	S	
1,2,2	a-D-Galp	55%	97.5	69.7	77.5	68.0	70.8	65.6
1,2,2,6	S	
1,2,2,3	a-D-GalpA	28%	97.0	69.0	71.5	70.4	72.1	176.2
1,2,2,3,3	b-Neup	38%	175.1	96.9	40.2	67.4	54.2	70.7	69.8	73.1	64.1
1,2,2,3,3,5	Ac	83%	176.3	23.6
1,2,2,3,3,4	a-D-ManpA	8%	98.9	68.7	76.5	73.3	73.1	175.9
1,2,2,3,3,4,3	b-D-GlcpA	61%	104.9	74.0	76.9	73.4	77.6	176.3
1,2,2,3,3,4,4	b-D-ManpA	47%	98.5	76.7	73.3	69.5	77.0	176.5
1,2,2,3,3,4,4,2	b-D-ManpA	59%	102.3	71.7	72.5	79.5	77.4	175.9
1,2,2,3,3,4,4,2,4	b-D-ManpA	50%	101.1	73.2	73.6	74.5	76.6	175.4
1,2,2,3,3,4,4,2,4,4	a-D-Galp	64%	104.9	75.2	73.7	69.0	71.2	61.6
1,2,2,3,3,4,4,2,4,4,3	S	
1,2,2,3,3,4,4,2,4,4,2	b-D-Glcp	76%	104.3	73.7	76.0	70.9	76.4	61.9
