Linkage	Residue	Trust	C1	C2	C3	C4	C5	C6
	Me	87%	58.0
1	b-D-Galp	55%	104.2	74.3	78.5	72.4	76.1	62.3
1,2	b-D-Galp	68%	107.0	72.3	73.8	69.5	75.2	59.5
1,3	a-D-GalpA	35%	96.4	70.3	71.5	81.9	72.1	175.4
1,3,3	b-L-Fucp	66%	104.8	73.4	73.7	72.4	71.9	16.1
1,3,4	b-D-Galp	54%	100.6	80.3	78.6	71.4	75.3	61.9
1,3,4,3	S	
1,3,4,2	b-D-GlcpA	53%	101.1	75.1	78.4	82.0	75.6	175.2
1,3,4,2,4	b-D-Xylp	69%	102.7	79.5	75.7	70.5	66.2
1,3,4,2,4,2	a-D-Fucp	62%	92.9	73.3	71.2	73.1	68.2	16.8
1,3,4,2,4,2,2	a-D-Glcp	32%	103.0	78.9	73.7	74.2	72.4	62.0
1,3,4,2,4,2,2,2	b-D-Xylp	65%	103.4	76.6	72.4	70.8	66.2
1,3,4,2,4,2,2,4	a-D-Galp	52%	100.6	69.0	72.7	77.9	69.6	61.9
1,3,4,2,4,2,2,4,3	S	
1,3,4,2,4,2,2,4,4	a-D-Galp	55%	103.5	69.4	75.3	68.0	71.5	65.6
1,3,4,2,4,2,2,4,4,6	S	
1,3,4,2,4,2,2,4,4,3	a-D-Glcp	66%	93.0	76.9	79.2	69.1	72.5	61.7
1,3,4,2,4,2,2,4,4,3,3	b-D-Xylp	64%	105.1	75.4	77.0	70.8	66.2
1,3,4,2,4,2,2,4,4,3,2	a-D-Galp	58%	96.7	68.0	80.1	70.2	70.8	65.6
1,3,4,2,4,2,2,4,4,3,2,6	S	
1,3,4,2,4,2,2,4,4,3,2,3	b-D-Xylp	39%	105.1	81.6	76.2	74.3	65.5
1,3,4,2,4,2,2,4,4,3,2,3,2	b-D-GlcpN	72%	102.5	57.0	75.0	71.2	77.0	62.0
1,3,4,2,4,2,2,4,4,3,2,3,2,2	Ac	88%	175.6	23.4
