Linkage	Residue	Trust	H1	H2	H3	H4	H5	H6
	Me	97%	3.56
1	b-D-Galp	36%	4.54	3.62	3.76	4.03	3.66	3.76-3.82
1,2	b-D-Galp	78%	5.14	3.59	3.90	3.92	3.97	3.56
1,3	a-D-GalpA	12%	5.13	3.90	4.04	4.41	4.54	-
1,3,3	b-L-Fucp	35%	4.65	3.54	3.62	3.77	3.91	1.25
1,3,4	b-D-Galp	55%	5.06	3.90	4.31	3.78	3.40	3.67-3.87
1,3,4,3	S	
1,3,4,2	b-D-GlcpA	58%	4.72	3.55	3.38	3.26	3.90	-
1,3,4,2,4	b-D-Xylp	60%	4.46	3.46	3.57	3.59	3.64-3.78
1,3,4,2,4,2	a-D-Fucp	68%	5.58	4.01	4.04	3.81	4.28	1.27
1,3,4,2,4,2,2	a-D-Glcp	13%	5.18	3.54	3.79	3.67	3.81	3.76-3.88
1,3,4,2,4,2,2,2	b-D-Xylp	57%	4.59	3.31	3.43	3.63	3.34-3.94
1,3,4,2,4,2,2,4	a-D-Galp	55%	5.34	4.12	3.69	4.03	3.50	3.63-3.68
1,3,4,2,4,2,2,4,3	S	
1,3,4,2,4,2,2,4,4	a-D-Galp	53%	5.09	4.10	4.11	4.06	4.18	4-4.03
1,3,4,2,4,2,2,4,4,6	S	
1,3,4,2,4,2,2,4,4,3	a-D-Glcp	52%	5.29	3.59	4.17	3.58	3.94	3.79-3.83
1,3,4,2,4,2,2,4,4,3,3	b-D-Xylp	62%	4.58	3.36	3.43	3.63	3.34-3.94
1,3,4,2,4,2,2,4,4,3,2	a-D-Galp	58%	5.17	4.08	4.16	4.23	4.36	3.99
1,3,4,2,4,2,2,4,4,3,2,6	S	
1,3,4,2,4,2,2,4,4,3,2,3	b-D-Xylp	36%	4.71	3.66	3.48	3.44	3.32-3.94
1,3,4,2,4,2,2,4,4,3,2,3,2	b-D-GlcpN	68%	4.81	3.73	3.56	3.42	3.68	3.79-3.85
1,3,4,2,4,2,2,4,4,3,2,3,2,2	Ac	98%	-	2.03
