Linkage	Residue	Trust	H1	H2	H3	H4	H5	H6
	a-D-ManpA	72%	5.39	3.98	3.97	3.74	4.02	-
2	a-D-ManpA	52%	5.34	4.11	3.91	3.74	4.21	-
2,2	a-D-Galp	44%	5.20	4.02	4.79	4.19	4.04	3.79-3.80
2,2,3	S	
2,2,4	a-D-Glcp	58%	4.98	3.42	3.90	3.59	4.10	3.70
2,2,4,6	S	
2,2,4,4	a-D-GlcpN	64%	5.66	3.95	3.97	3.59	3.80	4.02-4.22
2,2,4,4,2	Ac	98%	-	2.05
2,2,4,4,6	S	
2,2,4,4,4	a-D-Glcp	48%	5.38	3.66	3.87	3.64	3.82	4.02-4.22
2,2,4,4,4,6	S	
2,2,4,4,4,4	a-D-Glcp	26%	5.18	3.59	3.87	3.48	3.77	4.06-4.15
2,2,4,4,4,4,6	S	
2,2,4,4,4,4,2	a-D-ManpA	18%	5	4.05	3.95	3.74	4.21	-
2,2,4,4,4,4,2,2	a-D-ManpA	57%	5.07	4.09	3.83	3.74	4.21	-
