Linkage	Residue	Trust	C1	C2	C3	C4	C5	C6	C7	C8	C9
	a-D-Glcp	49%	93.0	80.6	81.1	71.7	73.9	62.2
3	a-D-Glcp	62%	100.3	71.3	73.2	70.6	72.1	61.9
2	b-D-Galp	64%	107.4	75.0	78.3	66.3	74.4	65.6
2,6	S	
2,3	a-D-GlcpN	68%	95.3	54.8	71.6	73.9	73.1	60.8
2,3,2	Ac	83%	175.3	23.3
2,3,4	a-D-GalpA	38%	96.4	71.1	71.5	70.6	72.1	175.7
2,3,4,2	a-D-Fucp	69%	103.5	68.5	69.9	73.1	68.8	16.5
2,3,4,3	b-D-Xylp	22%	105.1	74.0	76.2	70.6	65.5
2,3,4,3,3	a-Neup	67%	174.7	101.9	37.7	70.0	53.3	74.4	69.8	73.3	64.2
2,3,4,3,3,5	Ac	83%	54.9	25.1
