Linkage	Residue	Trust	C1	C2	C3	C4	C5	C6
	D-Glca	25%	?	?	69.8	80.2	71.9	62.7
4	b-D-Glcp	49%	103.5	73.7	74.9	80.5	74.3	67.5
4,6	a-D-Xylp	80%	99.4	72.3	73.8	70.3	62.2
4,4	b-D-Glcp	67%	103.6	73.6	74.8	80.2	74.1	67.0
4,4,6	a-D-Xylp	80%	99.4	72.3	73.8	70.3	62.2
4,4,4	b-D-Glcp	52%	103.6	81.6	74.8	80.2	74.1	67.0
4,4,4,4	b-D-Glcp	59%	104.6	71.3	76.9	75.4	77.8	62.7
4,4,4,4,4	b-D-Glcp	67%	103.6	73.6	74.8	80.2	74.1	67.0
4,4,4,4,4,6	a-D-Xylp	67%	100.0	80.8	72.8	70.8	61.8
4,4,4,4,4,6,2	b-D-Galp	68%	104.0	77.5	74.2	70.2	75.7	61.8
4,4,4,4,4,6,2,2	a-L-Fucp	87%	100.5	69.2	70.7	73.0	67.5	16.3
4,4,4,4,4,4	b-D-Glcp	67%	103.6	73.6	74.8	80.2	74.1	67.0
4,4,4,4,4,4,6	a-D-Xylp	80%	99.4	72.3	73.8	70.3	62.2
4,4,4,4,4,4,4	b-D-Glcp	67%	103.7	73.8	76.4	70.3	75.1	66.7
4,4,4,4,4,4,4,6	a-D-Xylp	80%	99.4	72.3	73.8	70.3	62.2
4,4,4,6	a-D-Xylp	80%	99.4	72.3	73.8	70.3	62.2
4,4,4,2	b-D-Xylp	50%	103.9	74.4	76.2	70.2	66.0
4,4,4,2,3	a-L-Araf	69%	108.5	81.4	77.6	84.7	61.5
