Linkage	Residue	Trust	C1	C2	C3	C4	C5	C6	C7	C8	C9
	a-D-Fucp	26%	100.2	69.4	70.8	69.4	69.1	16.8
3	a-D-Fucp	63%	104.1	71.1	71.0	73.1	68.8	16.8
2	a-D-Galp	52%	96.8	69.2	74.5	75.5	72.1	61.8
2,3	S	
2,4	b-D-GlcpN	66%	103.5	56.9	75.5	77.9	76.7	61.4
2,4,2	Ac	88%	175.6	23.4
2,4,4	a-D-Glcp	33%	99.4	72.8	74.5	70.6	72.4	64.9
2,4,4,6	S	
2,4,4,3	b-Neup	42%	173.6	96.9	37.5	72.7	54.2	70.7	69.8	73.1	64.1
2,4,4,3,5	Ac	83%	176.3	23.6
2,4,4,3,4	a-D-GlcpN	54%	94.3	54.1	80.1	70.0	72.7	65.4
2,4,4,3,4,2	Ac	83%	175.3	23.3
2,4,4,3,4,6	S	
2,4,4,3,4,3	b-D-GlcpN	72%	102.3	56.8	73.9	77.9	76.4	62.1
2,4,4,3,4,3,2	Ac	88%	175.6	23.4
2,4,4,3,4,3,4	a-D-Glcp	68%	104.9	82.2	74.2	70.3	74.0	64.9
2,4,4,3,4,3,4,6	S	
2,4,4,3,4,3,4,2	b-D-Glcp	51%	103.1	72.0	74.1	73.8	73.5	63.7
2,4,4,3,4,3,4,2,6	S	
2,4,4,3,4,3,4,2,4	a-D-Fucp	56%	104.6	72.4	70.4	83.0	67.2	17.2
2,4,4,3,4,3,4,2,4,4	b-D-Glcp	61%	104.1	78.0	86.1	70.3	77.3	62.0
2,4,4,3,4,3,4,2,4,4,3	b-D-Xylp	34%	104.8	75.0	76.2	70.4	67.1
2,4,4,3,4,3,4,2,4,4,3,3	b-Neup	47%	173.6	96.9	40.9	78.0	51.4	70.7	69.8	71.9	64.6
2,4,4,3,4,3,4,2,4,4,3,3,5	Ac	83%	176.3	23.6
2,4,4,3,4,3,4,2,4,4,3,3,4	b-D-GlcpN	23%	102.2	56.4	74.1	70.7	76.0	64.0
2,4,4,3,4,3,4,2,4,4,3,3,4,2	Ac	88%	175.6	23.4
2,4,4,3,4,3,4,2,4,4,3,3,4,6	S	
2,4,4,3,4,3,4,2,4,4,3,3,4,2	b-D-Glcp	55%	103.5	74.8	82.9	69.9	77.2	61.9
2,4,4,3,4,3,4,2,4,4,3,3,4,2,3	a-L-Fucp	63%	99.6	69.0	71.0	73.1	68.8	17.1
