Linkage	Residue	Trust	H1	H2	H3	H4	H5	H6	H7	H8	H9
	a-D-Fucp	22%	5.10	3.89	3.94	3.98	4.14	1.15
3	a-D-Fucp	44%	5.05	3.86	3.87	3.79	4.24	1.19
2	a-D-Galp	46%	5.11	4.03	3.97	4.27	3.91	3.79-3.85
2,3	S	
2,4	b-D-GlcpN	67%	4.77	3.77	3.81	3.70	3.61	5.19
2,4,2	Ac	98%	-	2.03
2,4,4	a-D-Glcp	27%	5.42	3.58	3.81	3.48	3.67	4.08-4.16
2,4,4,6	S	
2,4,4,3	b-Neup	41%	-	-	1.82-2.27	4.03	3.82	4.25	3.58	3.86	3.64-3.87
2,4,4,3,5	Ac	95%	-	2.05
2,4,4,3,4	a-D-GlcpN	40%	4.88	3.76	3.91	3.67	4.10	4.08-4.16
2,4,4,3,4,2	Ac	98%	-	2.05
2,4,4,3,4,6	S	
2,4,4,3,4,3	b-D-GlcpN	76%	4.59	3.71	3.81	3.70	3.54	3.74-3.85
2,4,4,3,4,3,2	Ac	98%	-	2.03
2,4,4,3,4,3,4	a-D-Glcp	49%	4.97	3.59	3.75	3.53	3.67	4.06-4.15
2,4,4,3,4,3,4,6	S	
2,4,4,3,4,3,4,2	b-D-Glcp	43%	4.63	3.37	3.50	3.56	3.49	3.97-4.21
2,4,4,3,4,3,4,2,6	S	
2,4,4,3,4,3,4,2,4	a-D-Fucp	67%	4.94	4.25	4.04	4.17	4.35	1.36
2,4,4,3,4,3,4,2,4,4	b-D-Glcp	61%	5.10	3.68	3.70	3.49	3.43	3.75-3.93
2,4,4,3,4,3,4,2,4,4,3	b-D-Xylp	20%	5.15	3.31	3.49	3.61	3.62-4.18
2,4,4,3,4,3,4,2,4,4,3,3	b-Neup	50%	-	-	1.82-2.27	4	3.95	4.25	3.52	3.77	3.61-3.82
2,4,4,3,4,3,4,2,4,4,3,3,5	Ac	95%	-	2.05
2,4,4,3,4,3,4,2,4,4,3,3,4	b-D-GlcpN	27%	4.69	3.60	3.66	3.57	3.49	4.10-4.19
2,4,4,3,4,3,4,2,4,4,3,3,4,2	Ac	98%	-	2.03
2,4,4,3,4,3,4,2,4,4,3,3,4,6	S	
2,4,4,3,4,3,4,2,4,4,3,3,4,2	b-D-Glcp	40%	4.61	3.36	3.58	3.43	3.45	3.74-3.90
2,4,4,3,4,3,4,2,4,4,3,3,4,2,3	a-L-Fucp	66%	5.39	3.87	4.01	3.79	4.47	1.21
