Linkage	Residue	Trust	C1	C2	C3	C4	C5	C6	C7	C8	C9
	Me	77%	55.6
1	a-D-ManpA	59%	100.2	79.2	71.1	69.5	73.2	175.9
1,2	a-D-ManpA	50%	100.0	79.1	70.6	73.3	73.1	175.8
1,2,2	b-D-Galp	66%	101.8	72.9	76.5	68.5	72.5	61.6
1,2,2,3	S	
1,2,2,2	a-D-Galp	57%	98.3	69.7	70.7	79.7	71.5	62.5
1,2,2,2,6	S	
1,2,2,2,4	b-D-GlcpA	62%	103.5	78.0	81.0	69.9	77.0	176.9
1,2,2,2,4,3	b-D-Xylp	34%	104.0	75.2	76.2	70.7	66.4
1,2,2,2,4,3,3	b-Neup	37%	173.6	96.9	40.2	67.4	54.2	70.7	69.8	73.1	64.1
1,2,2,2,4,3,3,5	Ac	83%	176.3	23.6
1,2,2,2,4,3,3,4	b-D-Glcp	27%	103.5	74.3	77.0	69.8	76.2	65.3
1,2,2,2,4,3,3,4,6	S	
1,2,2,2,4,3,3,4,3	b-L-Fucp	20%	98.2	72.7	73.7	82.0	71.7	16.4
1,2,2,2,4,3,3,4,3,4	b-D-Glcp	72%	104.0	74.8	76.9	70.5	76.9	61.9
1,2,2,2,4,3,3,4,3,2	a-D-Galp	58%	98.2	78.5	69.0	69.9	71.8	66.0
1,2,2,2,4,3,3,4,3,2,6	S	
1,2,2,2,4,3,3,4,3,2,2	a-D-Glcp	61%	97.0	72.5	73.8	78.9	70.7	63.5
1,2,2,2,4,3,3,4,3,2,2,6	S	
1,2,2,2,4,3,3,4,3,2,2,4	b-D-Glcp	63%	103.0	72.6	84.0	69.9	76.3	61.1
1,2,2,2,4,3,3,4,3,2,2,4,6	S	
1,2,2,2,4,3,3,4,3,2,2,4,3	a-D-Glcp	57%	97.4	77.3	71.7	75.7	69.6	60.6
1,2,2,2,4,3,3,4,3,2,2,4,3,2	a-D-Fucp	71%	103.5	69.6	70.4	73.1	68.8	16.5
1,2,2,2,4,3,3,4,3,2,2,4,3,4	b-D-Glcp	58%	103.6	81.6	76.3	68.8	76.2	64.0
1,2,2,2,4,3,3,4,3,2,2,4,3,4,6	S	
1,2,2,2,4,3,3,4,3,2,2,4,3,4,2	b-D-Glcp	61%	103.9	74.7	76.4	78.2	76.5	64.0
1,2,2,2,4,3,3,4,3,2,2,4,3,4,2,6	S	
1,2,2,2,4,3,3,4,3,2,2,4,3,4,2,4	a-L-Fucp	64%	96.9	76.0	70.1	72.0	68.0	16.2
1,2,2,2,4,3,3,4,3,2,2,4,3,4,2,4,2	a-D-Fucp	69%	103.5	71.9	69.0	73.1	68.8	16.5
