Linkage	Residue	Trust	H1	H2	H3	H4	H5	H6	H7	H8	H9
	Me	95%	3.40
1	a-D-ManpA	57%	4.96	3.98	3.88	3.74	4.21	-
1,2	a-D-ManpA	42%	5.21	4.20	3.84	3.74	4.21	-
1,2,2	b-D-Galp	52%	4.69	3.62	4.24	4.21	3.90	3.76-3.78
1,2,2,3	S	
1,2,2,2	a-D-Galp	41%	5.38	3.81	3.99	4.24	3.91	3.67-3.80
1,2,2,2,6	S	
1,2,2,2,4	b-D-GlcpA	72%	5.10	3.68	4.07	3.62	3.74	-
1,2,2,2,4,3	b-D-Xylp	6%	4.60	3.31	3.49	3.61	3.35-3.99
1,2,2,2,4,3,3	b-Neup	34%	-	-	1.82-2.27	4.15	3.82	4.25	3.58	3.86	3.64-3.87
1,2,2,2,4,3,3,5	Ac	95%	-	2.05
1,2,2,2,4,3,3,4	b-D-Glcp	11%	4.61	3.36	3.58	3.46	3.53	4.08-4.15
1,2,2,2,4,3,3,4,6	S	
1,2,2,2,4,3,3,4,3	b-L-Fucp	28%	4.65	3.65	3.68	4.10	3.91	1.28
1,2,2,2,4,3,3,4,3,4	b-D-Glcp	81%	4.63	3.47	3.67	4.01	3.55	3.67-3.79
1,2,2,2,4,3,3,4,3,2	a-D-Galp	35%	5.21	3.90	4.05	3.97	4.25	4-4.04
1,2,2,2,4,3,3,4,3,2,6	S	
1,2,2,2,4,3,3,4,3,2,2	a-D-Glcp	62%	5.16	3.70	3.79	3.67	4.32	4.10-4.29
1,2,2,2,4,3,3,4,3,2,2,6	S	
1,2,2,2,4,3,3,4,3,2,2,4	b-D-Glcp	52%	4.57	3.31	3.55	3.50	3.59	3.78-3.99
1,2,2,2,4,3,3,4,3,2,2,4,6	S	
1,2,2,2,4,3,3,4,3,2,2,4,3	a-D-Glcp	65%	5.53	3.72	4	3.42	3.60	3.80-4.12
1,2,2,2,4,3,3,4,3,2,2,4,3,2	a-D-Fucp	68%	5.22	3.86	3.98	3.79	3.85	1.23
1,2,2,2,4,3,3,4,3,2,2,4,3,4	b-D-Glcp	66%	4.62	3.65	3.78	3.46	3.53	4.10-4.19
1,2,2,2,4,3,3,4,3,2,2,4,3,4,6	S	
1,2,2,2,4,3,3,4,3,2,2,4,3,4,2	b-D-Glcp	38%	4.67	3.29	3.59	3.56	3.60	3.82-3.96
1,2,2,2,4,3,3,4,3,2,2,4,3,4,2,6	S	
1,2,2,2,4,3,3,4,3,2,2,4,3,4,2,4	a-L-Fucp	53%	5.22	3.68	4.04	3.93	4.20	1.23
1,2,2,2,4,3,3,4,3,2,2,4,3,4,2,4,2	a-D-Fucp	64%	5.01	3.87	4.23	3.79	4.30	1.22
