Linkage	Residue	Trust	C1	C2	C3	C4	C5	C6
	Me	87%	58.0
1	b-D-Glcp	67%	104.4	73.4	85.8	69.2	76.6	62.1
1,3	b-D-Glcp	43%	97.9	74.5	76.2	79.9	76.0	61.7
1,3,4	b-D-Manp	81%	101.2	71.8	73.9	67.8	77.1	61.9
1,3,2	a-D-Galp	61%	98.0	69.8	70.7	78.5	71.9	61.4
1,3,2,6	S	
1,3,2,4	b-D-Glcp	58%	104.1	82.8	75.9	71.2	75.4	65.1
1,3,2,4,6	S	
1,3,2,4,2	b-D-GlcpN	55%	102.2	57.0	81.4	72.5	75.9	66.0
1,3,2,4,2,2	Ac	88%	175.6	23.4
1,3,2,4,2,6	S	
1,3,2,4,2,3	a-D-Manp	53%	102.1	71.3	70.5	79.9	73.0	61.1
1,3,2,4,2,3,4	a-D-GlcpA	51%	101.2	70.6	78.9	73.0	73.1	175.9
1,3,2,4,2,3,4,3	a-D-Fucp	48%	99.6	72.3	69.3	72.9	68.2	16.5
1,3,2,4,2,3,4,3,2	a-D-GlcpN	50%	98.8	55.0	81.3	71.6	72.7	65.4
1,3,2,4,2,3,4,3,2,2	Ac	83%	175.3	23.3
1,3,2,4,2,3,4,3,2,6	S	
1,3,2,4,2,3,4,3,2,3	a-D-GalpA	64%	102.3	68.4	79.5	68.5	72.7	174.8
1,3,2,4,2,3,4,3,2,3,3	b-D-ManpA	41%	104.2	65.3	73.0	73.3	76.5	176.5
1,3,2,4,2,3,4,3,2,3,3,3	a-D-GlcpN	69%	100.5	53.4	72.1	71.0	73.2	61.7
1,3,2,4,2,3,4,3,2,3,3,3,2	Ac	83%	175.3	23.3
