Linkage	Residue	Trust	H1	H2	H3	H4	H5	H6
	Me	97%	3.58
1	b-D-Glcp	71%	4.41	3.48	3.75	3.52	3.52	3.70-3.85
1,3	b-D-Glcp	50%	4.90	3.38	3.56	3.69	3.54	3.71-3.90
1,3,4	b-D-Manp	65%	4.67	3.76	3.71	3.68	3.54	3.77-3.92
1,3,2	a-D-Galp	55%	5.46	4.18	3.90	4.18	3.91	3.72-3.84
1,3,2,6	S	
1,3,2,4	b-D-Glcp	51%	4.48	3.37	3.54	3.39	3.71	4.08-4.15
1,3,2,4,6	S	
1,3,2,4,2	b-D-GlcpN	52%	4.76	3.58	3.72	3.47	3.62	4.13-4.25
1,3,2,4,2,2	Ac	98%	-	2.03
1,3,2,4,2,6	S	
1,3,2,4,2,3	a-D-Manp	39%	5.24	4.06	3.94	3.91	3.98	3.77
1,3,2,4,2,3,4	a-D-GlcpA	44%	5.32	3.51	3.87	4.06	4.24	-
1,3,2,4,2,3,4,3	a-D-Fucp	25%	5.10	3.89	4.04	3.83	4.29	1.22
1,3,2,4,2,3,4,3,2	a-D-GlcpN	38%	5.01	3.76	3.96	3.60	4.05	4.08-4.16
1,3,2,4,2,3,4,3,2,2	Ac	98%	-	2.05
1,3,2,4,2,3,4,3,2,6	S	
1,3,2,4,2,3,4,3,2,3	a-D-GalpA	30%	5.35	3.90	4.05	4.38	4.41	-
1,3,2,4,2,3,4,3,2,3,3	b-D-ManpA	45%	4.89	3.99	3.83	3.76	3.73	-
1,3,2,4,2,3,4,3,2,3,3,3	a-D-GlcpN	56%	4.85	4.29	3.76	3.53	3.94	3.79-3.85
1,3,2,4,2,3,4,3,2,3,3,3,2	Ac	98%	-	2.05
