Linkage	Residue	Trust	H1	H2	H3	H4	H5	H6
	Me	97%	3.42
1	a-D-Fucp	31%	5.10	3.89	3.91	3.90	4.47	1.33
1,4	a-D-Fucp	81%	5.19	3.81	3.87	3.85	4.30	1.21
1,2	b-D-Galp	43%	4.53	3.62	3.72	3.93	3.66	3.76
1,2,2	a-D-GlcpN	26%	5.20	3.78	3.83	3.43	3.98	4.08-4.15
1,2,2,2	Ac	98%	-	2.05
1,2,2,6	S	
1,2,2,2	b-D-Glcp	34%	4.61	3.36	3.62	3.57	3.64	3.80-3.90
1,2,2,2,6	S	
1,2,2,2,4	a-D-GlcpN	65%	5.22	3.99	4	3.60	3.76	4.10-4.17
1,2,2,2,4,2	Ac	98%	-	2.05
1,2,2,2,4,6	S	
1,2,2,2,4,3	a-D-Fucp	48%	5.44	3.84	4.02	3.68	4.33	1.45
1,2,2,2,4,3,4	a-D-Manp	62%	4.90	3.98	3.86	3.70	3.78	3.76-3.96
