Linkage	Residue	Trust	C1	C2	C3	C4	C5	C6	C7	C8	C9
	Me	83%	55.7
1	a-D-Galp	75%	92.7	73.7	69.1	70.6	71.4	62.0
1,2	a-D-Galp	29%	96.6	69.1	74.2	79.0	71.8	61.5
1,2,4	a-D-GlcpA	72%	100.4	72.8	73.7	73.6	73.2	176.9
1,2,3	b-L-Fucp	14%	98.2	72.2	74.9	72.5	71.7	17.0
1,2,3,4	a-D-GalpA	73%	99.4	68.6	70.0	71.3	72.6	175.9
1,2,3,3	a-D-Galp	50%	104.0	77.8	70.2	70.9	72.4	62.6
1,2,3,3,2	b-D-ManpA	52%	102.5	78.3	74.1	69.5	78.1	176.0
1,2,3,3,2,2	a-D-GlcpN	53%	99.3	54.0	82.0	69.3	72.7	65.4
1,2,3,3,2,2,2	Ac	83%	175.3	23.3
1,2,3,3,2,2,6	S	
1,2,3,3,2,2,3	b-D-Fucp	51%	104.5	71.8	73.3	72.5	71.7	17.4
1,2,3,3,2,2,3,4	b-D-GlcpN	55%	103.2	57.6	71.0	80.9	72.1	61.4
1,2,3,3,2,2,3,4,2	Ac	88%	175.6	23.4
1,2,3,3,2,2,3,4,4	a-D-GlcpN	62%	98.2	54.3	70.5	79.4	72.7	63.5
1,2,3,3,2,2,3,4,4,2	Ac	83%	175.3	23.3
1,2,3,3,2,2,3,4,4,6	S	
1,2,3,3,2,2,3,4,4,4	b-D-Glcp	34%	103.5	74.0	77.0	70.6	76.2	65.1
1,2,3,3,2,2,3,4,4,4,6	S	
1,2,3,3,2,2,3,4,4,4,3	b-Neup	47%	174.5	96.9	37.1	72.9	50.8	70.7	69.8	73.1	64.1
1,2,3,3,2,2,3,4,4,4,3,5	Ac	83%	176.3	23.6
1,2,3,3,2,2,3,4,4,4,3,4	a-D-Galp	50%	95.7	73.5	69.3	73.2	71.8	66.0
1,2,3,3,2,2,3,4,4,4,3,4,6	S	
1,2,3,3,2,2,3,4,4,4,3,4,2	a-D-Fucp	59%	108.2	75.2	70.8	72.9	68.2	16.5
1,2,3,3,2,2,3,4,4,4,3,4,2,2	a-D-ManpA	11%	98.9	68.7	?	73.3	73.1	173.5
1,2,3,3,2,2,3,4,4,4,3,4,2,2,2	b-D-Manp	66%	100.3	71.4	74.0	68.0	77.5	62.1
1,2,3,3,2,2,3,4,4,4,3,4,2,2,4	b-D-Xylp	55%	103.4	79.6	75.5	72.6	68.4
1,2,3,3,2,2,3,4,4,4,3,4,2,2,4,2	b-D-Xylp	67%	106.2	75.5	76.9	71.1	64.5
