Linkage	Residue	Trust	H1	H2	H3	H4	H5	H6	H7	H8	H9
	Me	95%	3.44
1	a-D-Galp	59%	5.61	3.95	4.07	4.01	4.07	3.77-3.78
1,2	a-D-Galp	16%	5.20	3.89	3.97	4.14	4.12	3.84
1,2,4	a-D-GlcpA	73%	4.97	3.57	3.77	3.51	4.91	-
1,2,3	b-L-Fucp	9%	4.65	3.54	3.69	3.79	3.82	1.11
1,2,3,4	a-D-GalpA	42%	5.13	3.84	3.92	4.21	4.50	-
1,2,3,3	a-D-Galp	39%	5.21	3.90	3.97	3.87	3.49	3.55-3.76
1,2,3,3,2	b-D-ManpA	31%	4.61	3.99	3.76	3.74	3.78	-
1,2,3,3,2,2	a-D-GlcpN	50%	5.15	4.02	3.62	3.62	4.04	4.08-4.16
1,2,3,3,2,2,2	Ac	98%	-	2.05
1,2,3,3,2,2,6	S	
1,2,3,3,2,2,3	b-D-Fucp	53%	4.49	3.55	4.24	4.15	3.82	1.28
1,2,3,3,2,2,3,4	b-D-GlcpN	48%	4.69	3.77	3.93	3.67	3.93	3.70-3.83
1,2,3,3,2,2,3,4,2	Ac	98%	-	2.03
1,2,3,3,2,2,3,4,4	a-D-GlcpN	65%	5.37	3.91	3.87	3.67	4.32	4.10-4.29
1,2,3,3,2,2,3,4,4,2	Ac	98%	-	2.05
1,2,3,3,2,2,3,4,4,6	S	
1,2,3,3,2,2,3,4,4,4	b-D-Glcp	26%	4.48	3.36	3.58	3.46	3.46	4.09-4.16
1,2,3,3,2,2,3,4,4,4,6	S	
1,2,3,3,2,2,3,4,4,4,3	b-Neup	50%	-	-	1.82-2.27	4.01	4.01	4.25	3.64	3.87	3.64-3.89
1,2,3,3,2,2,3,4,4,4,3,5	Ac	95%	-	2.05
1,2,3,3,2,2,3,4,4,4,3,4	a-D-Galp	31%	5.21	3.90	4.03	3.57	4.25	4-4.04
1,2,3,3,2,2,3,4,4,4,3,4,6	S	
1,2,3,3,2,2,3,4,4,4,3,4,2	a-D-Fucp	57%	5.30	3.85	3.78	3.83	4.29	1.22
1,2,3,3,2,2,3,4,4,4,3,4,2,2	a-D-ManpA	8%	5	4.05	?	3.76	4.28	-
1,2,3,3,2,2,3,4,4,4,3,4,2,2,2	b-D-Manp	68%	4.88	4.14	3.64	3.57	3.38	3.72-3.92
1,2,3,3,2,2,3,4,4,4,3,4,2,2,4	b-D-Xylp	63%	4.59	3.26	3.38	3.55	3.22-3.24
1,2,3,3,2,2,3,4,4,4,3,4,2,2,4,2	b-D-Xylp	81%	4.35	3.41	3.55	3.65	3.70-3.80
