Linkage	Residue	Trust	C1	C2	C3	C4	C5	C6
	a-D-Manp	72%	96.2	80.4	71.5	68.4	73.6	61.7
2	a-D-GlcpN	45%	96.1	54.6	71.4	70.6	72.1	64.6
2,2	Ac	83%	175.3	23.3
2,6	S	
2,2	b-D-Glcp	54%	103.5	73.1	83.5	70.7	75.8	65.5
2,2,6	S	
2,2,3	a-D-GlcpN	53%	102.3	56.3	72.7	78.6	75.2	62.7
2,2,3,2	Ac	83%	175.3	23.3
2,2,3,4	a-D-GlcpN	58%	98.1	55.3	81.4	69.4	76.7	65.4
2,2,3,4,2	Ac	83%	175.3	23.3
2,2,3,4,6	S	
2,2,3,4,3	b-D-ManpA	47%	101.2	71.4	78.8	69.5	76.0	177.2
2,2,3,4,3,3	a-L-Fucp	53%	96.6	68.4	78.9	69.7	68.2	16.5
2,2,3,4,3,3,3	b-D-Xylp	59%	105.1	74.0	76.0	70.8	66.2
