Lineage	Residue	Trust	C1	C2	C3	C4	C5	C6	C7	C8	C9
	a-D-Fucp	64%	95.1	74.0	69.7	82.3	68.6	16.7
4	a-D-Fucp	91%	101.1	69.3	70.5	73.0	67.8	16.6
2	a-D-Galp	62%	97.1	68.6	74.9	79.0	72.3	61.4
2,3	S		
2,4	a-D-Galp	82%	100.5	69.8	69.6	79.2	71.2	65.3
2,4,6	S		
2,4,4	a-D-Galp	68%	101.5	68.7	72.2	78.9	71.6	61.8
2,4,4,3	S		
2,4,4,4	a-D-Glcp	80%	99.4	76.7	72.8	70.3	72.4	65.0
2,4,4,4,6	S		
2,4,4,4,2	a-D-Galp	43%	96.3	67.5	72.9	69.1	72.9	62.0
2,4,4,4,2,3	a-Neup	48%	174.3	101.3	41.0	78.5	52.4	73.4	69.7	73.1	64.1
2,4,4,4,2,3,5	Ac	68%	65.0	25.0
2,4,4,4,2,3,4	b-D-ManpA	50%	101.5	77.9	73.2	69.6	77.2	176.5
2,4,4,4,2,3,4,2	b-D-GlcpN	90%	103.4	57.0	75.4	78.4	75.9	62.0
2,4,4,4,2,3,4,2,2	Ac	99%	175.6	23.5
2,4,4,4,2,3,4,2,4	a-D-Manp	92%	102.5	71.1	71.5	68.1	73.5	62.2
