Lineage	Residue	Trust	C1	C2	C3	C4	C5	C6	C7	C8	C9	C10	C11
	a-D-Fucp	50%	91.1	74.0	68.6	82.3	67.6	16.0
4	a-D-Fucp	100%	101.3	69.2	70.4	73.0	67.9	16.7
2	a-D-Galp	63%	97.5	68.0	74.9	79.3	72.4	61.7
2,3	S	50%
2,4	a-D-Galp	75%	101.5	69.6	69.9	79.9	71.3	65.3
2,4,6	S	50%
2,4,4	a-D-Galp	63%	101.5	68.0	74.9	79.3	72.4	61.7
2,4,4,3	S	50%
2,4,4,4	a-D-Glcp	75%	99.3	76.6	72.2	70.2	72.7	65.1
2,4,4,4,6	S	50%
2,4,4,4,2	a-D-Galp	13%	97.1	68.6	76.4	69.6	72.2	62.4
2,4,4,4,2,3	a-Neup5Ac	38%	174.1	101.6	40.3	78.5	51.4	73.4	69.2	72.6	63.6	175.9	23.5
2,4,4,4,2,3,4	b-D-ManpA	25%	101.5	80.6	74.3	70.0	77.5	177.2
2,4,4,4,2,3,4,2	b-D-GlcpNAc	100%	103.9	57.0	75.4	78.6	75.9	62.1	175.6	23.5
2,4,4,4,2,3,4,2,4	a-D-Manp	100%	102.4	71.0	71.5	68.2	74.7	62.3
