Lineage	Residue	Trust	C1	C2	C3	C4	C5	C6	C7	C8	C9
	Me	92%	58.4
1	b-D-GlcpA	70%	104.5	72.8	75.0	80.1	75.9	174.4
1,4	b-D-GlcpA	47%	103.0	80.7	75.1	80.9	78.3	175.1
1,4,2	a-D-GalpA	90%	100.0	69.6	70.3	71.6	72.7	176.3
1,4,4	b-D-GlcpN	87%	102.0	56.0	80.7	71.5	76.9	62.0
1,4,4,2	Ac	99%	175.6	23.5
1,4,4,3	a-D-GlcpN	48%	98.8	59.5	70.7	71.5	74.6	62.2
1,4,4,3,2	Ac	98%	175.3	23.2
1,4,4,3,2	a-D-Manp	27%	98.9	70.2	77.5	67.5	74.3	62.2
1,4,4,3,2,3	a-Neup	89%	174.3	101.6	41.1	69.1	53.0	73.5	69.3	72.8	63.8
1,4,4,3,2,3,5	Ac	70%	131.5	24.1
