Linkage	Residue	Trust	C1	C2	C3	C4	C5	C6	C7	C8	C9
	Me	84%	58.1
1	b-D-GlcpA	68%	103.9	74.1	75.3	81.3	76.1	174.5
1,4	b-D-GlcpA	54%	102.9	82.8	75.9	82.0	78.8	175.4
1,4,2	a-D-GalpA	71%	99.4	69.4	70.0	71.3	72.6	175.9
1,4,4	b-D-GlcpN	64%	101.5	56.7	81.3	70.3	76.6	61.9
1,4,4,2	Ac	88%	175.6	23.4
1,4,4,3	a-D-GlcpN	38%	99.0	54.6	71.4	71.5	74.7	62.2
1,4,4,3,2	Ac	83%	175.3	23.3
1,4,4,3,2	a-D-Manp	20%	101.3	70.8	74.3	67.5	73.9	62.2
1,4,4,3,2,3	a-Neup	54%	175.5	102.0	41.1	70.0	53.3	74.4	69.8	73.3	64.2
1,4,4,3,2,3,5	Ac	83%	54.9	25.1
