Linkage	Residue	Trust	C1	C2	C3	C4	C5	C6
	a-D-Glcp	67%	91.9	68.5	70.0	76.8	70.0	60.5
4	a-D-Glcp	47%	100.7	77.9	74.4	70.6	73.4	64.9
4,6	S	
4,2	a-D-GlcpN	54%	98.8	55.0	72.7	79.4	71.8	66.7
4,2,2	Ac	83%	175.3	23.3
4,2,6	S	
4,2,4	b-D-Fucp	45%	101.0	75.2	71.8	72.5	71.7	16.5
4,2,4,3	a-D-Galp	75%	96.7	69.4	70.4	70.3	72.0	62.1
4,2,4,2	a-D-Xylp	41%	98.5	75.4	73.0	69.2	61.1
4,2,4,2,2	a-D-Glcp	53%	99.6	71.9	81.8	69.1	72.7	65.8
4,2,4,2,2,6	S	
4,2,4,2,2,3	b-D-GlcpA	56%	105.5	73.2	85.1	73.1	76.7	175.8
4,2,4,2,2,3,3	a-D-GalpA	47%	98.5	72.3	69.3	71.4	72.2	175.8
4,2,4,2,2,3,3,2	a-D-GlcpN	70%	94.5	54.4	72.1	72.1	73.2	63.5
4,2,4,2,2,3,3,2,2	Ac	83%	175.3	23.3
