Linkage	Residue	Trust	H1	H2	H3	H4	H5	H6	H7	H8	H9
	a-L-Fucp	54%	5.23	4.21	4.24	3.98	4.14	1.15
3	a-L-Fucp	44%	5.05	3.86	3.87	3.79	4.24	1.19
2	a-D-GalpA	18%	5.30	3.92	4.08	4.30	4.46	-
2,2	a-D-Galp	52%	5.27	3.97	4.03	4.25	4.11	4-4.03
2,2,6	S	
2,2,3	b-D-Fucp	66%	4.61	3.67	3.73	4.02	3.82	1.24
2,2,3,3	b-D-GlcpN	15%	4.69	3.60	3.66	3.42	3.41	3.49-3.85
2,2,3,3,2	Ac	98%	-	2.03
2,2,3,3,2	b-D-Glcp	40%	4.62	3.37	3.78	3.46	3.49	4.10-4.19
2,2,3,3,2,6	S	
2,2,3,3,2,2	b-D-Glcp	72%	4.49	3.29	3.36	3.52	3.39	3.65-3.95
2,2,3,3,2,2,6	S	
2,2,3,3,2,2,4	a-D-Galp	46%	5.03	3.89	4.42	4.07	4.11	4.06
2,2,3,3,2,2,4,6	S	
2,2,3,3,2,2,4,3	a-Neup	75%	-	-	1.84-2.71	3.69	3.82	3.62	3.58	3.87	3.64-3.87
2,2,3,3,2,2,4,3,5	Ac	99%	-	2.03
