Linkage	Residue	Trust	C1	C2	C3	C4	C5	C6
	b-D-Manp	53%	95.0	73.2	72.5	78.3	76.0	62.3
4	b-D-Manp	81%	101.4	71.8	74.3	68.1	77.9	62.1
2	a-D-GlcpN	58%	98.9	55.2	71.5	81.4	71.8	62.0
2,2	Ac	83%	175.3	23.3
2,6	S	
2,4	a-L-Fucp	55%	99.3	69.7	70.5	82.4	68.4	16.7
2,4,4	b-D-GlcpA	28%	104.2	74.2	76.1	69.5	77.9	174.5
2,4,4,3	b-D-GalpA	66%	103.2	72.1	73.6	71.1	76.0	174.8
2,4,4,2	b-D-ManpA	15%	101.5	70.9	73.0	79.5	77.0	175.3
2,4,4,2,3	b-D-Fucp	68%	102.4	72.7	73.7	72.4	71.9	16.1
2,4,4,2,4	b-D-Manp	59%	101.3	75.8	73.6	68.0	77.3	62.4
2,4,4,2,4,2	a-D-Galp	57%	97.9	72.6	70.8	79.8	71.7	62.4
2,4,4,2,4,2,4	b-D-Galp	69%	103.1	73.0	76.7	73.2	75.7	61.7
2,4,4,2,4,2,4,3	S	
2,4,4,2,4,2,4,2	a-D-Fucp	45%	100.4	69.4	69.3	75.4	68.2	15.6
2,4,4,2,4,2,4,2,4	a-D-Galp	71%	101.1	69.2	70.4	70.3	72.0	62.1
