Linkage	Residue	Trust	H1	H2	H3	H4	H5	H6
	b-D-Manp	34%	4.79	4.13	3.72	3.81	3.59	3.81-3.90
4	b-D-Manp	68%	4.74	3.94	3.73	3.57	3.49	3.69-3.92
2	a-D-GlcpN	42%	5.19	3.83	3.95	3.54	3.89	3.89-3.97
2,2	Ac	98%	-	2.05
2,6	S	
2,4	a-L-Fucp	69%	4.96	4.02	3.84	3.99	4.28	1.29
2,4,4	b-D-GlcpA	2%	4.58	3.41	3.62	3.81	3.71	-
2,4,4,3	b-D-GalpA	59%	4.85	3.50	3.73	4.22	4.15	-
2,4,4,2	b-D-ManpA	9%	4.79	3.99	3.69	3.83	3.68	-
2,4,4,2,3	b-D-Fucp	51%	4.66	3.50	3.62	3.77	3.91	1.25
2,4,4,2,4	b-D-Manp	58%	4.79	4.29	4.10	3.78	3.46	3.74-3.92
2,4,4,2,4,2	a-D-Galp	56%	5.15	3.58	4.02	4.24	4.11	3.72-3.84
2,4,4,2,4,2,4	b-D-Galp	58%	4.69	3.62	4.24	3.57	3.72	3.71-3.85
2,4,4,2,4,2,4,3	S	
2,4,4,2,4,2,4,2	a-D-Fucp	30%	5.38	3.84	3.86	4	4.06	1.14
2,4,4,2,4,2,4,2,4	a-D-Galp	63%	5.02	3.85	3.89	4	4.12	3.74-3.75
