Linkage	Residue	Trust	C1	C2	C3	C4	C5	C6
	a-D-Galp	82%	92.7	73.7	69.1	70.6	72.1	62.2
2	a-D-Galp	66%	91.5	72.3	70.3	70.4	71.9	62.1
2,2	a-D-GlcpN	47%	98.8	55.0	82.0	69.3	72.7	65.4
2,2,2	Ac	83%	175.3	23.3
2,2,6	S	
2,2,3	b-D-Glcp	65%	102.2	80.6	76.9	71.2	76.8	61.5
2,2,3,2	b-D-GlcpN	68%	102.8	57.1	75.2	77.6	77.1	64.8
2,2,3,2,2	Ac	88%	175.6	23.4
2,2,3,2,6	S	
2,2,3,2,4	a-D-Galp	49%	101.2	68.2	74.5	75.5	73.0	62.0
2,2,3,2,4,3	S	
2,2,3,2,4,4	b-D-GlcpN	64%	102.2	55.5	81.5	70.8	77.1	61.6
2,2,3,2,4,4,2	Ac	88%	175.6	23.4
2,2,3,2,4,4,3	a-D-Fucp	50%	101.0	77.8	70.9	73.1	68.2	16.4
2,2,3,2,4,4,3,2	b-D-ManpA	55%	102.7	71.3	73.6	69.5	76.6	176.5
