Linkage	Residue	Trust	H1	H2	H3	H4	H5	H6
	Me	94%	3.48
1	b-D-Xylp	2%	4.50	3.32	3.48	3.60	3.52-3.99
1,4	b-D-Xylp	54%	4.27	3.21	3.33	3.45	3.68-3.81
1,2	b-D-GlcpN	52%	4.81	3.73	3.93	3.67	3.93	3.78-3.88
1,2,2	Ac	98%	-	2.03
1,2,6	S	
1,2,4	a-D-GlcpN	28%	5.20	3.78	3.83	3.41	3.71	4.08-4.15
1,2,4,2	Ac	98%	-	2.05
1,2,4,6	S	
1,2,4,2	a-D-Galp	31%	5.22	3.89	4	4.10	4.21	3.71-3.73
1,2,4,2,4	a-D-GlcpN	53%	4.93	3.95	5.22	4.01	4.77	3.77-3.96
1,2,4,2,4,2	Ac	98%	-	2.05
1,2,4,2,4,4	a-D-Galp	43%	5.21	3.90	4.04	3.93	3.74	4-4.04
1,2,4,2,4,4,6	S	
1,2,4,2,4,4,2	a-D-GlcpN	57%	5.01	4.01	3.94	3.87	3.88	3.63
1,2,4,2,4,4,2,2	Ac	98%	-	2.05
1,2,4,2,4,4,2,6	S	
1,2,4,2,4,4,2,4	a-D-GlcpN	81%	5.13	3.64	3.68	3.55	3.89	3.63
1,2,4,2,4,4,2,4,2	Ac	98%	-	2.05
