Linkage	Residue	Trust	C1	C2	C3	C4	C5	C6
	Me	76%	56.2
1	a-D-GalpA	55%	102.0	67.6	76.2	78.4	71.7	174.1
1,3	a-D-GalpA	67%	97.0	68.9	70.1	71.3	72.1	180.3
1,4	a-D-Xylp	30%	98.5	72.9	72.9	78.0	61.4
1,4,4	b-D-GlcpA	67%	100.9	78.3	76.0	68.9	75.9	174.3
1,4,4,2	a-D-GalpA	55%	98.2	78.5	68.2	71.4	72.0	174.6
1,4,4,2,2	a-D-GalpA	56%	91.5	72.3	69.9	71.1	72.1	175.0
1,4,4,2,2,2	a-D-GlcpN	50%	98.8	55.0	70.3	79.4	72.7	65.1
1,4,4,2,2,2,2	Ac	83%	175.3	23.3
1,4,4,2,2,2,6	S	
1,4,4,2,2,2,4	b-D-Galp	56%	103.6	77.5	78.6	71.5	76.2	61.8
1,4,4,2,2,2,4,3	S	
1,4,4,2,2,2,4,2	b-D-Galp	68%	107.0	72.3	72.9	77.6	73.6	63.6
1,4,4,2,2,2,4,2,6	S	
1,4,4,2,2,2,4,2,4	a-D-GlcpN	59%	99.9	54.6	71.7	71.0	73.3	65.5
1,4,4,2,2,2,4,2,4,2	Ac	83%	175.3	23.3
1,4,4,2,2,2,4,2,4,6	S	
1,4,4,2,2,2,4,2,4,2	a-D-Galp	54%	99.0	77.5	73.7	69.0	71.2	61.6
1,4,4,2,2,2,4,2,4,2,3	S	
1,4,4,2,2,2,4,2,4,2,2	b-D-Glcp	60%	104.1	78.1	76.1	69.9	76.3	65.1
1,4,4,2,2,2,4,2,4,2,2,6	S	
1,4,4,2,2,2,4,2,4,2,2,2	a-D-Galp	66%	98.0	67.7	80.7	70.2	71.9	65.6
1,4,4,2,2,2,4,2,4,2,2,2,6	S	
1,4,4,2,2,2,4,2,4,2,2,2,3	b-D-Galp	73%	106.7	73.4	74.1	71.8	76.3	62.4
