Linkage	Residue	Trust	H1	H2	H3	H4	H5	H6
	Me	97%	3.42
1	a-D-GalpA	12%	4.82	3.90	4.04	4.41	4.64	-
1,3	a-D-GalpA	81%	5.25	3.90	4.03	4.37	4.85	-
1,4	a-D-Xylp	28%	5.10	3.42	3.70	3.85	3.67-3.76
1,4,4	b-D-GlcpA	68%	4.85	3.50	3.40	3.31	3.43	-
1,4,4,2	a-D-GalpA	62%	5.54	3.96	4.08	4.39	4.83	-
1,4,4,2,2	a-D-GalpA	41%	5.53	3.92	4.04	4.33	4.69	-
1,4,4,2,2,2	a-D-GlcpN	66%	5.03	4.07	3.95	3.81	3.92	4.11-4.18
1,4,4,2,2,2,2	Ac	98%	-	2.05
1,4,4,2,2,2,6	S	
1,4,4,2,2,2,4	b-D-Galp	57%	4.62	3.62	4.31	4.06	3.68	3.75-3.79
1,4,4,2,2,2,4,3	S	
1,4,4,2,2,2,4,2	b-D-Galp	64%	5.14	3.60	3.89	4.20	3.84	3.94-4.03
1,4,4,2,2,2,4,2,6	S	
1,4,4,2,2,2,4,2,4	a-D-GlcpN	25%	5.20	3.78	3.83	3.61	4.20	4.06
1,4,4,2,2,2,4,2,4,2	Ac	98%	-	2.05
1,4,4,2,2,2,4,2,4,6	S	
1,4,4,2,2,2,4,2,4,2	a-D-Galp	40%	5.21	3.90	4.51	4.19	4	3.74
1,4,4,2,2,2,4,2,4,2,3	S	
1,4,4,2,2,2,4,2,4,2,2	b-D-Glcp	47%	4.62	3.37	3.58	3.51	3.45	4.08-4.15
1,4,4,2,2,2,4,2,4,2,2,6	S	
1,4,4,2,2,2,4,2,4,2,2,2	a-D-Galp	58%	5.35	4.08	4.07	4.29	4.13	4.01-4.09
1,4,4,2,2,2,4,2,4,2,2,2,6	S	
1,4,4,2,2,2,4,2,4,2,2,2,3	b-D-Galp	90%	4.63	3.61	3.66	3.93	3.69	3.75-3.81
