Linkage	Residue	Trust	C1	C2	C3	C4	C5	C6	C7	C8	C9
	a-D-Glcp	45%	95.6	72.5	73.2	78.3	71.9	62.0
2	a-D-Glcp	88%	97.3	72.6	74.1	70.7	73.2	61.7
4	a-D-Galp	48%	97.4	74.0	70.2	79.7	69.6	60.8
4,4	b-D-Fucp	72%	105.3	72.2	73.9	72.4	71.9	16.1
4,2	a-D-Glcp	68%	97.0	72.5	73.8	79.5	73.5	64.4
4,2,6	S	
4,2,4	b-D-GlcpN	42%	102.0	56.4	74.1	71.3	76.9	61.9
4,2,4,2	Ac	88%	175.6	23.4
4,2,4,2	b-D-Glcp	41%	103.5	82.5	75.5	68.8	76.5	64.0
4,2,4,2,6	S	
4,2,4,2,2	b-D-Glcp	64%	103.9	74.7	76.4	79.3	71.8	65.1
4,2,4,2,2,6	S	
4,2,4,2,2,4	b-D-Galp	20%	104.2	71.6	76.3	69.6	75.8	62.1
4,2,4,2,2,4,2	b-D-Manp	58%	101.1	71.6	74.0	68.0	77.1	62.0
4,2,4,2,2,4,3	b-Neup	55%	175.1	96.9	37.1	72.9	50.8	70.7	69.0	72.9	63.7
4,2,4,2,2,4,3,5	Ac	83%	176.3	23.6
4,2,4,2,2,4,3,4	a-D-GalpA	61%	95.7	69.3	69.4	80.4	72.3	174.3
4,2,4,2,2,4,3,4,4	a-D-Glcp	63%	100.2	72.3	73.9	79.5	71.6	64.4
4,2,4,2,2,4,3,4,4,6	S	
4,2,4,2,2,4,3,4,4,4	b-D-GlcpN	54%	101.7	55.4	73.0	80.7	76.1	64.8
4,2,4,2,2,4,3,4,4,4,2	Ac	88%	175.6	23.4
4,2,4,2,2,4,3,4,4,4,6	S	
4,2,4,2,2,4,3,4,4,4,4	b-D-GlcpN	55%	102.2	56.4	74.8	71.7	77.2	65.6
4,2,4,2,2,4,3,4,4,4,4,2	Ac	88%	175.6	23.4
4,2,4,2,2,4,3,4,4,4,4,6	S	
4,2,4,2,2,4,3,4,4,4,4,2	a-D-GlcpN	43%	96.1	54.4	73.4	73.9	68.4	60.9
4,2,4,2,2,4,3,4,4,4,4,2,2	Ac	83%	175.3	23.3
4,2,4,2,2,4,3,4,4,4,4,2,4	a-D-Glcp	56%	104.9	80.5	73.5	70.0	71.9	64.9
4,2,4,2,2,4,3,4,4,4,4,2,4,6	S	
4,2,4,2,2,4,3,4,4,4,4,2,4,2	b-D-GalpA	69%	107.4	75.0	73.7	71.1	76.0	174.8
