Linkage	Residue	Trust	H1	H2	H3	H4	H5	H6	H7	H8	H9
	a-D-Glcp	39%	5.46	3.59	3.75	3.82	3.80	3.76-3.88
2	a-D-Glcp	92%	5.15	3.56	3.78	3.45	3.94	3.77-3.86
4	a-D-Galp	30%	5.69	3.97	3.92	4.19	4.03	3.68-3.74
4,4	b-D-Fucp	68%	4.68	3.57	3.70	3.77	3.91	1.16
4,2	a-D-Glcp	60%	5.16	3.69	4.06	3.67	3.83	4.06
4,2,6	S	
4,2,4	b-D-GlcpN	34%	4.69	3.60	3.66	3.55	3.46	3.73-3.89
4,2,4,2	Ac	98%	-	2.03
4,2,4,2	b-D-Glcp	40%	4.62	3.37	3.78	3.46	3.49	4.10-4.19
4,2,4,2,6	S	
4,2,4,2,2	b-D-Glcp	69%	4.72	3.35	3.64	3.68	3.68	4.11-4.18
4,2,4,2,2,6	S	
4,2,4,2,2,4	b-D-Galp	31%	4.53	3.62	3.76	4.12	3.72	3.76-3.79
4,2,4,2,2,4,2	b-D-Manp	79%	4.78	4.10	3.64	3.57	3.43	3.76-3.92
4,2,4,2,2,4,3	b-Neup	54%	-	-	1.82-2.27	4.01	3.96	4.25	3.59	3.82	3.63-3.84
4,2,4,2,2,4,3,5	Ac	95%	-	2.05
4,2,4,2,2,4,3,4	a-D-GalpA	61%	5.03	3.71	4.18	4.43	4.69	-
4,2,4,2,2,4,3,4,4	a-D-Glcp	68%	4.86	3.58	3.84	3.67	4.24	4.06
4,2,4,2,2,4,3,4,4,6	S	
4,2,4,2,2,4,3,4,4,4	b-D-GlcpN	36%	4.44	3.80	3.57	3.44	3.59	3.95-4.08
4,2,4,2,2,4,3,4,4,4,2	Ac	98%	-	2.03
4,2,4,2,2,4,3,4,4,4,6	S	
4,2,4,2,2,4,3,4,4,4,4	b-D-GlcpN	26%	4.69	3.60	3.66	3.41	3.42	4.06-4.13
4,2,4,2,2,4,3,4,4,4,4,2	Ac	98%	-	2.03
4,2,4,2,2,4,3,4,4,4,4,6	S	
4,2,4,2,2,4,3,4,4,4,4,2	a-D-GlcpN	41%	5.23	3.73	5.22	4.01	4	3.84-3.86
4,2,4,2,2,4,3,4,4,4,4,2,2	Ac	98%	-	2.05
4,2,4,2,2,4,3,4,4,4,4,2,4	a-D-Glcp	26%	4.97	3.59	3.85	3.60	3.70	4.06-4.15
4,2,4,2,2,4,3,4,4,4,4,2,4,6	S	
4,2,4,2,2,4,3,4,4,4,4,2,4,2	b-D-GalpA	68%	4.60	3.66	3.64	4.22	4.15	-
