Linkage	Residue	Trust	C1	C2	C3	C4	C5	C6
	Me	76%	56.2
1	a-D-Glcp	55%	100.8	72.1	81.4	71.6	73.8	62.0
1,3	a-D-Glcp	55%	99.2	78.2	73.0	70.7	72.4	61.9
1,3,2	b-D-Galp	56%	104.7	75.0	78.4	74.8	75.3	61.4
1,3,2,3	S	
1,3,2,4	b-D-Glcp	46%	103.0	73.7	84.1	70.3	78.8	65.3
1,3,2,4,6	S	
1,3,2,4,3	a-D-ManpA	52%	101.8	70.9	70.8	80.9	75.2	175.0
1,3,2,4,3,4	b-D-GlcpA	52%	102.5	73.1	84.3	69.9	76.7	175.8
1,3,2,4,3,4,3	b-D-Galp	37%	103.2	71.6	73.7	77.9	75.8	61.7
1,3,2,4,3,4,3,2	a-D-ManpA	62%	101.5	70.9	71.3	69.5	75.6	175.0
1,3,2,4,3,4,3,4	b-D-GlcpA	59%	103.7	77.9	76.5	73.8	75.8	176.5
1,3,2,4,3,4,3,4,2	a-L-Fucp	59%	100.4	69.2	78.6	72.4	68.3	16.6
1,3,2,4,3,4,3,4,2,3	a-D-Xylp	28%	104.2	72.1	72.9	73.7	61.4
1,3,2,4,3,4,3,4,2,3,3	b-D-GlcpA	60%	105.1	74.0	76.9	73.4	77.6	176.3
