Linkage	Residue	Trust	C1	C2	C3	C4	C5	C6	C7	C8	C9
	b-D-GlcpA	71%	97.0	73.8	74.9	81.0	76.9	174.5
4	b-D-GlcpN	48%	100.1	56.4	74.1	70.5	76.5	65.6
4,2	Ac	88%	175.6	23.4
4,6	S	
4,2	a-L-Fucp	22%	100.5	69.1	74.2	72.6	68.2	16.4
4,2,3	b-Neup	49%	175.1	96.9	37.1	72.9	50.8	70.7	69.8	73.1	64.1
4,2,3,5	Ac	83%	176.3	23.6
4,2,3,4	a-D-Glcp	51%	95.7	82.2	70.9	68.8	72.3	64.9
4,2,3,4,6	S	
4,2,3,4,2	b-D-Glcp	55%	103.1	73.3	81.4	70.9	73.5	63.7
4,2,3,4,2,6	S	
4,2,3,4,2,3	a-D-GalpA	50%	98.5	77.8	69.6	71.9	75.0	177.5
4,2,3,4,2,3,2	b-D-ManpA	51%	101.3	78.0	73.3	69.5	77.0	176.5
4,2,3,4,2,3,2,2	b-D-ManpA	11%	101.5	70.9	73.0	74.5	77.0	176.0
4,2,3,4,2,3,2,2,2	a-L-Fucp	66%	99.5	73.2	71.0	73.1	68.8	16.5
4,2,3,4,2,3,2,2,4	b-D-Galp	40%	104.1	71.7	73.7	70.2	75.8	65.3
4,2,3,4,2,3,2,2,4,6	S	
4,2,3,4,2,3,2,2,4,2	b-D-Manp	28%	99.0	71.1	75.4	78.1	77.0	61.9
4,2,3,4,2,3,2,2,4,2,4	b-D-Manp	81%	101.4	71.8	74.3	68.1	77.9	62.1
4,2,3,4,2,3,2,2,4,2,3	a-D-Manp	69%	103.1	68.7	78.8	66.6	74.3	61.7
4,2,3,4,2,3,2,2,4,2,3,3	b-D-ManpA	51%	98.5	72.1	75.9	69.5	77.0	174.3
4,2,3,4,2,3,2,2,4,2,3,3,3	a-L-Fucp	69%	103.5	69.3	71.0	73.1	68.8	16.5
