Linkage	Residue	Trust	H1	H2	H3	H4	H5	H6	H7	H8	H9
	b-D-GlcpA	74%	4.67	3.37	3.60	3.73	3.74	-
4	b-D-GlcpN	23%	4.69	3.60	3.66	3.57	3.47	4.06-4.13
4,2	Ac	98%	-	2.03
4,6	S	
4,2	a-L-Fucp	10%	5.10	3.88	3.94	3.87	4.38	1.21
4,2,3	b-Neup	51%	-	-	1.82-2.27	4.01	4.04	4.25	3.65	3.88	3.65-3.88
4,2,3,5	Ac	95%	-	2.05
4,2,3,4	a-D-Glcp	25%	5.18	3.59	3.75	3.46	3.87	4.06-4.15
4,2,3,4,6	S	
4,2,3,4,2	b-D-Glcp	58%	4.63	3.45	3.71	3.49	3.62	3.97-4.21
4,2,3,4,2,6	S	
4,2,3,4,2,3	a-D-GalpA	31%	5.30	3.92	3.97	4.32	5.29	-
4,2,3,4,2,3,2	b-D-ManpA	58%	4.75	4.24	3.67	3.74	3.67	-
4,2,3,4,2,3,2,2	b-D-ManpA	5%	4.61	3.99	3.69	3.83	3.92	-
4,2,3,4,2,3,2,2,2	a-L-Fucp	53%	5.17	3.93	3.87	3.79	4.30	1.22
4,2,3,4,2,3,2,2,4	b-D-Galp	31%	4.53	3.62	3.70	4.11	3.83	4-4.02
4,2,3,4,2,3,2,2,4,6	S	
4,2,3,4,2,3,2,2,4,2	b-D-Manp	15%	4.78	4.12	3.75	3.70	3.48	3.83-3.91
4,2,3,4,2,3,2,2,4,2,4	b-D-Manp	68%	4.74	3.94	3.73	3.57	3.49	3.69-3.92
4,2,3,4,2,3,2,2,4,2,3	a-D-Manp	57%	5.07	4.24	4.14	3.79	3.74	3.69-3.79
4,2,3,4,2,3,2,2,4,2,3,3	b-D-ManpA	53%	4.87	4.28	3.84	3.74	3.68	-
4,2,3,4,2,3,2,2,4,2,3,3,3	a-L-Fucp	49%	5.17	3.87	3.87	3.79	4.30	1.22
