Linkage	Residue	Trust	H1	H2	H3	H4	H5	H6
	Me	94%	3.48
1	b-D-Xylp	18%	4.59	3.31	3.48	3.66	3.35-3.99
1,2	b-D-Xylp	81%	4.35	3.41	3.55	3.65	3.70-3.80
1,4	a-D-Glcp	30%	5.18	3.59	3.88	3.53	3.62	4.06-4.15
1,4,6	S	
1,4,2	a-D-Galp	39%	5.17	3.81	3.86	4.04	4.02	4.17
1,4,2,6	S	
1,4,2,4	a-D-Galp	24%	5.21	3.90	3.97	4.18	4.14	3.75-3.81
1,4,2,4,3	S	
1,4,2,4,2	b-D-ManpA	6%	4.61	3.99	3.69	3.83	3.86	-
1,4,2,4,2,4	b-D-GalpA	62%	4.52	3.55	3.73	4.22	4.15	-
1,4,2,4,2,2	b-D-Galp	40%	4.53	3.62	3.82	3.93	3.68	3.77
1,4,2,4,2,2,2	b-D-Xylp	81%	4.61	3.25	3.41	3.72	3.25-3.78
