Lineage	Residue	Trust	C1	C2	C3	C4	C5	C6
	a-D-ManpA	72%	95.2	71.8	71.6	77.9	73.0	177.3
4	a-D-ManpA	41%	101.5	71.5	80.3	78.0	73.5	177.3
4,3	a-D-GlcpA	91%	100.8	72.2	73.6	72.5	72.3	173.9
4,4	a-D-Glcp	68%	99.5	72.8	72.0	76.3	71.5	65.1
4,4,6	S		
4,4,4	b-D-Galp	64%	103.3	74.8	73.5	70.2	75.3	65.4
4,4,4,6	S		
4,4,4,2	a-D-GlcpN	66%	97.5	53.9	78.7	71.8	72.0	65.3
4,4,4,2,2	Ac	98%	175.3	23.2
4,4,4,2,6	S		175.4
4,4,4,2,3	a-D-Manp	93%	102.1	71.5	70.5	78.4	73.2	62.0
4,4,4,2,3,4	b-D-ManpA	47%	101.3	77.3	74.6	69.8	77.4	176.8
4,4,4,2,3,4,2	a-D-Galp	59%	100.7	77.6	74.0	70.6	72.1	62.0
4,4,4,2,3,4,2,3	S		
4,4,4,2,3,4,2,2	b-D-Galp	69%	104.5	79.5	74.0	70.1	75.4	65.5
4,4,4,2,3,4,2,2,6	S		
4,4,4,2,3,4,2,2,2	b-D-Galp	64%	105.6	70.2	79.2	77.2	75.7	62.4
4,4,4,2,3,4,2,2,2,3	S		
4,4,4,2,3,4,2,2,2,4	b-D-Galp	88%	103.8	79.4	84.4	69.7	75.2	61.7
4,4,4,2,3,4,2,2,2,4,2	b-D-Fucp	91%	103.9	71.7	73.9	72.5	71.9	16.5
4,4,4,2,3,4,2,2,2,4,3	b-D-GalpA	46%	105.8	78.2	73.0	77.8	76.1	174.7
4,4,4,2,3,4,2,2,2,4,3,4	a-D-GalpA	91%	101.3	69.2	70.3	71.6	72.7	176.3
4,4,4,2,3,4,2,2,2,4,3,2	b-L-Fucp	88%	104.1	70.8	80.8	70.0	71.9	16.7
4,4,4,2,3,4,2,2,2,4,3,2,3	b-D-GlcpN	89%	100.9	56.9	75.0	77.9	75.8	62.1
4,4,4,2,3,4,2,2,2,4,3,2,3,2	Ac	99%	175.6	23.5
4,4,4,2,3,4,2,2,2,4,3,2,3,4	b-L-Fucp	91%	104.4	71.6	73.9	72.7	71.9	16.6
