Linkage	Residue	Trust	C1	C2	C3	C4	C5	C6
	a-D-ManpA	58%	95.2	71.8	71.5	78.1	72.9	176.1
4	a-D-ManpA	33%	101.0	71.6	81.3	73.3	73.1	177.0
4,3	a-D-GlcpA	64%	96.6	72.5	73.7	72.5	73.2	175.8
4,4	a-D-Glcp	59%	99.5	72.8	72.0	76.3	71.5	65.1
4,4,6	S	
4,4,4	b-D-Galp	62%	103.2	73.8	74.0	70.4	75.3	65.3
4,4,4,6	S	
4,4,4,2	a-D-GlcpN	52%	96.4	53.4	78.4	72.0	72.0	65.7
4,4,4,2,2	Ac	83%	175.3	23.3
4,4,4,2,6	S	
4,4,4,2,3	a-D-Manp	63%	102.1	71.3	70.5	78.1	73.1	61.3
4,4,4,2,3,4	b-D-ManpA	44%	101.1	75.8	74.3	69.5	77.0	176.5
4,4,4,2,3,4,2	a-D-Galp	45%	99.0	77.5	73.7	71.5	71.8	61.8
4,4,4,2,3,4,2,3	S	
4,4,4,2,3,4,2,2	b-D-Galp	60%	105.2	79.0	73.8	70.4	75.7	65.3
4,4,4,2,3,4,2,2,6	S	
4,4,4,2,3,4,2,2,2	b-D-Galp	50%	107.0	71.7	79.0	75.8	75.7	62.6
4,4,4,2,3,4,2,2,2,3	S	
4,4,4,2,3,4,2,2,2,4	b-D-Galp	57%	100.6	80.3	82.7	69.5	72.3	60.8
4,4,4,2,3,4,2,2,2,4,2	b-D-Fucp	65%	103.0	72.8	73.7	72.4	71.9	16.1
4,4,4,2,3,4,2,2,2,4,3	b-D-GalpA	37%	103.7	71.2	73.1	77.4	75.7	174.9
4,4,4,2,3,4,2,2,2,4,3,4	a-D-GalpA	73%	99.4	68.6	70.0	71.3	72.6	175.9
4,4,4,2,3,4,2,2,2,4,3,2	b-L-Fucp	42%	103.0	72.8	74.9	70.7	71.7	17.1
4,4,4,2,3,4,2,2,2,4,3,2,3	b-D-GlcpN	37%	104.0	56.6	74.1	71.8	76.1	61.8
4,4,4,2,3,4,2,2,2,4,3,2,3,2	Ac	88%	175.6	23.4
4,4,4,2,3,4,2,2,2,4,3,2,3,4	b-L-Fucp	73%	104.1	72.0	73.7	73.1	71.9	16.5
