Linkage	Residue	Trust	H1	H2	H3	H4	H5	H6
	a-D-ManpA	34%	5.08	4.02	3.91	3.77	3.99	-
4	a-D-ManpA	33%	5.22	3.62	3.92	3.76	4.38	-
4,3	a-D-GlcpA	41%	5.22	3.58	3.78	3.61	4.20	-
4,4	a-D-Glcp	51%	5.24	3.51	3.80	3.80	3.92	4.11-4.18
4,4,6	S	
4,4,4	b-D-Galp	53%	5.12	3.67	3.72	3.93	3.76	4-4.02
4,4,4,6	S	
4,4,4,2	a-D-GlcpN	38%	5.37	3.76	3.91	3.62	3.74	4.04-4.11
4,4,4,2,2	Ac	98%	-	2.05
4,4,4,2,6	S	
4,4,4,2,3	a-D-Manp	54%	5.05	3.95	3.98	3.81	3.87	3.80-3.86
4,4,4,2,3,4	b-D-ManpA	42%	4.79	4.29	4.10	3.74	3.67	-
4,4,4,2,3,4,2	a-D-Galp	38%	5.21	3.90	4.51	4.06	4.14	3.75-3.76
4,4,4,2,3,4,2,3	S	
4,4,4,2,3,4,2,2	b-D-Galp	53%	4.90	3.62	3.95	4.06	3.69	4-4.02
4,4,4,2,3,4,2,2,6	S	
4,4,4,2,3,4,2,2,2	b-D-Galp	55%	5.14	3.60	4.24	4.19	3.75	3.78-3.83
4,4,4,2,3,4,2,2,2,3	S	
4,4,4,2,3,4,2,2,2,4	b-D-Galp	46%	4.74	3.62	4.03	4.16	3.63	3.69
4,4,4,2,3,4,2,2,2,4,2	b-D-Fucp	63%	5.14	3.60	3.90	3.77	3.91	1.14
4,4,4,2,3,4,2,2,2,4,3	b-D-GalpA	11%	4.55	3.62	3.75	4.52	4.18	-
4,4,4,2,3,4,2,2,2,4,3,4	a-D-GalpA	39%	5.02	3.84	3.92	4.21	4.50	-
4,4,4,2,3,4,2,2,2,4,3,2	b-L-Fucp	38%	4.46	3.54	3.69	3.87	3.82	1.30
4,4,4,2,3,4,2,2,2,4,3,2,3	b-D-GlcpN	7%	4.70	3.57	3.66	3.59	3.52	3.75-3.90
4,4,4,2,3,4,2,2,2,4,3,2,3,2	Ac	98%	-	2.03
4,4,4,2,3,4,2,2,2,4,3,2,3,4	b-L-Fucp	36%	4.65	3.54	3.62	3.82	3.91	1.20
