Lineage	Residue	Trust	C1	C2	C3	C4	C5	C6	C7	C8
	a-D-ManpA	63%	95.2	71.8	71.7	77.7	73.0	178.0
4	a-D-ManpA	38%	102.2	71.1	79.1	78.0	73.5	178.0
4,3	a-D-GlcpA	100%	101.9	72.0	73.6	72.5	72.2	173.5
4,4	a-D-Glcp	0%	101.1	72.4	72.5	76.2	71.7	65.1
4,4,6	S	50%
4,4,4	b-D-Galp	50%	103.5	76.9	73.0	70.0	75.2	65.8
4,4,4,6	S	50%
4,4,4,2	a-D-GlcpNAc	63%	97.9	54.1	78.8	71.7	72.0	64.6	175.4	23.2
4,4,4,2,6	S	50%
4,4,4,2,3	a-D-Manp	100%	102.0	71.5	70.5	78.5	73.2	62.3
4,4,4,2,3,4	b-D-ManpA	50%	101.4	78.4	74.9	70.0	77.5	177.2
4,4,4,2,3,4,2	a-D-Galp	50%	100.7	77.6	74.4	70.0	72.2	62.4
4,4,4,2,3,4,2,3	S	50%
4,4,4,2,3,4,2,2	b-D-Galp	75%	104.2	79.6	74.1	70.0	75.2	65.8
4,4,4,2,3,4,2,2,6	S	50%
4,4,4,2,3,4,2,2,2	b-D-Galp	63%	104.6	69.7	79.3	78.3	75.6	62.2
4,4,4,2,3,4,2,2,2,3	S	50%
4,4,4,2,3,4,2,2,2,4	b-D-Galp	100%	104.1	79.3	84.5	69.7	76.3	62.2
4,4,4,2,3,4,2,2,2,4,2	b-D-Fucp	100%	104.2	71.4	74.0	72.5	71.9	16.7
4,4,4,2,3,4,2,2,2,4,3	b-D-GalpA	38%	105.8	78.2	72.7	79.9	76.1	173.1
4,4,4,2,3,4,2,2,2,4,3,4	a-D-GalpA	100%	102.8	69.7	70.4	71.7	72.7	176.4
4,4,4,2,3,4,2,2,2,4,3,2	b-L-Fucp	100%	104.2	70.6	80.8	69.7	71.9	16.6
4,4,4,2,3,4,2,2,2,4,3,2,3	b-D-GlcpNAc	100%	99.6	57.0	75.0	77.9	75.8	62.1	175.6	23.5
4,4,4,2,3,4,2,2,2,4,3,2,3,4	b-L-Fucp	100%	104.5	71.4	74.0	72.5	71.9	16.7
