Linkage	Residue	Trust	C1	C2	C3	C4	C5	C6
	b-D-GlcpA	66%	96.7	74.8	85.5	69.9	77.3	176.4
3	b-D-GlcpA	29%	97.9	74.2	76.0	81.8	76.7	175.4
3,2	a-D-Galp	71%	98.3	69.7	70.4	70.4	72.0	61.8
3,4	b-D-GalpA	20%	103.7	71.2	73.6	70.5	76.2	174.7
3,4,2	b-D-GalpA	65%	101.1	72.3	73.6	71.1	76.0	174.8
3,4,3	b-L-Fucp	9%	98.2	72.2	74.9	72.5	71.7	16.4
3,4,3,3	a-D-GalpA	68%	97.0	73.4	70.2	71.3	72.6	175.9
3,4,3,4	a-D-Xylp	17%	98.5	73.2	72.9	73.2	61.4
3,4,3,4,4	a-D-GlcpN	44%	96.1	53.1	79.0	71.8	70.0	62.3
3,4,3,4,4,2	Ac	83%	175.3	23.3
3,4,3,4,4,3	a-D-Fucp	52%	101.0	79.5	70.1	72.9	68.2	16.5
3,4,3,4,4,3,2	a-L-Fucp	40%	103.0	70.7	74.5	72.7	68.2	16.5
3,4,3,4,4,3,2,3	b-D-ManpA	52%	102.5	71.3	70.3	81.4	73.5	175.3
3,4,3,4,4,3,2,3,4	b-D-GlcpN	42%	102.0	56.3	78.0	70.7	76.1	65.7
3,4,3,4,4,3,2,3,4,2	Ac	88%	175.6	23.4
3,4,3,4,4,3,2,3,4,6	S	
3,4,3,4,4,3,2,3,4,3	b-L-Fucp	18%	98.2	72.7	73.7	81.1	71.7	15.5
3,4,3,4,4,3,2,3,4,3,4	b-D-Xylp	62%	104.1	73.4	76.9	70.8	66.2
3,4,3,4,4,3,2,3,4,3,2	b-D-GlcpN	70%	102.5	55.7	82.1	71.4	77.2	65.7
3,4,3,4,4,3,2,3,4,3,2,2	Ac	88%	175.6	23.4
3,4,3,4,4,3,2,3,4,3,2,6	S	
3,4,3,4,4,3,2,3,4,3,2,3	a-D-Glcp	79%	100.3	72.7	73.6	70.1	73.4	61.2
