Linkage	Residue	Trust	H1	H2	H3	H4	H5	H6
	b-D-GlcpA	69%	4.68	3.46	3.75	3.62	3.77	-
3	b-D-GlcpA	14%	4.65	3.41	3.61	3.76	3.86	-
3,2	a-D-Galp	46%	5.39	3.85	3.89	4.05	4.12	3.74-3.87
3,4	b-D-GalpA	22%	4.62	3.62	3.78	4.29	4.05	-
3,4,2	b-D-GalpA	60%	4.69	3.60	3.73	4.22	4.15	-
3,4,3	b-L-Fucp	5%	4.65	3.54	3.69	3.79	3.82	1.19
3,4,3,3	a-D-GalpA	48%	5.20	3.82	4.06	4.21	4.50	-
3,4,3,4	a-D-Xylp	11%	5.10	3.52	3.70	3.66	3.67-3.76
3,4,3,4,4	a-D-GlcpN	40%	5.22	3.76	4	3.77	3.29	3.56
3,4,3,4,4,2	Ac	98%	-	2.05
3,4,3,4,4,3	a-D-Fucp	24%	5.10	3.89	4.06	3.83	4.29	1.24
3,4,3,4,4,3,2	a-L-Fucp	18%	5.14	3.88	3.94	3.87	4.37	1.21
3,4,3,4,4,3,2,3	b-D-ManpA	23%	4.61	3.99	3.80	3.78	3.77	-
3,4,3,4,4,3,2,3,4	b-D-GlcpN	15%	4.56	3.58	3.72	3.51	3.54	4.09-4.16
3,4,3,4,4,3,2,3,4,2	Ac	98%	-	2.03
3,4,3,4,4,3,2,3,4,6	S	
3,4,3,4,4,3,2,3,4,3	b-L-Fucp	26%	4.65	3.65	3.68	3.89	3.87	1.30
3,4,3,4,4,3,2,3,4,3,4	b-D-Xylp	63%	4.43	3.45	3.43	3.63	3.34-3.94
3,4,3,4,4,3,2,3,4,3,2	b-D-GlcpN	49%	4.71	3.58	3.69	3.60	3.64	4.09-4.16
3,4,3,4,4,3,2,3,4,3,2,2	Ac	98%	-	2.03
3,4,3,4,4,3,2,3,4,3,2,6	S	
3,4,3,4,4,3,2,3,4,3,2,3	a-D-Glcp	92%	5.33	3.50	3.67	3.45	3.61	3.80
