Linkage	Residue	Trust	C1	C2	C3	C4	C5	C6	C7	C8	C9
	Me	77%	55.6
1	a-D-ManpA	60%	101.4	71.1	79.1	73.3	73.1	175.9
1,3	a-D-ManpA	19%	98.9	80.1	76.5	73.3	73.1	175.9
1,3,2	b-D-GlcpA	59%	103.7	74.3	76.9	73.4	77.6	176.3
1,3,3	a-Neup	45%	172.6	102.0	38.5	75.6	50.8	74.1	69.8	73.1	64.1
1,3,3,5	Ac	83%	54.9	25.1
1,3,3,4	a-D-Glcp	45%	96.3	73.2	74.5	77.7	72.4	61.7
1,3,3,4,6	S	
1,3,3,4,4	a-D-GlcpN	52%	99.9	53.7	78.4	69.6	73.7	65.7
1,3,3,4,4,2	Ac	83%	175.3	23.3
1,3,3,4,4,6	S	
1,3,3,4,4,3	a-D-Manp	76%	102.1	71.7	71.4	67.7	73.1	61.3
