Linkage	Residue	Trust	H1	H2	H3	H4	H5	H6	H7	H8	H9
	Me	95%	3.54
1	b-D-ManpA	53%	4.96	4.34	3.68	3.74	3.67	-
1,2	b-D-ManpA	9%	4.85	3.99	3.69	3.74	3.68	-
1,2,3	a-Neup	42%	-	-	1.76-2.73	4	3.86	3.74	3.58	3.86	3.64-3.87
1,2,3,5	Ac	99%	-	2.03
1,2,3,4	a-D-GlcpN	56%	4.88	3.34	3.62	3.62	3.75	4.07-4.15
1,2,3,4,2	Ac	98%	-	2.05
1,2,3,4,6	S	
1,2,3,4,3	b-D-GlcpA	45%	4.53	3.30	3.99	3.58	3.91	-
1,2,3,4,3,3	a-Neup	34%	-	-	1.76-2.73	3.73	3.86	3.74	3.58	3.86	3.64-3.87
1,2,3,4,3,3,5	Ac	99%	-	2.03
1,2,3,4,3,3,4	a-D-Manp	40%	5.17	4.13	3.99	3.55	4.01	3.90
1,2,3,4,3,3,4,4	b-D-Galp	56%	4.46	3.61	3.74	4.06	3.60	4.01
1,2,3,4,3,3,4,4,6	S	
1,2,3,4,3,3,4,4,3	a-D-Glcp	32%	5.18	3.59	4.15	3.53	3.87	3.82-3.84
1,2,3,4,3,3,4,4,3,2	b-D-ManpA	61%	4.54	5.34	4.75	3.74	3.78	-
1,2,3,4,3,3,4,4,3,2,2	a-D-Fucp	24%	5.10	3.89	3.91	3.83	4.29	1.22
1,2,3,4,3,3,4,4,3,2,2,2	b-D-GlcpN	67%	4.81	3.73	3.56	3.42	3.43	3.74-4.01
1,2,3,4,3,3,4,4,3,2,2,2,2	Ac	98%	-	2.03
