Linkage	Residue	Trust	C1	C2	C3	C4	C5	C6	C7	C8	C9
	b-D-Glcp	69%	97.3	72.8	75.7	79.5	75.9	61.3
4	b-D-Glcp	69%	98.5	82.7	76.2	70.6	76.8	61.9
4,2	a-D-GlcpN	44%	100.5	54.6	73.6	71.4	74.5	65.2
4,2,2	Ac	83%	175.3	23.3
4,2,6	S	
4,2,2	b-D-Glcp	41%	103.5	77.9	75.8	70.8	75.8	65.9
4,2,2,6	S	
4,2,2,2	a-D-Glcp	65%	98.9	72.5	73.5	79.5	71.5	64.4
4,2,2,2,6	S	
4,2,2,2,4	b-D-GlcpN	39%	102.0	56.4	74.1	70.7	76.3	65.6
4,2,2,2,4,2	Ac	88%	175.6	23.4
4,2,2,2,4,6	S	
4,2,2,2,4,2	b-D-ManpA	44%	101.5	89.3	75.6	69.5	77.0	173.3
4,2,2,2,4,2,2	a-D-Fucp	44%	99.5	73.2	69.9	80.0	68.2	17.1
4,2,2,2,4,2,2,4	a-D-GlcpA	59%	100.9	75.7	81.3	72.5	72.2	173.3
4,2,2,2,4,2,2,4,3	a-D-Manp	53%	101.9	70.9	72.8	79.9	71.0	60.8
4,2,2,2,4,2,2,4,3,4	a-D-GalpA	16%	99.6	71.9	71.5	70.4	72.1	175.7
4,2,2,2,4,2,2,4,3,4,2	a-D-Fucp	69%	103.5	68.5	69.9	73.1	68.8	16.5
4,2,2,2,4,2,2,4,3,4,3	a-Neup	45%	177.2	101.1	39.3	69.8	53.1	74.1	69.8	73.1	64.1
4,2,2,2,4,2,2,4,3,4,3,5	Ac	83%	54.9	25.1
4,2,2,2,4,2,2,4,3,4,3,4	b-D-Glcp	48%	103.5	74.3	77.2	77.2	76.1	61.9
4,2,2,2,4,2,2,4,3,4,3,4,4	a-D-ManpA	44%	102.7	75.8	76.4	69.5	67.4	176.0
