Linkage	Residue	Trust	H1	H2	H3	H4	H5	H6	H7	H8	H9
	b-D-Glcp	87%	4.66	3.28	3.62	3.62	3.62	3.81-3.95
4	b-D-Glcp	69%	5.12	3.39	3.59	3.45	3.48	3.72-3.91
4,2	a-D-GlcpN	26%	5.20	3.78	3.83	3.58	3.91	4.08-4.10
4,2,2	Ac	98%	-	2.05
4,2,6	S	
4,2,2	b-D-Glcp	42%	4.62	3.37	3.58	3.61	3.56	4.08-4.15
4,2,2,6	S	
4,2,2,2	a-D-Glcp	67%	5.26	3.55	3.84	3.67	4.12	4.06
4,2,2,2,6	S	
4,2,2,2,4	b-D-GlcpN	19%	4.69	3.60	3.66	3.57	3.53	4.06-4.13
4,2,2,2,4,2	Ac	98%	-	2.03
4,2,2,2,4,6	S	
4,2,2,2,4,2	b-D-ManpA	13%	4.61	3.99	4.10	3.74	3.78	-
4,2,2,2,4,2,2	a-D-Fucp	54%	5.11	3.83	4.02	4.08	4.26	1.30
4,2,2,2,4,2,2,4	a-D-GlcpA	48%	5.11	3.47	3.95	3.69	4.39	-
4,2,2,2,4,2,2,4,3	a-D-Manp	31%	5.09	4.01	3.94	3.91	3.98	3.73-3.81
4,2,2,2,4,2,2,4,3,4	a-D-GalpA	0%	5.71	3.92	4.04	4.38	4.52	-
4,2,2,2,4,2,2,4,3,4,2	a-D-Fucp	64%	5.27	3.88	3.99	3.79	4.30	1.22
4,2,2,2,4,2,2,4,3,4,3	a-Neup	34%	-	-	1.76-2.73	3.73	3.86	3.74	3.58	3.86	3.64-3.87
4,2,2,2,4,2,2,4,3,4,3,5	Ac	99%	-	2.03
4,2,2,2,4,2,2,4,3,4,3,4	b-D-Glcp	38%	4.61	3.36	3.65	3.62	3.55	3.77-3.93
4,2,2,2,4,2,2,4,3,4,3,4,4	a-D-ManpA	29%	5.19	4.01	3.88	3.74	3.70	-
