Linkage	Residue	Trust	C1	C2	C3	C4	C5	C6	C7	C8	C9
	a-D-Fucp	82%	93.6	69.8	70.0	82.5	68.6	17.3
4	a-D-Fucp	33%	100.4	80.6	74.2	72.1	68.3	16.5
4,3	a-D-ManpA	67%	103.6	71.3	71.9	69.5	73.2	175.8
4,2	a-D-Manp	51%	94.4	70.6	70.4	79.9	72.6	63.2
4,2,4	a-D-Glcp	55%	104.9	78.2	75.1	70.7	75.0	64.9
4,2,4,6	S	
4,2,4,2	b-D-Galp	59%	107.4	75.2	73.7	70.7	74.4	65.6
4,2,4,2,6	S	
4,2,4,2,2	a-D-Galp	44%	97.9	69.2	74.5	70.4	70.8	61.6
4,2,4,2,2,3	S	
4,2,4,2,2,2	a-D-GlcpN	36%	98.8	54.6	71.4	70.6	72.8	65.5
4,2,4,2,2,2,2	Ac	83%	175.3	23.3
4,2,4,2,2,2,6	S	
4,2,4,2,2,2,2	a-D-Galp	22%	99.0	69.1	74.2	70.2	71.8	65.9
4,2,4,2,2,2,2,6	S	
4,2,4,2,2,2,2,3	b-Neup	54%	175.1	96.9	41.1	69.2	53.3	70.7	69.8	73.3	64.2
4,2,4,2,2,2,2,3,5	Ac	83%	176.3	23.6
