Linkage	Residue	Trust	C1	C2	C3	C4	C5	C6
	b-D-ManpA	69%	95.1	70.6	73.4	79.5	77.4	175.9
4	b-D-ManpA	54%	101.1	69.3	79.1	69.5	76.6	176.5
4,3	b-D-GalpA	65%	104.9	78.3	75.0	71.3	75.2	173.4
4,3,2	b-D-GlcpN	45%	102.7	56.4	75.3	71.4	77.2	62.3
4,3,2,2	Ac	88%	175.6	23.4
4,3,2,2	b-D-Glcp	48%	103.5	74.2	75.0	79.3	71.8	65.1
4,3,2,2,6	S	
4,3,2,2,4	b-D-Galp	59%	104.0	71.7	73.6	69.9	76.1	62.0
4,3,2,2,4,2	b-L-Fucp	51%	103.0	72.8	73.1	81.1	71.7	16.3
4,3,2,2,4,2,4	b-D-Glcp	72%	104.0	74.8	76.9	70.5	76.9	61.9
