Linkage	Residue	Trust	H1	H2	H3	H4	H5	H6	H7	H8	H9
	Me	95%	3.33
1	a-D-Xylp	33%	4.76	3.66	3.70	3.66	3.60-3.82
1,3	a-D-Xylp	22%	5.07	3.48	3.70	3.59	3.67-3.76
1,3,4	b-D-Xylp	57%	4.64	3.50	3.57	3.59	3.33-3.96
1,3,4,2	a-D-Fucp	70%	5.32	3.93	4.04	4.18	4.46	1.27
1,3,4,2,4	b-D-Galp	62%	5.06	3.90	4.31	4.12	3.74	3.83-3.92
1,3,4,2,4,3	S	
1,3,4,2,4,2	b-D-Glcp	32%	4.70	3.26	3.50	3.56	3.49	3.76-4.04
1,3,4,2,4,2,6	S	
1,3,4,2,4,2,4	a-D-GlcpA	39%	5.20	3.69	3.66	3.94	3.70	-
1,3,4,2,4,2,4,2	a-D-Manp	48%	5.16	4.13	4.06	3.69	3.48	3.77-3.80
1,3,4,2,4,2,4,2,2	a-D-GlcpN	44%	5.11	3.92	4.60	3.80	3.59	4.15-4.25
1,3,4,2,4,2,4,2,2,2	Ac	98%	-	2.05
1,3,4,2,4,2,4,2,2,6	S	
1,3,4,2,4,2,4,2,2,4	a-D-Xylp	4%	5.10	3.61	3.70	3.66	3.67-3.76
1,3,4,2,4,2,4,2,2,4,2	b-L-Fucp	25%	4.46	3.50	3.68	3.79	3.82	1.32
1,3,4,2,4,2,4,2,2,4,2,4	a-D-GlcpN	36%	4.45	3.76	4	3.60	3.90	4.08-4.16
1,3,4,2,4,2,4,2,2,4,2,4,2	Ac	98%	-	2.05
1,3,4,2,4,2,4,2,2,4,2,4,6	S	
1,3,4,2,4,2,4,2,2,4,2,4,3	a-D-GlcpA	39%	5.13	3.59	3.96	3.51	4.21	-
1,3,4,2,4,2,4,2,2,4,2,4,3,2	a-D-GlcpN	15%	5.15	3.77	3.86	3.60	3.67	3.74-3.78
1,3,4,2,4,2,4,2,2,4,2,4,3,2,2	Ac	98%	-	2.05
1,3,4,2,4,2,4,2,2,4,2,4,3,2,3	b-Neup	34%	-	-	1.82-2.27	4.15	3.82	4.25	3.58	3.86	3.64-3.87
1,3,4,2,4,2,4,2,2,4,2,4,3,2,3,5	Ac	95%	-	2.05
1,3,4,2,4,2,4,2,2,4,2,4,3,2,3,4	a-D-ManpA	20%	5	4.05	4.06	3.74	4.21	-
1,3,4,2,4,2,4,2,2,4,2,4,3,2,3,4,2	a-D-GlcpN	37%	5.15	3.76	4	3.60	4.04	4.08-4.16
1,3,4,2,4,2,4,2,2,4,2,4,3,2,3,4,2,2	Ac	98%	-	2.05
1,3,4,2,4,2,4,2,2,4,2,4,3,2,3,4,2,6	S	
1,3,4,2,4,2,4,2,2,4,2,4,3,2,3,4,2,3	a-D-Xylp	55%	5.44	3.51	3.59	3.62	3.55-3.69
