Linkage	Residue	Trust	C1	C2	C3	C4	C5	C6
	b-D-ManpA	21%	101.5	70.9	73.0	69.5	76.6	176.5
3	b-D-ManpA	61%	98.4	72.1	73.6	69.5	76.6	176.5
2	a-D-GlcpN	47%	98.9	55.2	74.4	79.7	72.7	62.7
2,2	Ac	83%	175.3	23.3
2,6	S	
2,4	a-D-GlcpN	42%	98.1	55.3	74.1	71.0	76.7	65.4
2,4,2	Ac	83%	175.3	23.3
2,4,6	S	
2,4,3	b-L-Fucp	27%	98.2	72.7	74.9	73.0	71.7	16.6
2,4,3,3	a-D-Manp	65%	103.0	70.5	71.4	67.7	74.1	62.1
2,4,3,2	a-D-Galp	67%	98.3	69.7	69.8	77.6	71.3	63.6
2,4,3,2,6	S	
2,4,3,2,4	a-D-GlcpN	43%	98.7	54.6	72.0	70.7	71.7	65.5
2,4,3,2,4,2	Ac	83%	175.3	23.3
2,4,3,2,4,6	S	
2,4,3,2,4,2	b-D-GlcpA	40%	104.2	74.0	77.1	77.9	77.0	175.2
2,4,3,2,4,2,4	a-D-Fucp	67%	97.2	74.0	68.8	72.9	68.2	16.5
2,4,3,2,4,2,4,2	a-D-Xylp	2%	98.5	72.1	72.9	73.2	61.4
2,4,3,2,4,2,4,2,4	b-D-Glcp	72%	104.9	74.3	76.4	70.5	76.9	62.3
2,4,3,2,4,2,4,2,2	b-D-GlcpN	49%	102.2	57.0	81.7	72.5	76.1	65.7
2,4,3,2,4,2,4,2,2,2	Ac	88%	175.6	23.4
2,4,3,2,4,2,4,2,2,6	S	
2,4,3,2,4,2,4,2,2,3	a-D-ManpA	63%	102.2	71.7	71.3	69.5	77.8	175.8
