Linkage	Residue	Trust	C1	C2	C3	C4	C5	C6
	Me	84%	58.1
1	b-D-GalpA	52%	103.7	74.3	82.7	68.1	76.2	174.7
1,3	b-D-GalpA	66%	105.1	73.4	73.6	71.3	76.0	180.3
1,2	b-D-Galp	47%	104.9	72.3	76.4	78.3	75.5	61.7
1,2,3	S	
1,2,4	a-D-Galp	64%	100.8	76.9	69.7	69.9	71.3	61.1
1,2,4,2	b-L-Fucp	44%	102.8	71.3	74.9	69.7	71.9	16.2
1,2,4,2,3	b-D-Xylp	52%	105.1	74.0	75.6	76.7	64.1
1,2,4,2,3,4	b-D-Galp	51%	102.4	73.3	76.1	79.6	76.9	65.3
1,2,4,2,3,4,6	S	
1,2,4,2,3,4,4	a-D-Galp	54%	99.5	72.7	69.9	69.9	71.0	65.7
1,2,4,2,3,4,4,6	S	
1,2,4,2,3,4,4,2	a-D-GalpA	65%	103.0	77.9	70.9	71.5	72.6	173.8
1,2,4,2,3,4,4,2,2	b-D-Fucp	55%	102.8	71.3	83.4	73.0	71.6	16.3
1,2,4,2,3,4,4,2,2,3	b-D-Xylp	60%	105.1	74.0	76.9	70.8	66.2
