Linkage	Residue	Trust	C1	C2	C3	C4	C5	C6	C7	C8	C9
	a-D-GlcpN	65%	101.5	54.0	79.2	69.8	71.0	62.0
2	Ac	83%	175.3	23.3
3	a-D-GlcpN	45%	99.0	54.6	71.7	70.1	72.5	61.2
3,2	Ac	83%	175.3	23.3
3,2	b-D-GlcpA	17%	104.1	74.0	76.1	82.0	76.7	175.2
3,2,4	b-D-Xylp	64%	105.0	74.9	76.9	70.8	66.2
3,2,3	b-L-Fucp	25%	98.2	71.3	74.9	72.5	71.7	16.4
3,2,3,3	b-Neup	38%	175.1	96.9	40.2	67.4	54.2	70.7	69.8	73.1	64.1
3,2,3,3,5	Ac	83%	176.3	23.6
3,2,3,3,4	b-D-Glcp	42%	103.5	74.4	76.3	78.0	74.0	66.0
3,2,3,3,4,6	S	
3,2,3,3,4,4	a-D-Glcp	48%	100.1	72.0	74.1	73.8	69.4	69.4
3,2,3,3,4,4,6	S	
3,2,3,3,4,4,4	a-D-Glcp	47%	100.7	77.9	74.4	70.6	73.4	64.9
3,2,3,3,4,4,4,6	S	
3,2,3,3,4,4,4,2	a-D-GlcpN	54%	98.8	55.0	82.0	69.3	73.1	66.7
3,2,3,3,4,4,4,2,2	Ac	83%	175.3	23.3
3,2,3,3,4,4,4,2,6	S	
3,2,3,3,4,4,4,2,3	b-D-Glcp	53%	103.8	73.9	76.1	72.9	76.3	61.3
3,2,3,3,4,4,4,2,3,4	b-L-Fucp	27%	98.2	71.6	74.9	72.5	71.7	16.6
3,2,3,3,4,4,4,2,3,4,3	a-Neup	45%	177.2	101.1	39.3	69.8	53.1	74.1	69.8	73.1	64.1
3,2,3,3,4,4,4,2,3,4,3,5	Ac	83%	54.9	25.1
3,2,3,3,4,4,4,2,3,4,3,4	b-D-Manp	37%	101.2	71.1	82.3	73.4	74.7	61.4
3,2,3,3,4,4,4,2,3,4,3,4,4	b-D-Xylp	65%	105.0	74.9	77.6	70.8	66.2
3,2,3,3,4,4,4,2,3,4,3,4,3	a-D-Galp	63%	96.8	77.8	70.5	64.8	72.7	62.2
3,2,3,3,4,4,4,2,3,4,3,4,3,2	b-D-Glcp	54%	104.1	73.8	84.5	70.2	76.3	65.3
3,2,3,3,4,4,4,2,3,4,3,4,3,2,6	S	
3,2,3,3,4,4,4,2,3,4,3,4,3,2,3	b-D-Fucp	67%	102.7	69.5	74.1	72.4	71.9	16.1
