Linkage	Residue	Trust	H1	H2	H3	H4	H5	H6	H7	H8	H9
	a-D-GlcpN	77%	5.41	3.90	3.78	3.58	3.93	3.63
2	Ac	98%	-	2.05
3	a-D-GlcpN	34%	5.20	3.78	3.83	3.63	3.71	3.84
3,2	Ac	98%	-	2.05
3,2	b-D-GlcpA	0%	4.58	3.40	3.62	3.70	3.81	-
3,2,4	b-D-Xylp	70%	4.42	3.30	3.43	3.63	3.64-3.78
3,2,3	b-L-Fucp	14%	4.65	3.54	3.69	3.73	3.82	1.24
3,2,3,3	b-Neup	34%	-	-	1.82-2.27	4.15	3.82	4.25	3.58	3.86	3.64-3.87
3,2,3,3,5	Ac	95%	-	2.05
3,2,3,3,4	b-D-Glcp	40%	4.61	3.36	3.79	3.64	3.70	4.02-4.22
3,2,3,3,4,6	S	
3,2,3,3,4,4	a-D-Glcp	63%	5.26	3.66	3.96	3.77	3.84	4.02-4.22
3,2,3,3,4,4,6	S	
3,2,3,3,4,4,4	a-D-Glcp	30%	5.18	3.59	3.96	3.43	3.77	4.06-4.15
3,2,3,3,4,4,4,6	S	
3,2,3,3,4,4,4,2	a-D-GlcpN	65%	5.01	4.11	3.62	3.62	4.02	4-4.17
3,2,3,3,4,4,4,2,2	Ac	98%	-	2.05
3,2,3,3,4,4,4,2,6	S	
3,2,3,3,4,4,4,2,3	b-D-Glcp	26%	4.49	3.28	3.57	3.52	3.53	3.76-3.90
3,2,3,3,4,4,4,2,3,4	b-L-Fucp	16%	4.65	3.54	3.69	3.73	3.82	1.20
3,2,3,3,4,4,4,2,3,4,3	a-Neup	34%	-	-	1.76-2.73	3.73	3.86	3.74	3.58	3.86	3.64-3.87
3,2,3,3,4,4,4,2,3,4,3,5	Ac	99%	-	2.03
3,2,3,3,4,4,4,2,3,4,3,4	b-D-Manp	42%	4.83	4.12	3.87	4.08	3.59	3.38-4.27
3,2,3,3,4,4,4,2,3,4,3,4,4	b-D-Xylp	63%	4.42	3.34	3.43	3.63	3.34-3.94
3,2,3,3,4,4,4,2,3,4,3,4,3	a-D-Galp	74%	4.66	3.95	3.98	4.23	4.14	3.71-3.74
3,2,3,3,4,4,4,2,3,4,3,4,3,2	b-D-Glcp	60%	4.51	4.08	3.71	3.48	3.42	4.08-4.15
3,2,3,3,4,4,4,2,3,4,3,4,3,2,6	S	
3,2,3,3,4,4,4,2,3,4,3,4,3,2,3	b-D-Fucp	55%	4.67	3.43	3.65	3.77	3.91	1.25
