Linkage	Residue	Trust	C1	C2	C3	C4	C5	C6	C7	C8	C9
	b-D-Xylp	62%	103.4	81.0	75.5	72.6	68.4
2	b-D-Xylp	34%	106.2	75.5	76.2	71.1	64.5
2,3	b-Neup	49%	173.6	96.9	37.1	72.9	50.8	70.7	69.8	73.1	64.1
2,3,5	Ac	83%	176.3	23.6
2,3,4	a-D-Glcp	46%	95.7	71.7	80.5	71.7	72.4	65.1
2,3,4,6	S	
2,3,4,3	a-D-Galp	67%	96.1	69.8	69.3	78.4	69.3	61.3
2,3,4,3,4	a-D-Galp	71%	104.9	69.7	69.1	78.6	71.3	61.8
2,3,4,3,4,4	a-D-Glcp	58%	101.8	77.0	74.1	70.5	73.0	61.5
2,3,4,3,4,4,2	b-D-ManpA	60%	103.2	71.3	72.3	69.5	76.6	176.5
