Linkage	Residue	Trust	H1	H2	H3	H4	H5	H6
	Me	97%	3.53
1	b-D-Manp	32%	4.82	4.13	3.75	3.65	3.44	3.74-3.87
1,3	b-D-Manp	81%	4.87	4.07	3.69	3.60	3.41	3.74-3.94
1,2	a-D-GlcpN	22%	5.21	3.78	3.83	4.10	4.18	3.77-3.87
1,2,2	Ac	98%	-	2.05
1,2,2	a-D-Galp	23%	5.22	3.89	4.79	4.19	4.04	3.79-3.80
1,2,2,3	S	
1,2,2,4	a-D-Glcp	58%	5.03	3.47	4.03	3.83	3.95	3.95-4.11
1,2,2,4,3	a-D-ManpA	37%	5.01	3.92	3.78	3.76	4.27	-
1,2,2,4,3,4	a-D-Galp	34%	5.18	3.86	3.89	4	4.12	3.74-3.75
1,2,2,4,3,2	a-D-GlcpA	56%	5.15	3.59	3.84	3.94	4.51	-
1,2,2,4,3,2,4	b-D-Galp	67%	4.66	3.68	3.83	4.23	3.74	4.01
1,2,2,4,3,2,4,6	S	
1,2,2,4,3,2,4,3	b-D-GalpA	71%	4.74	3.73	3.94	4.22	4.15	-
