Lineage	Residue	Trust	C1	C2	C3	C4	C5	C6
	a-D-Glcp	87%	91.9	76.3	73.0	78.2	71.1	61.6
4	a-D-Glcp	90%	100.9	72.9	74.1	70.9	73.5	62.0
2	a-D-Galp	67%	96.9	69.5	71.5	80.4	71.4	64.5
2,6	S		
2,4	b-D-Glcp	71%	103.3	81.4	76.4	71.3	75.8	65.1
2,4,6	S		
2,4,2	b-D-Galp	57%	104.9	73.6	77.1	68.8	77.0	62.3
2,4,2,3	S		
2,4,2,2	a-D-Galp	77%	98.9	68.3	76.9	68.1	71.0	65.9
2,4,2,2,6	S		
2,4,2,2,3	b-L-Fucp	87%	101.4	71.9	74.5	81.4	71.1	16.2
2,4,2,2,3,4	b-D-GalpA	88%	104.3	71.7	74.8	80.3	75.3	173.8
2,4,2,2,3,4,4	b-D-Xylp	61%	105.2	74.2	75.0	77.5	64.1
2,4,2,2,3,4,4,4	b-D-GlcpN	95%	101.7	57.0	75.0	71.2	77.1	62.0
2,4,2,2,3,4,4,4,2	Ac	99%	175.6	23.5
