Linkage	Residue	Trust	C1	C2	C3	C4	C5	C6
	a-D-Glcp	56%	95.7	73.9	73.2	76.8	70.0	60.5
4	a-D-Glcp	67%	101.3	73.5	74.3	70.9	73.3	62.3
2	a-D-Galp	57%	96.7	69.3	72.7	81.4	73.2	61.4
2,6	S	
2,4	b-D-Glcp	51%	103.0	80.4	75.9	75.4	75.4	65.1
2,4,6	S	
2,4,2	b-D-Galp	63%	105.6	72.9	76.5	68.5	77.4	62.4
2,4,2,3	S	
2,4,2,2	a-D-Galp	51%	97.5	67.7	74.3	69.3	70.8	65.6
2,4,2,2,6	S	
2,4,2,2,3	b-L-Fucp	52%	104.8	72.1	73.1	81.1	71.7	18.4
2,4,2,2,3,4	b-D-GalpA	44%	102.0	71.2	73.3	81.0	76.8	174.4
2,4,2,2,3,4,4	b-D-Xylp	34%	105.1	74.3	76.2	72.9	65.5
2,4,2,2,3,4,4,4	b-D-GlcpN	55%	102.2	56.9	75.0	71.2	76.6	62.0
2,4,2,2,3,4,4,4,2	Ac	88%	175.6	23.4
