Linkage	Residue	Trust	H1	H2	H3	H4	H5	H6
	a-D-Glcp	66%	4.64	3.25	3.75	3.53	3.60	3.42-3.73
4	a-D-Glcp	39%	5.06	3.56	3.74	3.43	3.68	3.68-3.76
2	a-D-Galp	63%	5.17	4.18	4	4.23	4.22	3.72-3.84
2,6	S	
2,4	b-D-Glcp	54%	5.06	4.36	3.78	3.65	3.71	4.08-4.15
2,4,6	S	
2,4,2	b-D-Galp	42%	4.53	3.62	4.24	4.21	3.61	3.85-3.94
2,4,2,3	S	
2,4,2,2	a-D-Galp	26%	5.41	3.89	3.97	4.10	4.45	4-4.03
2,4,2,2,6	S	
2,4,2,2,3	b-L-Fucp	38%	4.65	3.54	3.57	3.89	3.87	1.22
2,4,2,2,3,4	b-D-GalpA	48%	4.49	3.30	3.74	4.45	4.43	-
2,4,2,2,3,4,4	b-D-Xylp	12%	4.50	3.36	3.48	3.66	3.35-3.99
2,4,2,2,3,4,4,4	b-D-GlcpN	46%	4.71	3.56	3.56	3.42	3.45	3.84-3.97
2,4,2,2,3,4,4,4,2	Ac	98%	-	2.03
