Lineage	Residue	Trust	C1	C2	C3	C4	C5	C6	C7	C8
	a-D-Glcp	100%	91.5	76.7	73.0	78.3	71.4	61.9
4	a-D-Glcp	100%	100.9	72.7	74.0	70.9	73.7	61.9
2	a-D-Galp	75%	96.9	69.6	70.7	79.9	70.4	66.0
2,6	S	50%
2,4	b-D-Glcp	75%	103.3	81.6	76.6	69.9	76.0	65.2
2,4,6	S	50%
2,4,2	b-D-Galp	50%	104.5	74.8	77.9	69.7	76.3	62.2
2,4,2,3	S	50%
2,4,2,2	a-D-Galp	88%	99.3	68.6	76.9	67.7	71.1	66.0
2,4,2,2,6	S	50%
2,4,2,2,3	b-L-Fucp	100%	100.6	71.8	74.6	81.4	71.1	16.0
2,4,2,2,3,4	b-D-GalpA	100%	105.0	71.8	74.8	80.2	75.2	173.8
2,4,2,2,3,4,4	b-D-Xylp	63%	105.4	74.0	75.0	77.5	64.1
2,4,2,2,3,4,4,4	b-D-GlcpNAc	100%	101.7	57.0	75.1	71.2	77.2	62.1	175.6	23.5
