Linkage	Residue	Trust	H1	H2	H3	H4	H5	H6
	Me	95%	3.54
1	b-D-ManpA	9%	4.61	3.99	3.69	3.83	3.89	-
1,2	b-D-ManpA	64%	4.88	4.14	3.66	3.74	3.67	-
1,4	a-D-Glcp	55%	5.12	3.58	3.78	3.66	3.68	4.04-4.15
1,4,6	S	
1,4,3	a-D-GlcpN	63%	4.85	4.08	3.78	3.58	3.93	3.72-3.89
1,4,3,2	Ac	98%	-	2.05
1,4,3,3	a-D-GlcpN	54%	5.29	3.76	3.78	3.70	3.77	3.76-3.88
1,4,3,3,2	Ac	98%	-	2.05
1,4,3,3,3	a-D-GlcpN	57%	5.35	3.91	5.22	4.01	4	3.84
1,4,3,3,3,2	Ac	98%	-	2.05
1,4,3,3,3,4	a-D-Fucp	35%	5.28	3.82	4.02	3.68	4.33	1.45
1,4,3,3,3,4,4	a-D-Manp	53%	4.97	4.02	4.04	3.81	3.79	3.70
1,4,3,3,3,4,4,4	a-D-GlcpN	34%	5.20	3.78	3.83	3.55	3.74	3.76-3.86
1,4,3,3,3,4,4,4,2	Ac	98%	-	2.05
1,4,3,3,3,4,4,4,2	b-D-Glcp	40%	4.62	3.37	3.78	3.46	3.49	4.10-4.19
1,4,3,3,3,4,4,4,2,6	S	
1,4,3,3,3,4,4,4,2,2	b-D-Glcp	81%	4.90	3.56	3.78	3.46	3.49	4.10-4.19
1,4,3,3,3,4,4,4,2,2,6	S	
1,4,3,3,3,4,4,4,2,2,2	b-D-Glcp	72%	4.49	3.29	3.36	3.52	3.39	3.65-3.95
1,4,3,3,3,4,4,4,2,2,2,6	S	
1,4,3,3,3,4,4,4,2,2,2,4	a-D-Galp	63%	5.42	3.93	4.07	4.42	4.03	3.77-3.82
1,4,3,3,3,4,4,4,2,2,2,4,3	S	
1,4,3,3,3,4,4,4,2,2,2,4,4	b-D-Galp	24%	4.53	3.62	3.70	4.06	3.87	4-4.02
1,4,3,3,3,4,4,4,2,2,2,4,4,6	S	
1,4,3,3,3,4,4,4,2,2,2,4,4,2	b-L-Fucp	65%	4.46	3.50	3.62	3.74	3.91	1.21
