Linkage	Residue	Trust	C1	C2	C3	C4	C5	C6
	Me	83%	58.4
1	b-D-GlcpN	54%	103.4	56.4	75.0	71.3	76.9	62.2
1,2	Ac	88%	175.6	23.4
1,2	a-D-GlcpN	26%	96.2	54.6	71.4	70.6	72.7	65.5
1,2,2	Ac	83%	175.3	23.3
1,2,6	S	
1,2,2	a-D-Galp	45%	99.0	77.5	73.7	71.5	71.8	61.8
1,2,2,3	S	
1,2,2,2	b-D-Galp	52%	105.2	72.5	73.8	78.2	75.7	64.3
1,2,2,2,6	S	
1,2,2,2,4	a-D-Fucp	30%	100.5	71.1	74.2	69.4	68.3	16.5
1,2,2,2,4,3	a-D-Fucp	63%	104.1	71.1	71.0	73.1	68.8	16.8
1,2,2,2,4,2	b-D-Glcp	57%	103.8	82.0	76.6	70.6	77.2	62.3
1,2,2,2,4,2,2	b-D-GlcpA	56%	101.1	74.7	77.1	77.9	77.0	175.2
1,2,2,2,4,2,2,4	a-D-Fucp	73%	99.4	69.3	70.3	73.1	68.8	16.5
