Linkage	Residue	Trust	C1	C2	C3	C4	C5	C6
	a-D-Glcp	61%	100.8	72.1	80.8	71.9	73.7	62.2
3	a-D-Glcp	34%	100.8	72.0	81.1	77.7	72.4	62.2
3,3	b-D-GalpA	64%	103.3	71.1	72.0	71.1	76.0	174.8
3,4	a-D-GlcpN	40%	98.2	54.6	71.4	70.6	73.0	65.5
3,4,2	Ac	83%	175.3	23.3
3,4,6	S	
3,4,2	b-D-Xylp	8%	103.7	74.3	76.2	72.9	65.5
3,4,2,4	a-D-GlcpN	43%	96.1	54.4	73.4	73.9	68.4	60.9
3,4,2,4,2	Ac	83%	175.3	23.3
3,4,2,4,4	a-D-Glcp	65%	97.6	76.9	73.6	70.3	71.9	64.9
3,4,2,4,4,6	S	
3,4,2,4,4,2	a-D-Galp	61%	103.0	77.5	73.7	71.5	72.1	62.3
3,4,2,4,4,2,3	S	
3,4,2,4,4,2,2	b-D-Galp	57%	105.2	72.5	83.3	69.9	75.7	65.7
3,4,2,4,4,2,2,6	S	
3,4,2,4,4,2,2,3	b-D-Galp	38%	105.5	71.6	73.7	79.4	75.8	62.1
3,4,2,4,4,2,2,3,4	b-D-Fucp	74%	105.2	72.6	74.1	72.4	71.9	16.1
3,4,2,4,4,2,2,3,2	a-D-Galp	55%	97.9	69.3	74.5	75.5	70.8	61.8
3,4,2,4,4,2,2,3,2,3	S	
3,4,2,4,4,2,2,3,2,4	b-D-GlcpN	67%	102.4	56.9	73.0	80.6	76.2	61.4
3,4,2,4,4,2,2,3,2,4,2	Ac	88%	175.6	23.4
3,4,2,4,4,2,2,3,2,4,4	b-D-Glcp	67%	101.2	78.3	76.7	69.9	77.2	65.1
3,4,2,4,4,2,2,3,2,4,4,6	S	
3,4,2,4,4,2,2,3,2,4,4,2	a-D-Galp	68%	94.4	78.5	71.8	68.3	71.9	62.4
3,4,2,4,4,2,2,3,2,4,4,2,3	S	
3,4,2,4,4,2,2,3,2,4,4,2,2	a-D-Glcp	54%	97.0	72.5	81.0	71.6	73.3	65.1
3,4,2,4,4,2,2,3,2,4,4,2,2,6	S	
3,4,2,4,4,2,2,3,2,4,4,2,2,3	a-D-GalpA	70%	98.5	70.0	70.4	71.3	72.6	175.9
