Linkage	Residue	Trust	H1	H2	H3	H4	H5	H6	H7	H8	H9
	b-D-Manp	77%	4.79	4.24	3.93	3.71	3.44	3.73-3.85
3	b-D-Manp	68%	4.87	3.50	3.47	3.70	3.41	3.74-3.94
3,3	b-D-Galp	46%	4.98	3.60	3.98	3.93	3.70	3.74-3.75
3,3,3	a-Neup	72%	-	-	1.80-3.01	4.10	3.99	3.56	3.59	3.82	3.63-3.84
3,3,3,5	Ac	99%	-	2.03
3,3,3,4	b-D-GlcpN	24%	4.69	3.60	3.66	3.57	3.49	4.06-4.13
3,3,3,4,2	Ac	98%	-	2.03
3,3,3,4,6	S	
3,3,3,4,2	b-D-Galp	19%	4.54	3.60	3.88	4.12	3.82	3.72-3.84
3,3,3,4,2,6	S	
3,3,3,4,2,4	b-D-Glcp	25%	4.56	3.36	3.75	3.66	3.51	4.08-4.15
3,3,3,4,2,4,6	S	
3,3,3,4,2,4,3	b-D-ManpA	41%	4.73	3.35	3.85	3.83	3.35	-
3,3,3,4,2,4,3,3	b-D-Manp	66%	4.83	4.07	3.64	3.57	3.38	3.72-3.92
3,3,3,4,2,4,3,4	a-D-Fucp	56%	4.97	3.70	3.94	3.54	4.29	1.22
3,3,3,4,2,4,3,4,2	b-D-Glcp	54%	4.63	3.37	3.64	3.71	3.68	4.06-4.16
3,3,3,4,2,4,3,4,2,6	S	
3,3,3,4,2,4,3,4,2,4	b-D-Fucp	52%	4.67	3.58	3.73	4	3.82	1.32
3,3,3,4,2,4,3,4,2,4,4	a-D-Xylp	7%	5.10	3.61	3.70	3.66	3.67-3.76
3,3,3,4,2,4,3,4,2,4,4,3	a-D-GlcpA	37%	5.18	3.61	3.78	3.61	4.20	-
