Linkage	Residue	Trust	C1	C2	C3	C4	C5	C6	C7	C8	C9
	b-D-GlcpN	81%	92.3	56.5	73.0	79.8	75.7	61.0
2	Ac	88%	175.6	23.4
4	b-D-Glcp	67%	101.2	78.3	76.7	69.9	77.2	65.1
4,6	S	
4,2	a-D-Galp	61%	98.0	69.8	70.7	77.3	71.9	63.2
4,2,4	b-D-Glcp	53%	103.7	75.7	82.6	76.6	76.2	61.7
4,2,4,3	b-D-Xylp	67%	104.8	75.0	78.1	70.4	67.1
4,2,4,4	b-D-Fucp	43%	103.4	76.5	73.2	82.2	71.7	16.4
4,2,4,4,2	a-D-GalpA	70%	99.1	69.4	70.0	71.3	72.6	175.9
4,2,4,4,4	a-D-ManpA	33%	101.4	78.5	?	73.3	73.1	175.9
4,2,4,4,4,4	b-L-Fucp	69%	104.1	72.0	73.7	72.4	71.9	16.1
4,2,4,4,4,2	a-D-Fucp	34%	94.9	73.2	70.7	75.1	68.2	16.7
4,2,4,4,4,2,2	a-D-Glcp	70%	98.1	72.7	74.1	70.5	72.6	61.5
4,2,4,4,4,2,4	a-D-Glcp	26%	99.2	73.0	74.5	70.6	72.4	64.9
4,2,4,4,4,2,4,6	S	
4,2,4,4,4,2,4,3	b-Neup	51%	174.5	96.9	41.1	69.2	53.3	70.7	69.8	73.3	64.2
4,2,4,4,4,2,4,3,5	Ac	83%	176.3	23.6
