Linkage	Residue	Trust	H1	H2	H3	H4	H5	H6
	b-D-Galp	73%	4.57	3.67	3.72	3.93	3.66	3.83-3.85
2	a-D-GlcpN	66%	5.03	4.07	3.95	3.81	3.92	4.11-4.18
2,2	Ac	98%	-	2.05
2,6	S	
2,4	b-D-Galp	58%	4.46	3.61	3.74	4.06	3.70	4.01
2,4,6	S	
2,4,3	a-D-Glcp	68%	5.29	3.67	3.88	3.50	3.87	3.82-3.84
2,4,3,2	a-D-Galp	47%	5.17	4.03	4.11	4.22	4.57	3.67-3.93
2,4,3,2,6	S	
2,4,3,2,4	b-D-GlcpN	60%	4.79	3.82	3.82	3.71	3.34	4.09-4.16
2,4,3,2,4,2	Ac	98%	-	2.03
2,4,3,2,4,6	S	
2,4,3,2,4,3	b-D-GalpA	48%	4.55	3.58	3.73	4.40	4.18	-
2,4,3,2,4,3,4	a-D-GlcpA	34%	5.14	3.69	3.83	3.75	4.25	-
2,4,3,2,4,3,4,4	b-D-GlcpA	83%	4.49	3.52	3.72	3.55	3.87	-
2,4,3,2,4,3,4,2	b-D-GlcpN	59%	4.64	3.74	3.75	3.75	3.68	3.83-3.95
2,4,3,2,4,3,4,2,2	Ac	98%	-	2.03
2,4,3,2,4,3,4,2,6	S	
2,4,3,2,4,3,4,2,4	b-D-GalpA	57%	4.66	3.70	3.76	4.39	4.14	-
2,4,3,2,4,3,4,2,4,2	a-D-GalpA	49%	5.21	3.94	3.76	4.37	4.82	-
2,4,3,2,4,3,4,2,4,2,4	b-D-GlcpA	30%	5.10	3.41	4.44	3.81	3.43	-
2,4,3,2,4,3,4,2,4,2,4,3	b-D-Galp	71%	4.85	3.50	3.65	3.92	3.68	3.71-3.76
2,4,3,2,4,3,4,2,4,2,4,2	b-D-GalpA	13%	4.55	3.62	3.75	4.22	4.14	-
2,4,3,2,4,3,4,2,4,2,4,2,2	b-L-Fucp	63%	4.46	3.50	3.62	3.79	3.91	1.30
