Linkage	Residue	Trust	H1	H2	H3	H4	H5	H6	H7	H8	H9
	b-D-ManpA	34%	4.91	4.14	3.85	3.65	3.67	-
3	b-D-ManpA	11%	4.86	3.99	3.69	3.74	3.68	-
3,3	a-Neup	57%	-	-	1.76-2.73	3.73	4.04	3.80	3.65	3.88	3.65-3.88
3,3,5	Ac	99%	-	2.03
3,3,4	a-D-Glcp	29%	5.06	3.58	3.81	3.48	3.63	4.08-4.16
3,3,4,6	S	
3,3,4,3	b-Neup	41%	-	-	1.82-2.27	4.03	3.82	4.25	3.58	3.86	3.64-3.87
3,3,4,3,5	Ac	95%	-	2.05
3,3,4,3,4	a-D-GlcpN	41%	4.88	3.76	3.96	3.60	4.05	4.08-4.16
3,3,4,3,4,2	Ac	98%	-	2.05
3,3,4,3,4,6	S	
3,3,4,3,4,3	a-D-GalpA	68%	5.43	4.02	3.75	4.48	4.41	-
3,3,4,3,4,3,3	b-D-GlcpN	65%	4.71	3.86	3.75	3.73	3.46	3.76-3.87
3,3,4,3,4,3,3,2	Ac	98%	-	2.03
3,3,4,3,4,3,3,4	a-D-Galp	58%	5.71	3.90	4.29	4.11	3.88	3.75-3.91
3,3,4,3,4,3,3,4,3	S	
3,3,4,3,4,3,3,4,2	b-D-GlcpN	30%	4.69	3.60	3.66	3.58	3.40	3.72-3.89
3,3,4,3,4,3,3,4,2,2	Ac	98%	-	2.03
3,3,4,3,4,3,3,4,2,2	b-D-GlcpN	30%	4.70	3.58	3.74	3.58	3.54	4.09-4.16
3,3,4,3,4,3,3,4,2,2,2	Ac	98%	-	2.03
3,3,4,3,4,3,3,4,2,2,6	S	
3,3,4,3,4,3,3,4,2,2,3	b-D-ManpA	33%	4.61	3.99	4.75	3.74	3.75	-
3,3,4,3,4,3,3,4,2,2,3,2	a-D-Glcp	41%	5.03	3.58	3.82	3.47	3.69	3.76-3.83
3,3,4,3,4,3,3,4,2,2,3,2,3	b-D-GlcpN	68%	4.86	3.78	3.75	3.75	3.61	3.89-3.99
3,3,4,3,4,3,3,4,2,2,3,2,3,2	Ac	98%	-	2.03
3,3,4,3,4,3,3,4,2,2,3,2,3,4	b-D-Galp	48%	4.53	3.71	3.79	3.97	3.71	3.75-3.78
3,3,4,3,4,3,3,4,2,2,3,2,3,4,3	a-D-ManpA	46%	5.05	3.89	3.74	3.74	4.21	-
