Lineage	Residue	Trust	C1	C2	C3	C4	C5	C6
	b-D-Galp	87%	97.1	80.7	73.9	78.7	75.6	62.3
4	b-D-Galp	96%	105.4	72.1	74.1	70.0	76.2	62.2
2	b-D-Galp	81%	104.9	70.8	79.5	66.5	75.2	65.6
2,6	S		
2,3	a-D-Fucp	93%	95.9	78.6	69.5	73.0	67.8	16.5
2,3,2	b-D-Galp	88%	105.5	70.4	76.8	76.5	74.1	62.0
2,3,2,3	S		
2,3,2,4	a-D-GlcpN	55%	99.4	55.1	71.5	78.2	73.2	67.5
2,3,2,4,2	Ac	98%	175.3	23.2
2,3,2,4,6	S		175.4
2,3,2,4,4	a-D-Glcp	82%	100.8	70.9	80.3	70.5	72.6	65.1
2,3,2,4,4,6	S		
2,3,2,4,4,3	a-D-Fucp	88%	99.9	69.3	69.9	82.3	67.4	15.9
2,3,2,4,4,3,4	a-D-GlcpN	94%	99.0	55.3	72.1	71.5	73.2	62.0
2,3,2,4,4,3,4,2	Ac	98%	175.3	23.2
