Lineage	Residue	Trust	C1	C2	C3	C4	C5	C6	C7	C8
	b-D-Galp	100%	96.3	81.4	75.2	78.6	75.6	62.2
4	b-D-Galp	100%	105.5	71.8	74.1	70.0	76.3	62.2
2	b-D-Galp	88%	104.6	70.4	79.5	66.4	75.2	65.8
2,6	S	50%
2,3	a-D-Fucp	100%	96.2	78.7	69.4	73.0	67.8	16.5
2,3,2	b-D-Galp	100%	105.6	70.4	77.5	75.5	74.1	62.2
2,3,2,3	S	50%
2,3,2,4	a-D-GlcpNAc	50%	98.2	55.3	72.3	78.2	70.7	64.6	175.4	23.2
2,3,2,4,6	S	50%
2,3,2,4,4	a-D-Glcp	88%	101.0	71.2	80.3	70.1	72.7	65.1
2,3,2,4,4,6	S	50%
2,3,2,4,4,3	a-D-Fucp	100%	100.0	69.1	69.9	82.3	67.4	15.8
2,3,2,4,4,3,4	a-D-GlcpNAc	100%	98.9	55.3	72.0	71.4	73.3	61.9	175.4	23.2
