Linkage	Residue	Trust	C1	C2	C3	C4	C5	C6
	Me	83%	58.4
1	b-D-GlcpN	73%	101.5	55.8	82.8	70.2	76.3	62.1
1,2	Ac	88%	175.6	23.4
1,3	b-D-GlcpN	73%	102.2	56.7	74.2	79.4	75.6	61.4
1,3,2	Ac	88%	175.6	23.4
1,3,4	b-D-Galp	66%	100.2	76.8	76.5	70.2	72.5	61.7
1,3,4,3	S	
1,3,4,2	a-L-Fucp	69%	100.3	78.4	70.8	73.1	67.7	16.4
1,3,4,2,2	b-D-Galp	40%	105.1	72.9	76.4	75.9	75.8	62.3
1,3,4,2,2,3	S	
1,3,4,2,2,4	b-D-ManpA	47%	101.7	71.7	73.0	69.5	75.8	176.5
1,3,4,2,2,4,3	b-L-Fucp	20%	98.2	72.7	74.9	71.6	71.7	17.3
1,3,4,2,2,4,3,2	b-D-Glcp	73%	103.6	74.8	76.4	70.5	76.9	62.8
1,3,4,2,2,4,3,3	a-D-Galp	46%	97.5	67.3	78.9	70.2	71.8	62.2
1,3,4,2,2,4,3,3,3	b-L-Fucp	27%	98.2	72.7	74.9	70.9	71.7	16.8
1,3,4,2,2,4,3,3,3,2	a-D-Glcp	71%	98.1	72.8	74.1	70.5	73.1	61.6
1,3,4,2,2,4,3,3,3,3	a-D-Fucp	49%	98.7	69.7	68.2	70.9	68.2	16.5
1,3,4,2,2,4,3,3,3,3,3	a-D-GlcpA	54%	101.3	72.1	81.9	71.3	73.3	175.0
1,3,4,2,2,4,3,3,3,3,3,3	b-D-Xylp	58%	104.6	73.4	86.8	69.2	66.2
1,3,4,2,2,4,3,3,3,3,3,3,3	b-D-ManpA	48%	94.7	74.4	74.6	69.5	77.0	176.5
1,3,4,2,2,4,3,3,3,3,3,3,3,2	a-D-GlcpN	53%	99.3	53.7	79.0	71.8	72.7	61.5
1,3,4,2,2,4,3,3,3,3,3,3,3,2,2	Ac	83%	175.3	23.3
1,3,4,2,2,4,3,3,3,3,3,3,3,2,3	a-D-Xylp	45%	100.6	72.7	73.1	73.7	61.2
