Linkage	Residue	Trust	H1	H2	H3	H4	H5	H6
	Me	97%	3.42
1	a-D-Fucp	59%	5.03	3.96	4.04	3.83	4.08	1.24
1,2	a-D-Glcp	49%	5.42	3.77	3.96	3.51	3.83	4.06-4.15
1,2,6	S	
1,2,2	a-D-GlcpN	55%	5.01	4.01	3.88	3.72	3.93	4-4.17
1,2,2,2	Ac	98%	-	2.05
1,2,2,6	S	
1,2,2,4	b-D-GalpA	10%	4.55	3.62	3.75	4.45	4.43	-
1,2,2,4,2	a-D-ManpA	55%	5.12	4.02	3.83	3.74	4.21	-
1,2,2,4,4	b-D-Galp	54%	4.62	3.56	3.70	3.98	3.75	3.82-3.90
1,2,2,4,4,6	S	
1,2,2,4,4,4	a-D-Glcp	34%	5.18	3.59	3.96	3.51	4.30	4.06
1,2,2,4,4,4,6	S	
1,2,2,4,4,4,2	a-D-GlcpN	52%	5.45	3.96	3.84	3.44	4.30	4.06
1,2,2,4,4,4,2,2	Ac	98%	-	2.05
1,2,2,4,4,4,2,6	S	
1,2,2,4,4,4,2,4	b-D-GlcpN	64%	4.60	3.77	3.93	3.67	3.54	3.78-3.88
1,2,2,4,4,4,2,4,2	Ac	98%	-	2.03
1,2,2,4,4,4,2,4,6	S	
1,2,2,4,4,4,2,4,4	a-D-GlcpN	28%	5.20	3.78	3.83	3.41	3.71	4.08-4.15
1,2,2,4,4,4,2,4,4,2	Ac	98%	-	2.05
1,2,2,4,4,4,2,4,4,6	S	
1,2,2,4,4,4,2,4,4,2	a-D-GlcpN	28%	5.23	3.73	5.22	4.01	4	3.77-3.96
1,2,2,4,4,4,2,4,4,2,2	Ac	98%	-	2.05
1,2,2,4,4,4,2,4,4,2,4	a-D-Galp	67%	5.46	3.86	3.89	3.93	3.74	3.78-3.80
