Linkage	Residue	Trust	C1	C2	C3	C4	C5	C6	C7	C8	C9
	Me	83%	58.4
1	b-D-GlcpN	54%	103.4	56.4	75.0	71.3	76.9	62.2
1,2	Ac	88%	175.6	23.4
1,2	b-D-Galp	49%	104.2	71.1	83.3	69.3	74.6	65.9
1,2,6	S	
1,2,3	b-D-GlcpN	86%	104.0	56.3	73.5	79.4	76.1	61.1
1,2,3,2	Ac	88%	175.6	23.4
1,2,3,4	b-D-Galp	70%	104.1	71.3	74.1	78.1	75.8	61.9
1,2,3,4,3	S	
1,2,3,4,4	b-D-Glcp	73%	104.4	75.2	73.6	78.6	74.9	64.8
1,2,3,4,4,6	S	
1,2,3,4,4,4	a-D-Galp	42%	103.1	72.3	70.6	70.4	71.4	66.0
1,2,3,4,4,4,6	S	
1,2,3,4,4,4,2	a-D-GlcpN	31%	98.8	55.0	71.4	70.4	72.7	65.5
1,2,3,4,4,4,2,2	Ac	83%	175.3	23.3
1,2,3,4,4,4,2,6	S	
1,2,3,4,4,4,2,4	b-L-Fucp	19%	98.2	72.7	74.9	73.3	71.7	17.3
1,2,3,4,4,4,2,4,3	a-D-Fucp	65%	104.1	71.1	71.0	73.1	68.8	16.5
1,2,3,4,4,4,2,4,2	a-D-Glcp	55%	98.9	72.5	73.3	78.0	72.3	69.4
1,2,3,4,4,4,2,4,2,6	S	
1,2,3,4,4,4,2,4,2,4	a-D-Glcp	53%	97.1	73.2	71.2	70.6	73.3	65.7
1,2,3,4,4,4,2,4,2,4,6	S	
1,2,3,4,4,4,2,4,2,4,3	a-D-Manp	51%	102.4	70.4	74.3	67.1	73.8	62.2
1,2,3,4,4,4,2,4,2,4,3,3	b-Neup	35%	173.6	96.9	40.2	67.4	54.2	70.7	69.8	73.1	64.1
1,2,3,4,4,4,2,4,2,4,3,3,5	Ac	83%	176.3	23.6
1,2,3,4,4,4,2,4,2,4,3,3,4	b-Neup	33%	175.5	96.9	40.2	67.4	54.2	70.7	69.8	73.1	64.1
1,2,3,4,4,4,2,4,2,4,3,3,4,5	Ac	83%	176.3	23.6
1,2,3,4,4,4,2,4,2,4,3,3,4,4	b-D-Xylp	15%	103.7	74.3	76.2	70.5	65.5
1,2,3,4,4,4,2,4,2,4,3,3,4,4,3	a-D-Galp	65%	100.4	69.9	70.4	70.3	72.0	62.1
