Linkage	Residue	Trust	H1	H2	H3	H4	H5	H6	H7	H8	H9
	Me	95%	3.49
1	b-D-GlcpN	25%	4.71	3.57	3.67	3.42	3.67	3.72-3.93
1,2	Ac	98%	-	2.03
1,2	b-D-Galp	44%	4.54	3.60	3.72	4.19	3.86	4.04
1,2,6	S	
1,2,3	b-D-GlcpN	91%	4.73	3.82	3.76	3.75	3.60	3.87-3.98
1,2,3,2	Ac	98%	-	2.03
1,2,3,4	b-D-Galp	78%	4.48	3.74	3.81	4.34	3.79	3.73-3.75
1,2,3,4,3	S	
1,2,3,4,4	b-D-Glcp	85%	4.72	3.32	3.68	3.76	3.87	3.65-3.95
1,2,3,4,4,6	S	
1,2,3,4,4,4	a-D-Galp	31%	5.21	3.90	4.04	3.93	3.73	4.06
1,2,3,4,4,4,6	S	
1,2,3,4,4,4,2	a-D-GlcpN	27%	5.01	4.01	3.83	3.62	4.02	4.08-4.15
1,2,3,4,4,4,2,2	Ac	98%	-	2.05
1,2,3,4,4,4,2,6	S	
1,2,3,4,4,4,2,4	b-L-Fucp	22%	4.65	3.65	3.69	3.85	3.82	1.30
1,2,3,4,4,4,2,4,3	a-D-Fucp	54%	5.05	3.75	3.87	3.79	4.30	1.22
1,2,3,4,4,4,2,4,2	a-D-Glcp	51%	5.42	3.64	3.87	3.64	3.82	4.02-4.22
1,2,3,4,4,4,2,4,2,6	S	
1,2,3,4,4,4,2,4,2,4	a-D-Glcp	64%	5.07	3.72	3.95	3.61	3.67	4.04-4.11
1,2,3,4,4,4,2,4,2,4,6	S	
1,2,3,4,4,4,2,4,2,4,3	a-D-Manp	26%	5.20	4.12	3.96	3.80	3.93	3.72-3.79
1,2,3,4,4,4,2,4,2,4,3,3	b-Neup	34%	-	-	1.82-2.27	4.15	3.82	4.25	3.58	3.86	3.64-3.87
1,2,3,4,4,4,2,4,2,4,3,3,5	Ac	95%	-	2.05
1,2,3,4,4,4,2,4,2,4,3,3,4	b-Neup	34%	-	-	1.82-2.27	4.15	3.82	4.25	3.58	3.86	3.64-3.87
1,2,3,4,4,4,2,4,2,4,3,3,4,5	Ac	95%	-	2.05
1,2,3,4,4,4,2,4,2,4,3,3,4,4	b-D-Xylp	0%	4.50	3.31	3.49	3.61	3.35-4
1,2,3,4,4,4,2,4,2,4,3,3,4,4,3	a-D-Galp	60%	5.21	3.84	3.89	3.94	4.12	3.91
