Linkage	Residue	Trust	H1	H2	H3	H4	H5	H6
	b-D-GlcpA	69%	4.68	3.46	3.75	3.62	3.77	-
3	b-D-GlcpA	29%	5.14	3.61	3.69	3.75	3.87	-
3,4	a-D-GlcpN	58%	5.37	3.76	3.78	3.66	3.63	3.77-3.81
3,4,2	Ac	98%	-	2.05
3,4,3	a-D-GlcpN	66%	4.92	3.72	3.89	3.74	3.89	3.86-4
3,4,3,2	Ac	98%	-	2.05
3,4,3,4	b-D-Glcp	53%	4.51	3.35	3.66	3.50	3.57	3.72-3.83
3,4,3,4,4	b-D-GlcpN	22%	4.69	3.60	3.66	3.43	3.52	4.06-4.13
3,4,3,4,4,2	Ac	98%	-	2.03
3,4,3,4,4,6	S	
3,4,3,4,4,2	a-D-Glcp	27%	5.19	3.58	3.87	3.61	4.01	4.06-4.14
3,4,3,4,4,2,6	S	
3,4,3,4,4,2,3	b-D-Xylp	10%	4.50	3.32	3.48	3.60	3.32-3.94
3,4,3,4,4,2,3,2	a-D-GlcpN	27%	5.20	3.78	3.83	3.57	4.06	4.08-4.15
3,4,3,4,4,2,3,2,2	Ac	98%	-	2.05
3,4,3,4,4,2,3,2,6	S	
3,4,3,4,4,2,3,2,2	b-D-Galp	19%	4.54	3.60	3.88	4.12	3.82	3.72-3.84
3,4,3,4,4,2,3,2,2,6	S	
3,4,3,4,4,2,3,2,2,4	b-D-Glcp	71%	4.69	3.68	3.58	3.45	3.50	4.08-4.15
3,4,3,4,4,2,3,2,2,4,6	S	
3,4,3,4,4,2,3,2,2,4,2	a-D-Fucp	44%	5.46	3.84	4.04	4	4.06	1.25
3,4,3,4,4,2,3,2,2,4,2,4	a-D-GalpA	59%	5.09	4.10	4.01	4.50	4.22	-
3,4,3,4,4,2,3,2,2,4,2,4,3	a-D-Glcp	81%	5.15	3.59	3.64	3.44	3.96	3.76-3.83
