Linkage	Residue	Trust	H1	H2	H3	H4	H5	H6	H7	H8	H9
	b-D-ManpA	18%	4.80	3.99	3.69	3.83	3.69	-
4	b-D-ManpA	81%	4.67	3.99	3.66	3.74	3.67	-
3	b-D-Manp	37%	4.83	4.05	3.72	3.93	3.58	3.83-3.94
3,4	a-L-Fucp	43%	5.38	4.02	3.94	3.98	4.37	1.21
3,4,3	b-D-Xylp	31%	4.64	3.24	3.74	3.61	3.33-4
3,4,3,3	a-D-Glcp	21%	5.25	3.58	3.81	3.48	4.03	3.80-3.85
3,4,3,3,3	b-Neup	41%	-	-	1.82-2.27	4.03	3.82	4.25	3.58	3.86	3.64-3.87
3,4,3,3,3,5	Ac	95%	-	2.05
3,4,3,3,3,4	a-D-GlcpN	34%	4.88	3.76	3.81	3.65	3.91	4.08-4.16
3,4,3,3,3,4,2	Ac	98%	-	2.05
3,4,3,3,3,4,6	S	
3,4,3,3,3,4,3	a-L-Fucp	17%	5.07	3.88	3.94	3.91	4.30	1.33
3,4,3,3,3,4,3,3	b-D-Manp	46%	4.83	4.12	3.64	3.80	3.46	3.75-3.94
3,4,3,3,3,4,3,4	a-L-Fucp	71%	5.10	4.12	4.29	3.86	4.30	1.21
3,4,3,3,3,4,3,4,2	a-D-Galp	61%	5.39	3.87	4.05	4.08	4.27	3.82-3.96
3,4,3,3,3,4,3,4,2,4	a-L-Fucp	73%	5.12	3.66	3.88	4.08	4.11	1.25
