Linkage	Residue	Trust	C1	C2	C3	C4	C5	C6	C7	C8	C9
	Me	84%	58.1
1	b-D-Fucp	60%	102.2	80.3	78.1	76.8	72.4	18.5
1,2	b-D-Glcp	56%	102.1	78.1	79.3	69.9	77.0	65.1
1,2,6	S	
1,2,2	a-D-Galp	68%	98.0	69.8	70.7	77.6	71.9	63.6
1,2,2,6	S	
1,2,2,4	a-D-GlcpN	59%	98.9	54.8	71.0	79.7	71.5	62.7
1,2,2,4,2	Ac	83%	175.3	23.3
1,2,2,4,6	S	
1,2,2,4,4	a-D-GlcpN	42%	98.1	55.3	74.1	71.0	76.7	65.4
1,2,2,4,4,2	Ac	83%	175.3	23.3
1,2,2,4,4,6	S	
1,2,2,4,4,3	b-L-Fucp	30%	98.2	71.1	74.9	72.5	71.7	16.6
1,2,2,4,4,3,3	b-Neup	48%	175.1	96.9	40.9	78.0	51.4	70.7	69.8	71.9	64.6
1,2,2,4,4,3,3,5	Ac	83%	176.3	23.6
1,2,2,4,4,3,3,4	b-D-GlcpN	27%	102.2	56.4	74.1	71.3	76.0	62.3
1,2,2,4,4,3,3,4,2	Ac	88%	175.6	23.4
1,2,2,4,4,3,3,4,2	a-D-GlcpA	15%	99.7	72.6	73.1	75.8	73.1	175.9
1,2,2,4,4,3,3,4,2,4	b-L-Fucp	18%	98.2	72.7	73.7	81.1	71.7	15.4
1,2,2,4,4,3,3,4,2,4,2	a-D-ManpA	63%	101.5	70.9	71.3	69.5	73.2	175.8
1,2,2,4,4,3,3,4,2,4,4	b-D-Galp	19%	104.2	71.6	76.3	69.6	75.8	61.9
1,2,2,4,4,3,3,4,2,4,4,2	a-D-Fucp	70%	100.5	69.3	71.0	73.1	68.8	15.6
1,2,2,4,4,3,3,4,2,4,4,3	b-L-Fucp	46%	104.8	72.1	73.7	80.2	71.7	16.4
1,2,2,4,4,3,3,4,2,4,4,3,4	a-D-GalpA	35%	100.5	70.3	71.5	70.6	72.1	174.6
1,2,2,4,4,3,3,4,2,4,4,3,4,2	a-D-GalpA	67%	96.4	68.5	69.9	71.1	72.1	175.0
1,2,2,4,4,3,3,4,2,4,4,3,4,3	b-D-Xylp	50%	105.1	74.1	85.2	70.5	65.5
1,2,2,4,4,3,3,4,2,4,4,3,4,3,3	b-D-GlcpN	40%	103.6	56.4	74.1	71.3	78.0	62.7
1,2,2,4,4,3,3,4,2,4,4,3,4,3,3,2	Ac	88%	175.6	23.4
1,2,2,4,4,3,3,4,2,4,4,3,4,3,3,2	a-D-Xylp	32%	98.5	72.0	73.1	73.7	61.2
