Linkage	Residue	Trust	C1	C2	C3	C4	C5	C6
	a-D-Manp	79%	94.4	70.4	78.7	66.2	72.9	61.3
3	a-D-Manp	59%	103.6	71.1	79.7	78.0	74.8	61.6
3,4	b-D-Manp	68%	101.0	71.4	73.8	67.6	78.2	61.6
3,3	a-D-Manp	67%	102.5	78.2	71.1	68.0	74.4	61.8
3,3,2	a-D-Galp	60%	100.9	69.8	70.3	79.7	72.1	66.1
3,3,2,6	S	
3,3,2,4	b-D-Fucp	54%	103.0	72.2	73.9	78.7	71.7	16.4
3,3,2,4,4	a-D-Galp	56%	101.1	69.1	75.6	75.8	71.2	61.6
3,3,2,4,4,3	S	
3,3,2,4,4,4	b-D-Galp	50%	103.2	72.0	76.1	68.0	75.4	65.3
3,3,2,4,4,4,6	S	
3,3,2,4,4,4,3	a-D-Glcp	47%	99.7	71.4	73.3	77.4	71.2	61.6
3,3,2,4,4,4,3,4	a-D-Xylp	21%	100.7	72.6	72.9	73.7	61.4
3,3,2,4,4,4,3,4,3	b-D-GalpA	66%	104.9	72.5	73.6	71.1	76.0	174.8
