Linkage	Residue	Trust	H1	H2	H3	H4	H5	H6
	a-D-Manp	88%	5.21	4.18	3.99	3.85	3.93	3.82-3.94
3	a-D-Manp	35%	5.13	4.23	3.96	3.80	3.87	3.78-3.86
3,4	b-D-Manp	58%	4.68	3.98	3.86	3.57	3.51	3.66-3.84
3,3	a-D-Manp	73%	4.91	3.86	3.93	4.02	3.76	3.77-3.88
3,3,2	a-D-Galp	54%	5.12	3.83	3.98	4.23	3.91	4-4.05
3,3,2,6	S	
3,3,2,4	b-D-Fucp	50%	4.90	3.57	3.73	4	3.82	1.16
3,3,2,4,4	a-D-Galp	59%	4.99	4.05	4.43	4.42	4.01	3.72-3.83
3,3,2,4,4,3	S	
3,3,2,4,4,4	b-D-Galp	54%	4.87	3.42	3.74	4.06	3.70	4.01
3,3,2,4,4,4,6	S	
3,3,2,4,4,4,3	a-D-Glcp	47%	5.20	3.61	3.85	3.66	3.82	3.78-3.95
3,3,2,4,4,4,3,4	a-D-Xylp	23%	5.30	3.89	3.70	3.66	3.67-3.76
3,3,2,4,4,4,3,4,3	b-D-GalpA	54%	4.71	3.54	3.73	4.22	4.15	-
