Linkage	Residue	Trust	C1	C2	C3	C4	C5	C6	C7	C8	C9
	a-D-Fucp	60%	93.6	69.3	70.1	82.4	68.9	16.9
4	a-D-Fucp	67%	100.4	69.3	70.8	72.9	67.5	16.3
2	a-D-GlcpN	30%	98.8	55.0	74.0	70.4	72.7	65.4
2,2	Ac	83%	175.3	23.3
2,6	S	
2,3	b-Neup	47%	174.5	96.9	37.1	72.9	50.8	70.7	69.8	73.1	64.1
2,3,5	Ac	83%	176.3	23.6
2,3,4	a-D-Galp	49%	95.7	77.8	70.4	71.6	71.8	62.1
2,3,4,2	b-D-Xylp	55%	103.7	73.9	75.2	75.5	63.6
2,3,4,2,4	a-L-Fucp	52%	98.7	69.0	69.6	80.2	67.5	16.9
2,3,4,2,4,4	a-D-Glcp	73%	100.6	72.9	74.1	70.6	73.1	62.1
