Linkage	Residue	Trust	C1	C2	C3	C4	C5	C6
	Me	92%	57.6
1	b-D-Manp	75%	101.5	80.0	73.3	68.5	77.3	62.2
1,2	b-D-Manp	74%	102.3	71.7	81.1	66.2	77.5	62.3
1,2,3	b-D-Galp	34%	104.8	73.0	73.7	71.3	76.0	60.8
1,2,3,4	b-L-Fucp	13%	98.2	72.7	73.7	72.5	71.7	18.2
1,2,3,4,2	a-L-Fucp	71%	100.5	69.3	71.0	73.1	68.8	16.5
1,2,3,4,4	a-D-Galp	57%	100.8	77.5	73.7	71.5	71.8	61.8
1,2,3,4,4,3	S	
1,2,3,4,4,2	b-D-Galp	57%	105.2	72.5	73.8	77.9	75.7	62.0
1,2,3,4,4,2,6	S	
1,2,3,4,4,2,4	b-D-Galp	56%	103.3	75.2	74.1	69.9	75.4	65.7
1,2,3,4,4,2,4,6	S	
1,2,3,4,4,2,4,2	a-D-Xylp	2%	98.5	72.1	72.9	73.2	61.4
1,2,3,4,4,2,4,2,2	b-D-Fucp	66%	102.9	72.1	73.7	72.4	71.9	16.1
1,2,3,4,4,2,4,2,4	a-D-Galp	58%	101.3	69.7	69.3	78.6	72.3	65.3
1,2,3,4,4,2,4,2,4,6	S	
1,2,3,4,4,2,4,2,4,4	a-D-Galp	51%	101.2	69.4	76.5	68.0	71.5	65.6
1,2,3,4,4,2,4,2,4,4,6	S	
1,2,3,4,4,2,4,2,4,4,3	a-D-GalpA	42%	97.1	68.6	69.1	75.5	71.5	172.5
1,2,3,4,4,2,4,2,4,4,3,4	b-L-Fucp	36%	105.5	72.7	73.7	72.4	71.7	16.1
1,2,3,4,4,2,4,2,4,4,3,4,2	b-D-GlcpA	57%	101.1	75.1	76.9	73.4	77.6	176.3
