Linkage	Residue	Trust	C1	C2	C3	C4	C5	C6	C7	C8	C9
	Me	83%	56.0
1	a-D-GlcpN	72%	98.6	54.1	70.4	79.3	72.1	60.5
1,2	Ac	83%	175.3	23.3
1,4	b-D-Glcp	70%	104.0	73.0	83.5	70.7	75.8	65.5
1,4,6	S	
1,4,3	a-D-GlcpN	42%	99.2	54.6	71.4	71.0	72.4	61.6
1,4,3,2	Ac	83%	175.3	23.3
1,4,3,2	a-D-GlcpN	47%	96.2	52.8	76.3	71.4	72.7	65.4
1,4,3,2,2	Ac	83%	175.3	23.3
1,4,3,2,6	S	
1,4,3,2,3	a-D-Glcp	54%	100.6	73.0	73.3	77.8	73.1	62.1
1,4,3,2,3,4	a-D-Glcp	62%	100.7	72.8	74.3	76.5	70.7	62.0
1,4,3,2,3,4,4	b-D-Fucp	36%	104.0	72.1	74.9	72.5	71.7	16.4
1,4,3,2,3,4,4,3	b-Neup	38%	175.1	96.9	40.2	67.4	54.2	70.7	69.8	73.1	64.1
1,4,3,2,3,4,4,3,5	Ac	83%	176.3	23.6
1,4,3,2,3,4,4,3,4	b-D-Xylp	15%	103.7	74.3	76.2	70.5	65.5
1,4,3,2,3,4,4,3,4,3	a-D-GlcpN	53%	96.8	55.6	73.4	73.9	68.4	60.9
1,4,3,2,3,4,4,3,4,3,2	Ac	83%	175.3	23.3
1,4,3,2,3,4,4,3,4,3,4	a-D-Glcp	63%	99.1	81.3	73.5	71.2	71.9	64.9
1,4,3,2,3,4,4,3,4,3,4,6	S	
1,4,3,2,3,4,4,3,4,3,4,2	b-D-GlcpN	59%	102.0	56.8	73.5	79.6	76.2	63.7
1,4,3,2,3,4,4,3,4,3,4,2,2	Ac	88%	175.6	23.4
1,4,3,2,3,4,4,3,4,3,4,2,6	S	
1,4,3,2,3,4,4,3,4,3,4,2,4	b-D-GlcpA	49%	98.4	74.1	76.7	73.0	76.5	177.2
1,4,3,2,3,4,4,3,4,3,4,2,4,2	b-L-Fucp	40%	103.0	72.8	74.9	72.1	71.8	16.4
1,4,3,2,3,4,4,3,4,3,4,2,4,2,3	a-D-Fucp	65%	104.1	71.1	71.0	73.1	68.8	16.5
