Linkage	Residue	Trust	C1	C2	C3	C4	C5	C6
	a-D-Fucp	82%	93.6	69.8	70.0	82.5	68.6	17.3
4	a-D-Fucp	50%	100.8	69.7	70.6	75.4	68.2	16.9
4,4	a-D-GlcpN	34%	99.1	54.6	71.4	70.6	72.7	65.5
4,4,2	Ac	83%	175.3	23.3
4,4,6	S	
4,4,2	a-D-GlcpN	32%	96.1	54.5	73.4	73.9	68.4	62.6
4,4,2,2	Ac	83%	175.3	23.3
4,4,2,4	a-D-Galp	43%	99.9	69.9	70.6	78.6	71.5	64.4
4,4,2,4,6	S	
4,4,2,4,4	b-D-GlcpN	57%	102.2	56.9	81.4	72.5	76.6	65.7
4,4,2,4,4,2	Ac	88%	175.6	23.4
4,4,2,4,4,6	S	
4,4,2,4,4,3	a-D-Manp	58%	101.1	80.4	71.3	68.4	74.7	62.2
4,4,2,4,4,3,2	a-D-GlcpN	45%	96.1	54.6	71.4	70.6	72.1	64.6
4,4,2,4,4,3,2,2	Ac	83%	175.3	23.3
4,4,2,4,4,3,2,6	S	
4,4,2,4,4,3,2,2	b-D-GlcpN	39%	102.2	55.7	82.8	69.3	76.1	65.7
4,4,2,4,4,3,2,2,2	Ac	88%	175.6	23.4
4,4,2,4,4,3,2,2,6	S	
4,4,2,4,4,3,2,2,3	b-D-Galp	67%	102.6	71.4	82.5	69.1	75.3	62.2
4,4,2,4,4,3,2,2,3,3	b-D-GlcpN	86%	104.0	56.3	73.5	79.4	76.1	61.1
4,4,2,4,4,3,2,2,3,3,2	Ac	88%	175.6	23.4
4,4,2,4,4,3,2,2,3,3,4	b-D-Galp	61%	104.0	71.4	75.3	63.3	76.4	65.3
4,4,2,4,4,3,2,2,3,3,4,6	S	
4,4,2,4,4,3,2,2,3,3,4,3	b-D-ManpA	50%	104.2	65.3	80.8	69.5	76.2	176.4
4,4,2,4,4,3,2,2,3,3,4,3,3	b-D-Manp	62%	103.6	73.2	70.8	81.3	76.9	64.5
4,4,2,4,4,3,2,2,3,3,4,3,3,4	a-D-Manp	77%	102.0	73.9	72.5	68.1	73.9	61.9
