Linkage	Residue	Trust	C1	C2	C3	C4	C5	C6
	Me	0%	58.1
1	b-D-Xylp	73%	101.9	73.9	74.8	77.3	63.9
1,4	b-D-Xylp	58%	102.8	73.7	76.2	70.1	66.1
1,4,3	a-D-GlcpN	32%	99.2	54.6	71.4	71.0	72.8	62.7
1,4,3,2	Ac	83%	175.3	23.3
1,4,3,2	a-D-Galp	48%	99.0	68.4	80.7	70.2	71.8	65.6
1,4,3,2,6	S	
1,4,3,2,3	b-D-Galp	58%	105.1	71.6	81.5	76.6	76.1	61.6
1,4,3,2,3,3	b-D-Xylp	67%	105.1	74.0	76.4	70.2	66.1
1,4,3,2,3,4	a-D-Galp	49%	99.5	69.2	74.5	68.3	71.5	61.5
1,4,3,2,3,4,3	S	
1,4,3,2,3,4,2	a-D-Glcp	60%	97.0	72.0	81.8	69.1	73.3	65.1
1,4,3,2,3,4,2,6	S	
1,4,3,2,3,4,2,3	b-D-GalpA	55%	103.6	71.4	72.0	80.1	76.5	174.3
1,4,3,2,3,4,2,3,4	b-D-GlcpN	68%	102.5	56.6	74.9	71.2	75.7	62.0
1,4,3,2,3,4,2,3,4,2	Ac	88%	175.6	23.4
