Linkage	Residue	Trust	H1	H2	H3	H4	H5	H6
	Me	94%	3.48
1	b-D-Xylp	26%	4.39	3.27	3.45	3.58	3.50-3.96
1,4	b-D-Xylp	8%	4.27	3.31	3.49	3.61	3.68-3.81
1,4,3	a-D-GlcpN	28%	5.20	3.78	3.83	3.55	4.08	3.75-3.96
1,4,3,2	Ac	98%	-	2.05
1,4,3,2	a-D-Galp	39%	5.22	3.89	4.07	4.29	4.23	4.01-4.09
1,4,3,2,6	S	
1,4,3,2,3	b-D-Galp	68%	4.69	3.84	3.89	4.28	3.83	3.84
1,4,3,2,3,3	b-D-Xylp	81%	4.75	3.39	3.56	3.63	3.29-3.99
1,4,3,2,3,4	a-D-Galp	53%	5.02	3.90	3.97	4.23	4.37	3.70-3.71
1,4,3,2,3,4,3	S	
1,4,3,2,3,4,2	a-D-Glcp	45%	5.16	3.79	3.87	3.61	3.86	4.06-4.14
1,4,3,2,3,4,2,6	S	
1,4,3,2,3,4,2,3	b-D-GalpA	60%	4.54	3.53	4.24	4.34	3.85	-
1,4,3,2,3,4,2,3,4	b-D-GlcpN	74%	4.53	3.69	3.54	3.56	3.59	3.76-3.92
1,4,3,2,3,4,2,3,4,2	Ac	98%	-	2.03
