Linkage	Residue	Trust	C1	C2	C3	C4	C5	C6
	a-D-ManpA	58%	95.2	71.8	71.5	78.1	72.9	176.1
4	a-D-ManpA	31%	100.9	80.7	76.5	73.3	73.1	176.4
4,2	a-D-Xylp	35%	98.5	72.7	73.1	73.7	61.2
4,3	b-D-GlcpN	38%	103.8	56.4	74.1	71.3	76.0	61.9
4,3,2	Ac	88%	175.6	23.4
4,3,2	a-L-Fucp	38%	100.3	71.3	71.2	80.4	67.5	15.9
4,3,2,4	b-D-Glcp	60%	104.1	82.8	76.4	71.2	77.2	65.1
4,3,2,4,6	S	
4,3,2,4,2	b-D-GlcpN	71%	102.8	57.1	75.2	79.8	77.1	64.4
4,3,2,4,2,2	Ac	88%	175.6	23.4
4,3,2,4,2,6	S	
4,3,2,4,2,4	b-D-Glcp	75%	103.6	81.6	77.0	70.3	77.3	61.8
4,3,2,4,2,4,2	b-D-Glcp	57%	102.4	78.1	75.5	69.9	76.5	64.0
4,3,2,4,2,4,2,6	S	
4,3,2,4,2,4,2,2	a-D-Galp	56%	98.0	68.2	75.6	75.8	71.2	59.8
4,3,2,4,2,4,2,2,3	S	
4,3,2,4,2,4,2,2,4	b-D-GalpA	56%	103.0	72.0	74.0	77.4	76.0	175.8
4,3,2,4,2,4,2,2,4,4	a-D-Galp	51%	100.8	71.1	72.4	72.4	71.7	62.4
4,3,2,4,2,4,2,2,4,4,3	a-D-Galp	62%	97.8	69.2	69.7	70.8	71.3	62.2
4,3,2,4,2,4,2,2,4,4,2	b-D-Galp	51%	105.1	72.5	76.4	75.9	76.1	62.9
4,3,2,4,2,4,2,2,4,4,2,3	S	
4,3,2,4,2,4,2,2,4,4,2,4	b-D-Manp	58%	101.9	71.6	81.1	66.2	77.3	62.2
4,3,2,4,2,4,2,2,4,4,2,4,3	b-D-GlcpA	62%	104.9	73.9	75.4	78.5	76.9	175.0
4,3,2,4,2,4,2,2,4,4,2,4,3,4	a-D-Glcp	67%	99.7	72.5	73.0	68.6	72.3	61.2
4,3,2,4,2,4,2,2,4,4,2,4,3,4,4	b-D-GlcpN	74%	102.0	56.9	75.0	71.2	76.9	61.9
4,3,2,4,2,4,2,2,4,4,2,4,3,4,4,2	Ac	88%	175.6	23.4
