Linkage	Residue	Trust	H1	H2	H3	H4	H5	H6
	a-D-ManpA	34%	5.08	4.02	3.91	3.77	3.99	-
4	a-D-ManpA	2%	5.37	4.05	3.80	3.76	4.38	-
4,2	a-D-Xylp	42%	5.10	3.50	3.59	3.62	3.55-3.69
4,3	b-D-GlcpN	30%	4.69	3.60	3.66	3.42	3.46	3.72-3.94
4,3,2	Ac	98%	-	2.03
4,3,2	a-L-Fucp	44%	5.10	3.88	3.92	3.88	4.42	1.27
4,3,2,4	b-D-Glcp	42%	4.62	3.37	3.54	3.39	3.43	4.08-4.15
4,3,2,4,6	S	
4,3,2,4,2	b-D-GlcpN	67%	4.80	3.73	3.74	3.78	3.68	4.25-4.32
4,3,2,4,2,2	Ac	98%	-	2.03
4,3,2,4,2,6	S	
4,3,2,4,2,4	b-D-Glcp	92%	4.62	3.65	3.77	3.53	3.46	3.78-3.90
4,3,2,4,2,4,2	b-D-Glcp	48%	4.62	3.37	3.58	3.51	3.49	4.10-4.19
4,3,2,4,2,4,2,6	S	
4,3,2,4,2,4,2,2	a-D-Galp	61%	5.46	4.02	4.43	4.42	4.01	3.57-3.93
4,3,2,4,2,4,2,2,3	S	
4,3,2,4,2,4,2,2,4	b-D-GalpA	50%	4.90	3.54	3.73	4.48	4.18	-
4,3,2,4,2,4,2,2,4,4	a-D-Galp	49%	5.11	3.90	3.89	4.03	4.21	3.61
4,3,2,4,2,4,2,2,4,4,3	a-D-Galp	81%	5.13	3.85	3.92	4.01	4.09	3.73
4,3,2,4,2,4,2,2,4,4,2	b-D-Galp	47%	4.56	3.61	3.77	4.15	3.66	3.77
4,3,2,4,2,4,2,2,4,4,2,3	S	
4,3,2,4,2,4,2,2,4,4,2,4	b-D-Manp	40%	4.89	4.12	3.87	3.71	3.51	3.83-4.05
4,3,2,4,2,4,2,2,4,4,2,4,3	b-D-GlcpA	49%	4.64	3.46	3.77	3.80	3.88	-
4,3,2,4,2,4,2,2,4,4,2,4,3,4	a-D-Glcp	54%	5.41	3.56	3.86	3.56	3.99	3.63-3.82
4,3,2,4,2,4,2,2,4,4,2,4,3,4,4	b-D-GlcpN	75%	4.53	3.74	3.56	3.55	3.46	3.73-3.89
4,3,2,4,2,4,2,2,4,4,2,4,3,4,4,2	Ac	98%	-	2.03
