Linkage	Residue	Trust	C1	C2	C3	C4	C5	C6
	a-D-Xylp	50%	93.5	68.5	71.9	73.2	59.8
4	a-D-Glcp	42%	99.2	76.8	73.9	72.2	70.0	64.9
4,6	S	
4,2	a-D-Manp	19%	101.4	72.6	74.4	81.0	73.9	62.8
4,2,4	a-D-Galp	22%	104.5	72.3	74.6	71.3	68.2	63.5
4,2,3	a-D-ManpA	68%	101.1	78.7	70.4	72.5	72.0	174.0
4,2,3,2	b-D-Glcp	59%	103.8	74.0	71.9	78.5	76.5	62.1
4,2,3,2,4	a-D-GlcpN	58%	100.9	53.7	79.0	71.8	73.1	61.1
4,2,3,2,4,2	Ac	83%	175.3	23.3
4,2,3,2,4,3	a-D-Fucp	63%	100.0	68.3	80.0	73.0	69.3	17.0
4,2,3,2,4,3,3	b-D-Glcp	42%	105.0	74.2	77.2	70.6	76.2	61.7
4,2,3,2,4,3,3,3	a-D-Fucp	66%	99.6	70.3	71.0	73.1	68.8	16.5
