Linkage	Residue	Trust	H1	H2	H3	H4	H5	H6
	a-D-Xylp	38%	5.16	3.46	3.85	3.66	3.67-3.76
4	a-D-Glcp	41%	5.18	3.59	3.87	3.47	3.29	4.06-4.15
4,6	S	
4,2	a-D-Manp	19%	5.09	3.24	3.96	3.80	3.87	3.78-4.26
4,2,4	a-D-Galp	57%	5.12	4.05	3.74	3.90	3.92	3.70-3.77
4,2,3	a-D-ManpA	71%	5.22	4	3.86	3.74	4.37	-
4,2,3,2	b-D-Glcp	52%	4.66	3.42	3.69	3.65	3.66	3.80-3.92
4,2,3,2,4	a-D-GlcpN	67%	5.22	3.99	4	3.77	3.76	3.76-3.84
4,2,3,2,4,2	Ac	98%	-	2.05
4,2,3,2,4,3	a-D-Fucp	73%	5.49	4.11	3.95	4.02	4.16	1.25
4,2,3,2,4,3,3	b-D-Glcp	9%	4.61	3.36	3.58	3.46	3.53	3.71-3.89
4,2,3,2,4,3,3,3	a-D-Fucp	50%	5.05	3.78	3.87	3.79	4.30	1.22
