Linkage	Residue	Trust	C1	C2	C3	C4	C5	C6
	Me	83%	55.6
1	a-D-Manp	59%	100.2	79.2	71.7	77.2	73.2	64.5
1,2	a-D-Manp	76%	103.6	71.6	71.7	68.2	74.8	62.4
1,4	a-D-Galp	45%	104.5	69.3	81.2	70.1	68.2	65.6
1,4,6	S	
1,4,3	b-D-GalpA	13%	103.7	71.2	73.6	71.6	75.7	172.5
1,4,3,2	b-D-Manp	58%	101.1	71.6	74.0	68.0	77.3	62.5
1,4,3,4	b-D-ManpA	27%	101.5	77.0	78.0	69.5	77.0	175.5
1,4,3,4,3	a-D-Glcp	65%	99.2	72.9	74.1	70.5	73.1	61.6
1,4,3,4,2	b-D-GlcpN	33%	102.0	56.4	74.1	70.7	76.0	65.9
1,4,3,4,2,2	Ac	88%	175.6	23.4
1,4,3,4,2,6	S	
1,4,3,4,2,2	a-D-Glcp	41%	99.2	72.6	72.0	76.3	71.5	65.1
1,4,3,4,2,2,6	S	
1,4,3,4,2,2,4	b-D-Galp	67%	103.2	78.9	74.2	70.1	75.7	63.8
1,4,3,4,2,2,4,2	b-D-GlcpN	58%	101.9	56.4	75.5	71.2	77.0	62.0
1,4,3,4,2,2,4,2,2	Ac	88%	175.6	23.4
1,4,3,4,2,2,4,2,2	b-D-Glcp	38%	103.5	74.4	77.0	78.6	76.2	65.4
1,4,3,4,2,2,4,2,2,6	S	
1,4,3,4,2,2,4,2,2,4	a-D-GlcpN	39%	98.2	54.6	71.4	70.6	73.1	64.9
1,4,3,4,2,2,4,2,2,4,2	Ac	83%	175.3	23.3
1,4,3,4,2,2,4,2,2,4,6	S	
1,4,3,4,2,2,4,2,2,4,2	b-D-Manp	51%	101.1	71.6	74.0	68.0	77.5	62.1
