Linkage	Residue	Trust	H1	H2	H3	H4	H5	H6
	Me	98%	3.57
1	b-D-GalpA	56%	4.29	3.51	3.74	4.45	4.43	-
1,4	b-D-GalpA	10%	4.48	3.62	3.75	4.45	4.43	-
1,4,2	a-D-Xylp	60%	5.22	3.53	3.59	3.62	3.55-3.69
1,4,4	b-D-Galp	52%	4.78	3.56	4.24	4.22	3.81	3.79-3.80
1,4,4,6	S	
1,4,4,4	b-D-GlcpN	39%	4.69	3.60	3.66	3.54	3.40	3.79-3.93
1,4,4,4,2	Ac	98%	-	2.03
1,4,4,4,2	a-D-Xylp	0%	5.10	3.55	3.70	3.66	3.67-3.76
1,4,4,4,2,3	a-D-Manp	54%	5.09	4	3.86	3.70	3.78	3.76-3.88
1,4,4,4,2,4	b-D-GalpA	0%	4.55	3.60	3.78	4.30	4.18	-
1,4,4,4,2,4,3	b-D-Xylp	60%	4.75	3.39	3.43	3.63	3.34-3.94
1,4,4,4,2,4,4	b-D-GlcpN	56%	4.53	3.82	3.69	3.60	3.59	4.09-4.16
1,4,4,4,2,4,4,2	Ac	98%	-	2.03
1,4,4,4,2,4,4,6	S	
1,4,4,4,2,4,4,3	a-D-GlcpA	22%	5.20	3.69	3.98	3.51	4.21	-
1,4,4,4,2,4,4,3,2	b-D-GalpA	46%	4.68	3.60	3.74	4.45	4.43	-
1,4,4,4,2,4,4,3,2,4	b-D-Xylp	47%	4.78	3.39	3.43	3.63	3.34-3.94
