Linkage	Residue	Trust	C1	C2	C3	C4	C5	C6	C7	C8	C9
	b-D-GalpA	77%	104.4	72.0	81.2	68.1	76.2	179.3
3	b-D-GalpA	48%	103.2	70.9	73.6	78.9	76.0	174.5
3,3	b-Neup	39%	175.1	96.9	40.2	67.4	50.8	70.7	69.6	73.1	64.0
3,3,5	Ac	83%	176.3	23.6
3,3,4	b-D-Glcp	51%	103.5	77.6	75.7	70.8	76.9	62.1
3,3,4,2	a-D-Glcp	65%	98.9	71.7	83.4	69.0	71.0	65.2
3,3,4,2,6	S	
3,3,4,2,3	b-D-GlcpA	54%	104.1	74.4	75.3	81.6	76.2	175.2
3,3,4,2,3,4	b-D-Fucp	27%	104.2	70.6	74.9	72.5	71.7	16.4
3,3,4,2,3,4,3	a-D-GlcpA	60%	101.1	70.2	73.7	72.5	73.2	175.8
3,3,4,2,3,4,4	a-D-Glcp	52%	100.8	73.9	81.1	71.5	76.4	61.3
3,3,4,2,3,4,4,3	a-D-Xylp	12%	98.5	73.2	72.9	73.7	61.4
3,3,4,2,3,4,4,3,3	b-L-Fucp	66%	102.8	72.5	73.7	72.4	71.9	16.1
