Linkage	Residue	Trust	H1	H2	H3	H4	H5	H6	H7	H8	H9
	b-D-GalpA	87%	4.66	3.65	3.56	4.34	4.05	-
3	b-D-GalpA	36%	4.49	3.60	3.78	4.29	4.08	-
3,3	b-Neup	33%	-	-	1.82-2.27	4.15	3.82	4.25	3.45	3.62	3.67-3.85
3,3,5	Ac	95%	-	2.05
3,3,4	b-D-Glcp	46%	4.62	3.37	3.58	3.43	3.46	3.73-3.89
3,3,4,2	a-D-Glcp	64%	5.26	3.73	3.94	3.55	3.91	4.08-4.10
3,3,4,2,6	S	
3,3,4,2,3	b-D-GlcpA	48%	4.89	3.37	3.66	3.76	3.93	-
3,3,4,2,3,4	b-D-Fucp	27%	4.51	3.69	3.69	3.79	3.82	1.23
3,3,4,2,3,4,3	a-D-GlcpA	42%	5.13	3.66	3.78	3.61	4.20	-
3,3,4,2,3,4,4	a-D-Glcp	53%	4.98	3.46	3.91	3.71	3.56	3.83-4.03
3,3,4,2,3,4,4,3	a-D-Xylp	11%	5.07	3.55	3.70	3.66	3.67-3.76
3,3,4,2,3,4,4,3,3	b-L-Fucp	35%	4.65	3.54	3.62	3.77	3.91	1.25
