Linkage	Residue	Trust	C1	C2	C3	C4	C5	C6
	a-D-ManpA	60%	95.2	70.2	70.7	78.8	71.4	176.0
4	b-D-Galp	55%	104.1	72.2	74.1	77.9	75.8	62.0
4,6	S	
4,4	b-D-Galp	59%	105.1	72.5	73.8	78.6	75.5	61.5
4,4,6	S	
4,4,4	b-D-GlcpN	45%	102.5	56.4	74.1	71.0	77.6	62.1
4,4,4,2	Ac	88%	175.6	23.4
4,4,4,2	b-D-Galp	48%	104.2	72.6	74.2	78.5	76.0	62.0
4,4,4,2,4	b-D-Galp	56%	105.2	73.8	74.1	70.4	75.4	65.7
4,4,4,2,4,6	S	
4,4,4,2,4,2	a-D-GlcpN	40%	100.5	54.6	71.4	70.6	72.6	65.5
4,4,4,2,4,2,2	Ac	83%	175.3	23.3
4,4,4,2,4,2,6	S	
4,4,4,2,4,2,2	a-D-GlcpN	24%	96.2	54.6	71.4	70.6	72.7	64.6
4,4,4,2,4,2,2,2	Ac	83%	175.3	23.3
4,4,4,2,4,2,2,6	S	
4,4,4,2,4,2,2,2	a-D-Glcp	37%	99.2	72.5	72.0	77.6	71.1	64.0
4,4,4,2,4,2,2,2,6	S	
4,4,4,2,4,2,2,2,4	b-D-Xylp	26%	106.3	75.4	76.2	72.9	65.5
4,4,4,2,4,2,2,2,4,3	b-D-Manp	67%	102.0	72.0	74.6	68.4	78.0	62.7
4,4,4,2,4,2,2,2,4,4	b-D-GlcpN	22%	102.2	56.4	74.1	70.7	73.5	65.6
4,4,4,2,4,2,2,2,4,4,2	Ac	88%	175.6	23.4
4,4,4,2,4,2,2,2,4,4,6	S	
4,4,4,2,4,2,2,2,4,4,2	b-D-Fucp	29%	98.2	72.7	73.7	72.4	71.7	16.1
4,4,4,2,4,2,2,2,4,4,2,2	b-D-ManpA	42%	101.5	71.3	73.6	69.5	76.6	176.5
