Linkage	Residue	Trust	H1	H2	H3	H4	H5	H6
	a-D-ManpA	64%	5.08	4.07	3.95	3.94	4.51	-
4	b-D-Galp	53%	4.52	3.64	3.72	4.12	3.74	3.79-3.86
4,6	S	
4,4	b-D-Galp	60%	4.68	3.55	4.24	4.22	3.65	3.79-3.80
4,4,6	S	
4,4,4	b-D-GlcpN	39%	4.69	3.60	3.66	3.54	3.40	3.79-3.93
4,4,4,2	Ac	98%	-	2.03
4,4,4,2	b-D-Galp	34%	4.54	3.60	3.74	4.14	3.75	3.77-3.81
4,4,4,2,4	b-D-Galp	40%	4.53	3.62	3.72	3.93	3.76	3.99
4,4,4,2,4,6	S	
4,4,4,2,4,2	a-D-GlcpN	26%	5.20	3.78	3.83	3.43	3.98	4.08-4.15
4,4,4,2,4,2,2	Ac	98%	-	2.05
4,4,4,2,4,2,6	S	
4,4,4,2,4,2,2	a-D-GlcpN	27%	5.20	3.78	3.83	3.57	3.82	4.08-4.17
4,4,4,2,4,2,2,2	Ac	98%	-	2.05
4,4,4,2,4,2,2,6	S	
4,4,4,2,4,2,2,2	a-D-Glcp	30%	5.18	3.58	3.79	3.80	4.12	3.72-3.77
4,4,4,2,4,2,2,2,6	S	
4,4,4,2,4,2,2,2,4	b-D-Xylp	12%	4.38	3.82	3.49	3.66	3.35-3.99
4,4,4,2,4,2,2,2,4,3	b-D-Manp	81%	4.93	4.15	3.67	3.59	3.44	3.75-3.96
4,4,4,2,4,2,2,2,4,4	b-D-GlcpN	17%	4.69	3.60	3.66	3.57	3.60	4.06-4.13
4,4,4,2,4,2,2,2,4,4,2	Ac	98%	-	2.03
4,4,4,2,4,2,2,2,4,4,6	S	
4,4,4,2,4,2,2,2,4,4,2	b-D-Fucp	17%	4.65	3.65	3.68	3.69	3.85	1.27
4,4,4,2,4,2,2,2,4,4,2,2	b-D-ManpA	51%	4.79	4.02	3.66	3.74	3.67	-
