Linkage	Residue	Trust	C1	C2	C3	C4	C5	C6
	Me	84%	58.1
1	b-D-GalpA	56%	104.6	71.6	73.3	81.0	76.8	174.8
1,4	b-D-GalpA	28%	103.1	71.2	73.6	71.6	75.7	175.8
1,4,4	b-D-Manp	63%	102.8	71.6	74.0	68.0	77.5	62.1
1,4,2	a-D-Fucp	53%	100.4	69.2	79.5	72.7	68.2	16.5
1,4,2,3	b-D-Manp	22%	101.2	73.1	75.4	67.2	77.1	61.5
1,4,2,3,3	b-L-Fucp	70%	102.4	72.7	73.7	73.2	71.9	16.4
1,4,2,3,2	b-D-GlcpA	48%	104.4	77.9	78.0	73.8	77.0	175.1
1,4,2,3,2,2	a-L-Fucp	19%	100.5	69.4	74.2	72.6	68.3	16.6
1,4,2,3,2,2,3	b-L-Fucp	66%	104.8	73.4	73.7	72.4	71.9	16.1
1,4,2,3,2,2,2	b-D-Manp	39%	102.4	71.3	72.0	76.1	73.1	61.6
1,4,2,3,2,2,2,4	a-D-Xylp	50%	100.7	72.6	74.1	73.7	61.2
