Linkage	Residue	Trust	C1	C2	C3	C4	C5	C6
	b-D-GlcpN	73%	92.3	55.4	73.0	80.5	75.3	60.8
2	Ac	88%	175.6	23.4
4	b-D-GlcpN	60%	102.2	56.4	74.8	71.7	77.2	62.0
4,2	Ac	88%	175.6	23.4
4,2	a-D-GlcpN	45%	96.2	54.8	79.1	69.5	72.7	65.4
4,2,2	Ac	83%	175.3	23.3
4,2,6	S	
4,2,3	a-L-Fucp	73%	100.9	67.9	78.9	70.5	68.1	16.7
4,2,3,3	b-D-GlcpN	53%	100.1	57.7	73.8	77.6	76.7	61.6
4,2,3,3,2	Ac	88%	175.6	23.4
4,2,3,3,4	a-D-Xylp	38%	100.0	72.2	72.9	77.3	61.4
4,2,3,3,4,4	b-D-GalpA	67%	102.4	71.8	73.6	71.1	76.0	174.8
