Linkage	Residue	Trust	C1	C2	C3	C4	C5	C6	C7	C8	C9
	b-D-Xylp	66%	97.5	74.8	83.5	77.4	64.0
4	b-D-Xylp	93%	102.8	73.7	76.5	70.1	66.1
3	a-D-ManpA	36%	101.8	71.2	70.9	73.3	72.6	175.4
3,4	b-D-GalpA	44%	103.6	80.3	72.2	71.2	75.7	174.8
3,4,2	b-D-GalpA	24%	103.7	71.2	73.6	77.4	75.7	179.3
3,4,2,3	a-D-GalpA	67%	97.0	68.9	70.1	71.3	72.1	180.3
3,4,2,4	a-D-Galp	56%	100.8	77.9	70.2	74.7	71.8	66.0
3,4,2,4,6	S	
3,4,2,4,2	b-D-Glcp	47%	104.1	73.8	77.0	70.8	76.3	65.3
3,4,2,4,2,6	S	
3,4,2,4,2,3	b-L-Fucp	25%	98.2	71.3	74.9	72.5	71.7	17.1
3,4,2,4,2,3,3	b-Neup	38%	175.1	96.9	40.2	67.4	54.2	70.7	69.8	73.1	64.1
3,4,2,4,2,3,3,5	Ac	83%	176.3	23.6
3,4,2,4,2,3,3,4	b-D-Xylp	37%	103.7	75.4	86.8	69.2	65.6
3,4,2,4,2,3,3,4,3	b-D-Manp	60%	102.3	76.8	74.6	68.4	78.0	62.7
3,4,2,4,2,3,3,4,3,2	b-D-GlcpN	51%	102.0	56.4	74.5	71.1	76.9	65.6
3,4,2,4,2,3,3,4,3,2,2	Ac	88%	175.6	23.4
3,4,2,4,2,3,3,4,3,2,6	S	
3,4,2,4,2,3,3,4,3,2,2	a-D-GlcpN	14%	96.1	54.5	71.4	70.4	72.7	65.5
3,4,2,4,2,3,3,4,3,2,2,2	Ac	83%	175.3	23.3
3,4,2,4,2,3,3,4,3,2,2,6	S	
3,4,2,4,2,3,3,4,3,2,2,4	a-D-ManpA	58%	101.0	81.3	71.3	73.3	73.7	175.9
3,4,2,4,2,3,3,4,3,2,2,4,2	a-D-Galp	53%	101.9	69.3	75.6	75.8	71.2	61.8
3,4,2,4,2,3,3,4,3,2,2,4,2,3	S	
3,4,2,4,2,3,3,4,3,2,2,4,2,4	b-D-Fucp	55%	100.6	72.2	73.9	78.0	71.7	17.4
3,4,2,4,2,3,3,4,3,2,2,4,2,4,4	b-D-GlcpN	70%	102.5	56.8	75.0	71.2	77.3	61.9
3,4,2,4,2,3,3,4,3,2,2,4,2,4,4,2	Ac	88%	175.6	23.4
