Linkage	Residue	Trust	H1	H2	H3	H4	H5	H6	H7	H8	H9
	b-D-Xylp	6%	4.46	3.31	3.49	3.66	3.37-3.69
4	b-D-Xylp	54%	4.27	3.21	3.33	3.45	3.68-3.81
3	a-D-ManpA	28%	5.21	4.19	3.92	3.76	4.23	-
3,4	b-D-GalpA	29%	4.62	3.62	4.01	4.22	4.14	-
3,4,2	b-D-GalpA	8%	4.49	3.60	3.78	4.30	4.18	-
3,4,2,3	a-D-GalpA	81%	5.23	3.90	4.03	4.37	4.87	-
3,4,2,4	a-D-Galp	49%	5.11	3.90	3.94	3.84	4.28	4-4.04
3,4,2,4,6	S	
3,4,2,4,2	b-D-Glcp	25%	4.51	3.36	3.58	3.46	3.42	4.08-4.15
3,4,2,4,2,6	S	
3,4,2,4,2,3	b-L-Fucp	16%	4.65	3.54	3.69	3.73	3.82	1.21
3,4,2,4,2,3,3	b-Neup	34%	-	-	1.82-2.27	4.15	3.82	4.25	3.58	3.86	3.64-3.87
3,4,2,4,2,3,3,5	Ac	95%	-	2.05
3,4,2,4,2,3,3,4	b-D-Xylp	28%	4.50	3.31	3.61	3.79	3.48-3.88
3,4,2,4,2,3,3,4,3	b-D-Manp	71%	4.90	4.37	3.60	3.46	3.44	3.75-3.96
3,4,2,4,2,3,3,4,3,2	b-D-GlcpN	35%	4.69	3.60	3.66	3.47	3.42	5.46-5.92
3,4,2,4,2,3,3,4,3,2,2	Ac	98%	-	2.03
3,4,2,4,2,3,3,4,3,2,6	S	
3,4,2,4,2,3,3,4,3,2,2	a-D-GlcpN	20%	5.23	3.73	3.83	3.86	4.02	4.08-4.15
3,4,2,4,2,3,3,4,3,2,2,2	Ac	98%	-	2.05
3,4,2,4,2,3,3,4,3,2,2,6	S	
3,4,2,4,2,3,3,4,3,2,2,4	a-D-ManpA	49%	5.27	4.12	3.91	3.74	4.02	-
3,4,2,4,2,3,3,4,3,2,2,4,2	a-D-Galp	51%	5.16	3.90	4.43	4.42	4.01	3.75-3.77
3,4,2,4,2,3,3,4,3,2,2,4,2,3	S	
3,4,2,4,2,3,3,4,3,2,2,4,2,4	b-D-Fucp	49%	4.68	3.57	4.24	4.15	3.82	1.28
3,4,2,4,2,3,3,4,3,2,2,4,2,4,4	b-D-GlcpN	48%	4.72	3.69	3.56	3.42	3.53	3.84-4.01
3,4,2,4,2,3,3,4,3,2,2,4,2,4,4,2	Ac	98%	-	2.03
