Linkage	Residue	Trust	H1	H2	H3	H4	H5	H6
	Me	95%	3.40
1	a-D-ManpA	27%	4.66	4.05	3.93	3.83	4.07	-
1,4	a-D-ManpA	35%	5.12	3.97	3.83	3.74	4.21	-
1,3	a-D-Glcp	23%	5.26	3.58	3.81	3.48	4.04	3.72-3.94
1,3,3	b-L-Fucp	8%	4.65	3.54	3.68	3.79	3.82	1.21
1,3,3,4	a-D-GlcpN	28%	5.20	3.78	3.83	3.55	3.90	3.67-3.79
1,3,3,4,2	Ac	98%	-	2.05
1,3,3,4,2	b-D-GalpA	0%	4.55	3.62	3.75	4.30	4.18	-
1,3,3,4,2,4	b-L-Fucp	35%	4.65	3.54	3.62	3.77	3.91	1.25
1,3,3,4,2,2	b-D-Galp	49%	4.53	3.62	4.24	4.23	3.39	3.71-3.89
1,3,3,4,2,2,3	S	
1,3,3,4,2,2,2	a-D-Glcp	31%	5.38	3.61	3.79	3.80	4.12	4.07-4.15
1,3,3,4,2,2,2,6	S	
1,3,3,4,2,2,2,4	b-D-Fucp	53%	4.62	3.65	4.65	3.54	3.82	1.52
1,3,3,4,2,2,2,4,2	b-D-Glcp	58%	4.69	3.54	3.62	3.57	3.64	3.80-3.90
1,3,3,4,2,2,2,4,2,6	S	
1,3,3,4,2,2,2,4,2,4	a-D-GlcpN	32%	5.20	3.78	3.83	3.43	3.76	4.08-4.15
1,3,3,4,2,2,2,4,2,4,2	Ac	98%	-	2.05
1,3,3,4,2,2,2,4,2,4,6	S	
1,3,3,4,2,2,2,4,2,4,2	a-D-GlcpN	14%	5.23	3.73	4.60	3.80	3.94	4.08-4.15
1,3,3,4,2,2,2,4,2,4,2,2	Ac	98%	-	2.05
1,3,3,4,2,2,2,4,2,4,2,6	S	
1,3,3,4,2,2,2,4,2,4,2,4	a-D-Fucp	45%	5.34	3.74	3.87	3.79	4.30	1.22
