Linkage	Residue	Trust	C1	C2	C3	C4	C5	C6
	b-D-Fucp	47%	92.2	72.7	83.9	73.0	71.9	16.6
3	b-D-Fucp	66%	104.8	73.4	73.7	72.4	71.9	16.1
2	a-D-Glcp	51%	98.9	71.7	82.5	72.9	72.4	65.1
2,6	S	
2,3	b-D-Galp	43%	97.9	84.6	76.3	68.7	75.6	60.9
2,3,3	a-D-ManpA	50%	99.8	71.0	73.6	69.5	76.2	175.8
2,3,2	a-D-Glcp	63%	97.9	72.7	73.7	78.9	70.7	63.5
2,3,2,6	S	
2,3,2,4	b-D-Glcp	63%	100.0	80.4	75.6	79.1	76.1	62.0
2,3,2,4,2	a-D-Xylp	63%	98.3	72.6	76.6	70.2	61.2
2,3,2,4,4	b-D-Glcp	65%	103.4	72.9	84.2	69.9	76.3	65.7
2,3,2,4,4,6	S	
2,3,2,4,4,3	a-D-Fucp	48%	99.6	69.8	69.2	75.9	68.2	16.9
2,3,2,4,4,3,4	a-D-GalpA	64%	104.6	68.6	75.5	67.8	72.7	175.4
2,3,2,4,4,3,4,3	a-D-Galp	73%	96.7	68.9	70.1	70.3	72.0	61.9
