Linkage	Residue	Trust	H1	H2	H3	H4	H5	H6
	b-D-Fucp	40%	4.65	3.65	4.21	4.02	3.80	1.23
3	b-D-Fucp	61%	4.66	3.64	3.62	3.77	3.91	1.25
2	a-D-Glcp	61%	5.35	3.79	3.85	3.44	3.44	4.06-4.14
2,6	S	
2,3	b-D-Galp	37%	4.90	3.62	3.76	3.96	3.74	3.66-3.67
2,3,3	a-D-ManpA	46%	5.05	3.89	3.74	3.74	4.21	-
2,3,2	a-D-Glcp	52%	5.38	3.70	3.79	3.80	4.32	4.10-4.29
2,3,2,6	S	
2,3,2,4	b-D-Glcp	38%	5.03	3.47	3.56	3.63	3.60	3.78-3.90
2,3,2,4,2	a-D-Xylp	62%	5.22	3.51	3.59	3.61	3.55-3.69
2,3,2,4,4	b-D-Glcp	70%	4.54	3.49	3.69	3.55	3.57	4.10-4.17
2,3,2,4,4,6	S	
2,3,2,4,4,3	a-D-Fucp	32%	5.21	3.83	3.84	4	4.06	1.25
2,3,2,4,4,3,4	a-D-GalpA	62%	4.79	4.10	4.05	4.49	4.32	-
2,3,2,4,4,3,4,3	a-D-Galp	78%	5.18	3.90	4.03	4	4.16	3.71
