Linkage	Residue	Trust	C1	C2	C3	C4	C5	C6
	Me	84%	58.1
1	b-L-Fucp	48%	104.6	71.6	73.6	72.5	71.7	16.4
1,4	a-D-GlcpN	34%	99.1	54.6	71.4	70.6	72.7	65.5
1,4,2	Ac	83%	175.3	23.3
1,4,6	S	
1,4,2	a-D-ManpA	25%	98.9	78.3	78.6	73.3	73.1	175.9
1,4,2,3	a-D-Fucp	69%	103.5	69.3	71.0	73.1	68.8	16.5
1,4,2,2	a-L-Fucp	70%	103.9	70.6	70.0	82.5	68.6	17.3
1,4,2,2,4	a-L-Fucp	63%	101.4	68.4	78.9	69.7	68.0	16.5
1,4,2,2,4,3	b-D-Xylp	49%	105.1	79.2	75.7	69.2	65.5
1,4,2,2,4,3,2	a-D-Glcp	49%	101.3	72.2	81.0	71.6	73.9	65.1
1,4,2,2,4,3,2,6	S	
1,4,2,2,4,3,2,3	a-D-Fucp	65%	100.1	68.9	80.0	73.0	67.6	16.7
1,4,2,2,4,3,2,3,3	b-D-Galp	63%	106.5	73.4	73.8	70.0	76.0	60.7
