Linkage	Residue	Trust	H1	H2	H3	H4	H5	H6
	Me	98%	3.57
1	b-L-Fucp	29%	4.29	3.51	3.68	3.79	3.82	1.24
1,4	a-D-GlcpN	28%	5.20	3.78	3.83	3.57	3.90	4.08-4.15
1,4,2	Ac	98%	-	2.05
1,4,6	S	
1,4,2	a-D-ManpA	12%	5	4.05	3.92	3.76	4.38	-
1,4,2,3	a-D-Fucp	54%	5.09	4.18	3.87	3.79	4.30	1.22
1,4,2,2	a-L-Fucp	54%	5.17	3.93	4.01	3.90	4.40	1.36
1,4,2,2,4	a-L-Fucp	39%	5.04	3.88	3.94	3.98	4.44	1.18
1,4,2,2,4,3	b-D-Xylp	27%	4.50	3.32	3.57	3.85	3.32-3.94
1,4,2,2,4,3,2	a-D-Glcp	30%	5.12	3.58	3.90	3.71	4.06	4.10-4.17
1,4,2,2,4,3,2,6	S	
1,4,2,2,4,3,2,3	a-D-Fucp	68%	5.43	4	4.13	4.02	3.92	1.22
1,4,2,2,4,3,2,3,3	b-D-Galp	58%	4.82	3.64	3.65	3.94	3.68	3.76-3.78
