Linkage	Residue	Trust	C1	C2	C3	C4	C5	C6	C7	C8	C9
	a-D-GlcpN	58%	91.6	54.5	72.0	71.1	73.2	61.7
2	Ac	83%	175.3	23.3
2	a-D-GlcpN	17%	96.2	54.5	74.0	70.4	72.7	61.5
2,2	Ac	83%	175.3	23.3
2,3	b-Neup	33%	175.5	96.9	40.2	67.4	54.2	70.7	69.8	73.1	64.1
2,3,5	Ac	83%	176.3	23.6
2,3,4	b-D-Galp	42%	104.2	71.4	77.8	76.1	75.0	61.5
2,3,4,4	b-D-GlcpN	62%	102.2	56.8	72.9	77.6	74.9	64.8
2,3,4,4,2	Ac	88%	175.6	23.4
2,3,4,4,6	S	
2,3,4,4,4	a-D-Galp	54%	96.4	71.9	76.5	73.2	73.0	62.8
2,3,4,4,4,3	S	
2,3,4,4,4,2	a-D-Fucp	76%	103.5	69.3	70.4	73.1	68.8	16.5
