Linkage	Residue	Trust	C1	C2	C3	C4	C5	C6	C7	C8	C9
	a-D-Fucp	58%	100.6	69.3	70.1	82.4	68.9	16.9
4	a-D-Fucp	67%	100.4	69.3	70.8	72.9	67.5	16.3
2	a-D-Galp	55%	96.8	69.4	74.5	78.7	72.1	61.3
2,3	S	
2,4	a-D-Galp	73%	99.0	70.0	69.2	78.7	71.2	65.3
2,4,6	S	
2,4,4	a-D-Galp	57%	102.2	69.7	69.2	78.6	71.0	61.8
2,4,4,3	S	
2,4,4,4	a-D-Glcp	68%	99.5	76.7	73.7	70.3	72.1	64.9
2,4,4,4,6	S	
2,4,4,4,2	a-D-Galp	48%	96.3	67.5	72.8	69.1	72.9	62.0
2,4,4,4,2,3	a-Neup	46%	174.3	101.1	41.3	69.8	53.1	74.1	69.8	73.1	64.1
2,4,4,4,2,3,5	Ac	83%	54.9	25.1
2,4,4,4,2,3,4	b-D-ManpA	37%	101.5	77.4	73.1	69.5	77.0	176.5
2,4,4,4,2,3,4,2	b-D-GlcpN	51%	102.0	56.9	74.1	77.4	76.7	61.6
2,4,4,4,2,3,4,2,2	Ac	88%	175.6	23.4
2,4,4,4,2,3,4,2,4	a-D-Manp	83%	102.6	71.4	71.4	67.9	71.3	62.0
