Linkage	Residue	Trust	C1	C2	C3	C4	C5	C6	C7	C8	C9
	Me	87%	58.0
1	b-D-Glcp	67%	103.9	73.6	75.3	79.7	75.8	61.2
1,4	b-D-Glcp	43%	103.7	73.2	83.7	76.2	75.5	62.8
1,4,3	a-D-Galp	75%	101.2	69.1	70.8	70.2	70.9	61.4
1,4,4	b-D-Glcp	64%	103.6	81.6	75.2	79.5	75.9	60.8
1,4,4,2	b-D-Xylp	82%	103.9	74.4	76.6	70.2	66.0
1,4,4,4	b-D-Galp	51%	103.6	77.5	78.6	69.0	76.4	62.0
1,4,4,4,3	S	
1,4,4,4,2	b-D-Fucp	15%	103.0	72.2	74.9	72.5	71.7	16.4
1,4,4,4,2,4	a-D-Fucp	70%	99.8	68.6	71.0	73.1	68.8	16.5
1,4,4,4,2,3	b-D-ManpA	43%	102.5	71.3	73.0	74.5	77.0	174.8
1,4,4,4,2,3,4	a-D-GlcpN	67%	97.9	54.5	71.0	80.6	71.6	61.1
1,4,4,4,2,3,4,2	Ac	83%	175.3	23.3
1,4,4,4,2,3,4,4	b-D-GlcpN	67%	102.5	56.7	74.7	80.9	76.3	61.7
1,4,4,4,2,3,4,4,2	Ac	88%	175.6	23.4
1,4,4,4,2,3,4,4,4	a-D-GlcpN	39%	98.2	54.6	71.4	70.6	73.5	65.5
1,4,4,4,2,3,4,4,4,2	Ac	83%	175.3	23.3
1,4,4,4,2,3,4,4,4,6	S	
1,4,4,4,2,3,4,4,4,2	a-D-Galp	41%	99.0	68.6	74.7	67.6	71.8	65.6
1,4,4,4,2,3,4,4,4,2,6	S	
1,4,4,4,2,3,4,4,4,2,3	a-D-Manp	41%	99.7	70.5	74.3	67.0	74.7	61.7
1,4,4,4,2,3,4,4,4,2,3,3	b-Neup	49%	173.6	96.9	37.1	72.9	50.8	70.7	69.8	73.1	64.1
1,4,4,4,2,3,4,4,4,2,3,3,5	Ac	83%	176.3	23.6
1,4,4,4,2,3,4,4,4,2,3,3,4	a-D-Glcp	56%	95.7	78.2	74.5	70.7	74.9	62.9
1,4,4,4,2,3,4,4,4,2,3,3,4,2	b-D-Galp	55%	107.4	75.0	75.3	63.3	74.4	65.6
1,4,4,4,2,3,4,4,4,2,3,3,4,2,6	S	
1,4,4,4,2,3,4,4,4,2,3,3,4,2,3	b-D-ManpA	51%	102.5	71.3	72.9	74.5	76.5	178.3
1,4,4,4,2,3,4,4,4,2,3,3,4,2,3,4	a-D-GlcpA	65%	101.2	72.5	73.7	72.5	73.2	176.5
