Linkage	Residue	Trust	H1	H2	H3	H4	H5	H6	H7	H8	H9
	Me	97%	3.58
1	b-D-Glcp	66%	4.40	3.46	3.66	3.64	3.60	3.82-3.95
1,4	b-D-Glcp	40%	4.52	3.50	3.78	3.50	3.72	3.78-3.89
1,4,3	a-D-Galp	59%	5.16	3.86	3.90	3.95	4.05	3.67-3.89
1,4,4	b-D-Glcp	55%	4.62	3.65	3.56	3.69	3.63	3.85-3.96
1,4,4,2	b-D-Xylp	91%	4.72	3.28	3.43	3.61	3.23-3.90
1,4,4,4	b-D-Galp	56%	4.62	3.62	4.31	4.18	3.72	3.75-3.78
1,4,4,4,3	S	
1,4,4,4,2	b-D-Fucp	14%	5.14	3.54	3.69	3.79	3.82	1.14
1,4,4,4,2,4	a-D-Fucp	58%	5.01	3.84	3.87	3.79	4.30	1.22
1,4,4,4,2,3	b-D-ManpA	30%	4.90	4.17	3.69	3.83	3.87	-
1,4,4,4,2,3,4	a-D-GlcpN	50%	5.34	4.13	3.84	3.67	3.94	3.69-3.82
1,4,4,4,2,3,4,2	Ac	98%	-	2.05
1,4,4,4,2,3,4,4	b-D-GlcpN	69%	4.60	3.77	3.93	3.67	3.54	3.70-3.83
1,4,4,4,2,3,4,4,2	Ac	98%	-	2.03
1,4,4,4,2,3,4,4,4	a-D-GlcpN	28%	5.21	3.78	3.83	3.41	3.71	4.08-4.15
1,4,4,4,2,3,4,4,4,2	Ac	98%	-	2.05
1,4,4,4,2,3,4,4,4,6	S	
1,4,4,4,2,3,4,4,4,2	a-D-Galp	22%	5.22	3.89	3.99	4.13	4.11	4-4.03
1,4,4,4,2,3,4,4,4,2,6	S	
1,4,4,4,2,3,4,4,4,2,3	a-D-Manp	19%	5.08	4.12	3.96	3.80	4	3.75-3.90
1,4,4,4,2,3,4,4,4,2,3,3	b-Neup	51%	-	-	1.82-2.27	4.01	4.04	4.25	3.65	3.88	3.65-3.88
1,4,4,4,2,3,4,4,4,2,3,3,5	Ac	95%	-	2.05
1,4,4,4,2,3,4,4,4,2,3,3,4	a-D-Glcp	24%	5.18	3.59	4.05	3.70	3.69	3.71-3.76
1,4,4,4,2,3,4,4,4,2,3,3,4,2	b-D-Galp	32%	4.60	3.60	3.70	4.09	3.73	3.99
1,4,4,4,2,3,4,4,4,2,3,3,4,2,6	S	
1,4,4,4,2,3,4,4,4,2,3,3,4,2,3	b-D-ManpA	35%	4.90	4.17	3.83	3.83	3.88	-
1,4,4,4,2,3,4,4,4,2,3,3,4,2,3,4	a-D-GlcpA	30%	5.25	3.65	3.78	3.61	4.20	-
