Linkage	Residue	Trust	C1	C2	C3	C4	C5	C6
	a-D-Manp	79%	94.4	70.4	78.7	66.2	72.9	61.3
3	a-D-Manp	56%	102.1	80.1	69.1	66.8	74.9	62.3
3,2	b-D-Fucp	73%	103.1	70.9	72.6	72.4	71.9	16.1
3,3	b-D-GalpA	7%	103.7	71.2	73.6	71.6	75.7	174.5
3,3,3	a-L-Fucp	65%	104.1	71.1	71.0	73.1	68.8	16.5
3,3,4	b-L-Fucp	43%	100.6	70.3	73.7	83.4	71.7	18.0
3,3,4,4	b-D-GlcpN	57%	102.4	56.9	72.9	81.3	78.0	62.8
3,3,4,4,2	Ac	88%	175.6	23.4
3,3,4,4,4	a-D-Galp	50%	101.2	69.8	74.7	67.6	73.0	65.6
3,3,4,4,4,6	S	
3,3,4,4,4,3	a-D-ManpA	57%	99.7	69.8	70.9	76.2	72.3	175.4
3,3,4,4,4,3,3	b-D-GalpA	65%	105.3	71.6	79.0	67.5	76.3	174.8
3,3,4,4,4,3,3,3	a-D-Galp	68%	96.4	70.3	70.4	79.8	72.6	62.4
3,3,4,4,4,3,3,3,4	b-D-Galp	68%	105.3	72.4	73.9	77.6	73.6	63.6
3,3,4,4,4,3,3,3,4,6	S	
3,3,4,4,4,3,3,3,4,4	a-D-GlcpN	65%	99.9	53.7	77.9	71.5	73.3	65.4
3,3,4,4,4,3,3,3,4,4,2	Ac	83%	175.3	23.3
3,3,4,4,4,3,3,3,4,4,6	S	
3,3,4,4,4,3,3,3,4,4,3	a-D-GlcpN	45%	99.0	54.6	71.7	70.1	72.5	61.2
3,3,4,4,4,3,3,3,4,4,3,2	Ac	83%	175.3	23.3
3,3,4,4,4,3,3,3,4,4,3,2	b-D-Manp	49%	101.1	72.1	74.8	78.4	76.4	61.5
3,3,4,4,4,3,3,3,4,4,3,2,4	b-D-Glcp	70%	104.0	73.0	83.5	70.7	75.8	65.5
3,3,4,4,4,3,3,3,4,4,3,2,4,6	S	
3,3,4,4,4,3,3,3,4,4,3,2,4,3	a-D-GlcpN	67%	99.2	50.8	72.7	71.0	72.4	61.6
3,3,4,4,4,3,3,3,4,4,3,2,4,3,2	Ac	83%	175.3	23.3
