Linkage	Residue	Trust	H1	H2	H3	H4	H5	H6
	a-D-Manp	88%	5.21	4.18	3.99	3.85	3.93	3.82-3.94
3	a-D-Manp	44%	5.25	4.12	3.98	3.79	3.83	3.77-3.87
3,2	b-D-Fucp	67%	4.32	3.45	3.59	3.77	3.91	1.25
3,3	b-D-GalpA	12%	4.53	3.60	3.78	4.30	4.18	-
3,3,3	a-L-Fucp	54%	5.05	3.75	3.87	3.79	4.30	1.22
3,3,4	b-L-Fucp	25%	4.65	3.54	3.68	3.81	3.82	1.23
3,3,4,4	b-D-GlcpN	59%	4.65	3.77	3.75	3.73	3.46	3.76-3.87
3,3,4,4,2	Ac	98%	-	2.03
3,3,4,4,4	a-D-Galp	33%	5.44	3.89	3.99	4.13	3.88	4-4.03
3,3,4,4,4,6	S	
3,3,4,4,4,3	a-D-ManpA	50%	5.08	3.80	3.61	3.83	4.40	-
3,3,4,4,4,3,3	b-D-GalpA	66%	4.67	3.66	3.76	4.42	4.02	-
3,3,4,4,4,3,3,3	a-D-Galp	58%	5.13	3.85	4.02	4.24	4.11	3.72-3.84
3,3,4,4,4,3,3,3,4	b-D-Galp	68%	4.63	3.58	3.89	4.20	3.84	3.94-4.03
3,3,4,4,4,3,3,3,4,6	S	
3,3,4,4,4,3,3,3,4,4	a-D-GlcpN	66%	4.88	4.10	3.93	3.75	4.20	4.04-4.15
3,3,4,4,4,3,3,3,4,4,2	Ac	98%	-	2.05
3,3,4,4,4,3,3,3,4,4,6	S	
3,3,4,4,4,3,3,3,4,4,3	a-D-GlcpN	34%	5.20	3.78	3.83	3.63	3.71	3.84
3,3,4,4,4,3,3,3,4,4,3,2	Ac	98%	-	2.05
3,3,4,4,4,3,3,3,4,4,3,2	b-D-Manp	9%	4.83	4.12	3.79	3.64	3.54	3.52-4.04
3,3,4,4,4,3,3,3,4,4,3,2,4	b-D-Glcp	75%	4.61	3.48	3.57	3.66	3.56	4.04-4.15
3,3,4,4,4,3,3,3,4,4,3,2,4,6	S	
3,3,4,4,4,3,3,3,4,4,3,2,4,3	a-D-GlcpN	63%	4.78	4.29	3.74	3.60	3.86	3.76-3.87
3,3,4,4,4,3,3,3,4,4,3,2,4,3,2	Ac	98%	-	2.05
