Linkage	Residue	Trust	C1	C2	C3	C4	C5	C6
	Me	0%	58.1
1	b-D-Xylp	58%	101.5	73.7	75.6	76.7	64.1
1,4	b-D-Galp	56%	103.4	73.3	76.7	76.4	76.9	61.7
1,4,3	S	
1,4,4	a-D-Galp	59%	102.0	79.9	69.9	70.7	71.0	65.7
1,4,4,6	S	
1,4,4,2	b-D-GlcpN	39%	101.9	56.4	74.1	70.7	76.9	65.6
1,4,4,2,2	Ac	88%	175.6	23.4
1,4,4,2,6	S	
1,4,4,2,2	a-D-Galp	31%	99.0	69.2	74.5	68.5	71.8	61.8
1,4,4,2,2,3	S	
1,4,4,2,2,2	a-D-Galp	54%	96.7	69.7	77.8	68.0	71.8	65.6
1,4,4,2,2,2,6	S	
1,4,4,2,2,2,3	a-D-Xylp	83%	104.2	71.1	75.6	74.3	62.1
