Linkage	Residue	Trust	C1	C2	C3	C4	C5	C6
	b-D-Glcp	76%	97.0	74.4	71.9	78.5	76.5	62.1
4	a-D-GlcpN	40%	98.2	54.6	71.4	70.6	73.1	65.5
4,2	Ac	83%	175.3	23.3
4,6	S	
4,2	b-D-Galp	35%	104.2	71.6	76.4	78.3	75.5	61.7
4,2,3	S	
4,2,4	a-D-Galp	76%	101.2	71.5	70.6	73.7	73.7	61.4
4,2,4,6	S	
4,2,4,4	b-D-Glcp	61%	103.2	76.3	75.9	70.8	75.4	65.9
4,2,4,4,6	S	
4,2,4,4,2	a-D-Glcp	69%	98.9	72.5	72.6	79.6	71.6	63.5
4,2,4,4,2,6	S	
4,2,4,4,2,4	b-D-Glcp	58%	103.6	81.6	76.3	68.8	76.2	64.0
4,2,4,4,2,4,6	S	
4,2,4,4,2,4,2	b-D-Glcp	60%	103.9	74.7	76.4	78.6	76.5	64.0
4,2,4,4,2,4,2,6	S	
4,2,4,4,2,4,2,4	a-D-GlcpN	41%	97.8	54.6	71.4	70.3	73.1	61.1
4,2,4,4,2,4,2,4,2	Ac	83%	175.3	23.3
4,2,4,4,2,4,2,4,2	a-L-Fucp	19%	100.3	69.0	70.7	75.4	68.2	16.9
4,2,4,4,2,4,2,4,2,4	b-L-Fucp	63%	105.0	72.4	73.7	72.9	71.9	16.3
