Linkage	Residue	Trust	C1	C2	C3	C4	C5	C6	C7	C8	C9
	Me	83%	56.0
1	a-D-GlcpN	50%	98.2	54.5	72.1	71.1	73.1	61.8
1,2	Ac	83%	175.3	23.3
1,2	a-D-GlcpN	18%	96.2	54.5	74.0	70.4	72.7	62.2
1,2,2	Ac	83%	175.3	23.3
1,2,3	a-Neup	45%	172.6	102.0	38.5	75.6	50.8	74.1	69.8	73.1	64.1
1,2,3,5	Ac	83%	54.9	25.1
1,2,3,4	a-D-Glcp	50%	96.3	77.7	71.8	70.3	72.3	64.9
1,2,3,4,6	S	
1,2,3,4,2	a-D-Galp	59%	96.7	69.3	70.2	78.6	70.8	65.3
1,2,3,4,2,6	S	
1,2,3,4,2,4	a-D-Galp	60%	99.5	69.4	79.5	69.9	71.5	65.6
1,2,3,4,2,4,6	S	
1,2,3,4,2,4,3	b-D-Manp	59%	103.5	81.8	72.2	68.7	76.9	62.0
1,2,3,4,2,4,3,2	b-D-Glcp	81%	104.6	74.7	76.5	70.7	77.3	62.0
