Lineage	Residue	Trust	C1	C2	C3	C4	C5	C6	C7	C8	C9
	Me	100%	56.2
1	a-L-Fucp	54%	99.6	69.0	71.0	70.4	69.2	17.0
1,3	a-L-Fucp	50%	96.5	69.7	68.1	80.1	67.1	17.9
1,3,3	a-D-Fucp	94%	102.1	69.5	70.4	73.0	68.2	16.8
1,3,4	b-D-GlcpN	45%	102.2	56.8	73.0	80.7	76.1	64.8
1,3,4,2	Ac	99%	175.6	23.5
1,3,4,6	S		87.8
1,3,4,4	b-D-GlcpN	62%	101.8	56.2	74.1	79.6	76.3	65.1
1,3,4,4,2	Ac	99%	175.6	23.5
1,3,4,4,6	S		87.8
1,3,4,4,4	b-D-Galp	89%	101.6	76.5	80.1	69.1	75.6	62.0
1,3,4,4,4,3	S		
1,3,4,4,4,2	b-D-GlcpN	87%	101.6	57.0	74.0	80.6	76.1	61.5
1,3,4,4,4,2,2	Ac	99%	175.6	23.5
1,3,4,4,4,2,4	b-D-ManpA	15%	101.3	70.9	76.8	75.9	77.2	178.3
1,3,4,4,4,2,4,4	a-D-GlcpA	93%	101.3	72.2	73.6	72.5	72.3	174.1
1,3,4,4,4,2,4,3	a-Neup	59%	174.2	101.6	40.3	78.5	51.8	73.4	69.5	73.0	63.9
1,3,4,4,4,2,4,3,5	Ac	57%	90.7	24.6
1,3,4,4,4,2,4,3,4	b-D-Galp	74%	104.2	76.7	73.0	70.2	75.2	65.5
1,3,4,4,4,2,4,3,4,6	S		
1,3,4,4,4,2,4,3,4,2	a-D-Galp	61%	98.5	67.8	74.9	79.1	71.7	61.4
1,3,4,4,4,2,4,3,4,2,3	S		
1,3,4,4,4,2,4,3,4,2,4	a-D-Glcp	80%	101.3	72.2	81.9	69.9	72.5	65.1
1,3,4,4,4,2,4,3,4,2,4,6	S		
1,3,4,4,4,2,4,3,4,2,4,3	a-D-Xylp	88%	100.0	72.5	74.2	70.4	62.4
