Linkage	Residue	Trust	C1	C2	C3	C4	C5	C6	C7	C8	C9
	Me	76%	56.2
1	a-L-Fucp	60%	99.2	69.7	68.2	70.9	70.2	17.1
1,3	a-L-Fucp	38%	96.5	69.7	67.9	80.1	68.3	18.0
1,3,3	a-D-Fucp	80%	104.1	69.8	70.4	73.1	68.9	16.8
1,3,4	b-D-GlcpN	50%	102.2	56.8	73.0	80.7	76.1	64.8
1,3,4,2	Ac	88%	175.6	23.4
1,3,4,6	S	
1,3,4,4	b-D-GlcpN	58%	101.8	56.2	74.1	79.6	76.3	65.1
1,3,4,4,2	Ac	88%	175.6	23.4
1,3,4,4,6	S	
1,3,4,4,4	b-D-Galp	68%	102.8	75.8	80.0	68.9	72.5	61.7
1,3,4,4,4,3	S	
1,3,4,4,4,2	b-D-GlcpN	66%	101.9	56.8	75.5	81.7	77.0	62.0
1,3,4,4,4,2,2	Ac	88%	175.6	23.4
1,3,4,4,4,2,4	b-D-ManpA	17%	101.5	70.9	73.0	74.5	77.2	178.3
1,3,4,4,4,2,4,4	a-D-GlcpA	65%	101.2	72.5	73.7	72.5	73.2	176.5
1,3,4,4,4,2,4,3	a-Neup	33%	174.5	102.0	40.7	69.8	53.1	74.1	69.8	73.1	64.1
1,3,4,4,4,2,4,3,5	Ac	83%	54.9	25.1
1,3,4,4,4,2,4,3,4	b-D-Galp	43%	104.2	75.2	72.8	70.4	75.8	65.3
1,3,4,4,4,2,4,3,4,6	S	
1,3,4,4,4,2,4,3,4,2	a-D-Galp	51%	97.9	67.7	74.5	78.7	70.8	61.1
1,3,4,4,4,2,4,3,4,2,3	S	
1,3,4,4,4,2,4,3,4,2,4	a-D-Glcp	59%	100.9	74.6	85.9	69.3	71.9	65.1
1,3,4,4,4,2,4,3,4,2,4,6	S	
1,3,4,4,4,2,4,3,4,2,4,3	a-D-Xylp	43%	100.4	73.3	75.6	73.7	61.2
