Linkage	Residue	Trust	H1	H2	H3	H4	H5	H6	H7	H8	H9
	Me	97%	3.42
1	a-L-Fucp	68%	4.82	3.74	3.78	3.81	4.10	1.03
1,3	a-L-Fucp	42%	5.05	3.74	4.03	4.12	4.30	1.23
1,3,3	a-D-Fucp	79%	5.20	3.81	3.94	3.79	4.08	1.24
1,3,4	b-D-GlcpN	42%	4.68	3.72	3.57	3.44	3.59	3.95-4.08
1,3,4,2	Ac	98%	-	2.03
1,3,4,6	S	
1,3,4,4	b-D-GlcpN	52%	4.47	3.82	3.75	3.76	3.68	4.11-4.18
1,3,4,4,2	Ac	98%	-	2.03
1,3,4,4,6	S	
1,3,4,4,4	b-D-Galp	70%	4.59	3.95	4.29	4.11	3.86	3.76-3.77
1,3,4,4,4,3	S	
1,3,4,4,4,2	b-D-GlcpN	67%	4.87	3.74	3.78	3.72	3.52	3.76-3.93
1,3,4,4,4,2,2	Ac	98%	-	2.03
1,3,4,4,4,2,4	b-D-ManpA	20%	4.74	3.99	3.69	3.83	3.90	-
1,3,4,4,4,2,4,4	a-D-GlcpA	30%	5.25	3.65	3.78	3.61	4.20	-
1,3,4,4,4,2,4,3	a-Neup	34%	-	-	1.76-2.73	3.73	3.86	3.74	3.58	3.86	3.64-3.87
1,3,4,4,4,2,4,3,5	Ac	99%	-	2.03
1,3,4,4,4,2,4,3,4	b-D-Galp	40%	4.53	3.62	3.74	4.05	3.69	4-4.02
1,3,4,4,4,2,4,3,4,6	S	
1,3,4,4,4,2,4,3,4,2	a-D-Galp	43%	5.38	3.97	4.79	4.19	4.04	3.79-3.80
1,3,4,4,4,2,4,3,4,2,3	S	
1,3,4,4,4,2,4,3,4,2,4	a-D-Glcp	59%	4.99	3.75	3.79	3.21	4.03	4.06-4.14
1,3,4,4,4,2,4,3,4,2,4,6	S	
1,3,4,4,4,2,4,3,4,2,4,3	a-D-Xylp	67%	5.07	3.60	3.59	3.62	3.55-3.69
