Lineage	Residue	Trust	C1	C2	C3	C4	C5	C6	C7	C8	C9	C10	C11
	Me	100%	56.2
1	a-L-Fucp	50%	100.0	67.8	75.8	69.4	67.4	16.7
1,3	a-L-Fucp	13%	96.4	68.5	79.4	81.4	66.1	16.1
1,3,3	a-D-Fucp	100%	101.6	69.2	70.4	73.0	67.9	16.7
1,3,4	b-D-GlcpNAc	0%	103.0	57.0	74.1	76.8	75.4	64.6	175.6	23.5
1,3,4,6	S	50%
1,3,4,4	b-D-GlcpNAc	0%	102.2	57.0	74.1	76.8	75.4	64.6	175.6	23.5
1,3,4,4,6	S	50%
1,3,4,4,4	b-D-Galp	100%	101.2	76.7	80.1	69.1	76.3	62.2
1,3,4,4,4,3	S	50%
1,3,4,4,4,2	b-D-GlcpNAc	100%	101.5	57.0	73.7	80.2	75.9	61.3	175.6	23.5
1,3,4,4,4,2,4	b-D-ManpA	0%	101.2	70.3	80.5	77.2	76.4	177.2
1,3,4,4,4,2,4,4	a-D-GlcpA	100%	101.3	72.0	73.6	72.5	72.2	173.5
1,3,4,4,4,2,4,3	a-Neup5Ac	63%	174.1	101.6	40.3	78.5	51.4	73.4	69.2	72.6	63.6	175.9	23.5
1,3,4,4,4,2,4,3,4	b-D-Galp	75%	104.2	76.9	73.0	70.0	75.2	65.8
1,3,4,4,4,2,4,3,4,6	S	50%
1,3,4,4,4,2,4,3,4,2	a-D-Galp	63%	99.3	68.0	74.9	79.3	72.4	61.7
1,3,4,4,4,2,4,3,4,2,3	S	50%
1,3,4,4,4,2,4,3,4,2,4	a-D-Glcp	88%	101.4	71.2	80.3	70.1	72.7	65.1
1,3,4,4,4,2,4,3,4,2,4,6	S	50%
1,3,4,4,4,2,4,3,4,2,4,3	a-D-Xylp	100%	100.0	72.3	73.9	70.4	62.5
