Linkage	Residue	Trust	C1	C2	C3	C4	C5	C6
	b-D-GlcpA	45%	97.0	74.1	75.1	81.3	76.0	174.9
4	b-D-GlcpA	61%	98.4	73.5	76.9	73.4	77.6	175.3
2	a-D-GlcpN	49%	100.2	54.7	73.4	73.9	68.4	62.6
2,2	Ac	83%	175.3	23.3
2,4	a-D-Galp	47%	99.8	69.4	78.9	68.0	76.6	65.6
2,4,6	S	
2,4,3	a-D-GlcpA	64%	101.4	72.4	69.8	80.8	72.2	175.3
2,4,3,4	b-D-GlcpN	59%	101.9	56.4	73.0	79.6	76.1	64.4
2,4,3,4,2	Ac	88%	175.6	23.4
2,4,3,4,6	S	
2,4,3,4,4	b-D-Glcp	65%	104.0	73.0	81.4	70.9	77.2	65.5
2,4,3,4,4,6	S	
2,4,3,4,4,3	a-D-GalpA	64%	96.4	73.6	69.6	71.9	75.0	177.5
2,4,3,4,4,3,2	a-D-Glcp	58%	98.0	72.5	80.6	71.7	73.1	61.8
2,4,3,4,4,3,2,3	a-D-Galp	64%	102.3	70.2	70.3	78.3	71.2	60.8
2,4,3,4,4,3,2,3,4	a-D-Manp	73%	102.9	71.4	71.4	68.5	73.0	61.5
