Linkage	Residue	Trust	H1	H2	H3	H4	H5	H6
	b-D-GlcpA	32%	4.94	3.41	4	3.73	3.96	-
4	b-D-GlcpA	65%	4.51	3.32	3.60	3.55	3.89	-
2	a-D-GlcpN	43%	5.12	4.03	5.22	4.01	4	3.77-3.96
2,2	Ac	98%	-	2.05
2,4	a-D-Galp	48%	5.40	3.74	3.86	4.06	3.74	4-4.03
2,4,6	S	
2,4,3	a-D-GlcpA	63%	5.11	3.66	3.89	3.78	4.08	-
2,4,3,4	b-D-GlcpN	56%	4.50	3.81	3.74	3.74	3.56	4.25-4.32
2,4,3,4,2	Ac	98%	-	2.03
2,4,3,4,6	S	
2,4,3,4,4	b-D-Glcp	57%	4.75	3.34	3.71	3.49	3.49	4.08-4.15
2,4,3,4,4,6	S	
2,4,3,4,4,3	a-D-GalpA	67%	5.08	3.95	4.08	4.32	5.29	-
2,4,3,4,4,3,2	a-D-Glcp	25%	5.36	3.58	3.94	3.62	3.88	3.79-3.84
2,4,3,4,4,3,2,3	a-D-Galp	64%	5.10	3.74	3.99	4.01	3.94	3.80-3.84
2,4,3,4,4,3,2,3,4	a-D-Manp	72%	5.32	3.98	3.79	3.43	3.89	3.93-3.99
