Linkage	Residue	Trust	C1	C2	C3	C4	C5	C6
	Me	76%	56.2
1	a-D-Glcp	60%	100.8	72.6	73.9	78.9	72.3	62.0
1,4	a-D-Glcp	68%	100.7	72.8	74.1	78.4	72.4	60.8
1,4,4	a-D-GalpA	42%	102.1	70.5	71.7	79.9	72.2	175.3
1,4,4,4	b-D-Manp	35%	101.2	73.1	75.4	66.4	76.2	61.7
1,4,4,4,2	b-D-GalpA	64%	104.4	72.8	73.6	71.1	76.0	174.8
1,4,4,4,3	b-D-GalpA	22%	103.7	71.2	73.6	77.4	75.7	174.4
1,4,4,4,3,4	a-D-Galp	69%	101.1	69.2	70.4	70.3	72.0	62.4
1,4,4,4,3,2	b-D-GlcpA	63%	101.1	74.5	77.3	77.5	76.6	174.6
1,4,4,4,3,2,4	a-D-GlcpN	66%	98.0	54.3	70.7	77.9	71.4	64.8
1,4,4,4,3,2,4,2	Ac	83%	175.3	23.3
1,4,4,4,3,2,4,6	S	
1,4,4,4,3,2,4,4	a-D-Galp	55%	104.6	72.4	70.8	78.5	71.5	61.4
1,4,4,4,3,2,4,4,6	S	
1,4,4,4,3,2,4,4,4	b-D-Glcp	60%	104.1	75.0	76.0	78.6	76.0	65.4
1,4,4,4,3,2,4,4,4,6	S	
1,4,4,4,3,2,4,4,4,4	a-D-GlcpN	41%	97.8	54.6	71.4	70.3	73.8	62.0
1,4,4,4,3,2,4,4,4,4,2	Ac	83%	175.3	23.3
1,4,4,4,3,2,4,4,4,4,2	a-D-Glcp	26%	99.2	72.5	73.1	77.0	72.4	64.9
1,4,4,4,3,2,4,4,4,4,2,6	S	
1,4,4,4,3,2,4,4,4,4,2,4	a-D-ManpA	60%	103.1	71.4	72.5	69.5	77.5	178.1
