Linkage	Residue	Trust	C1	C2	C3	C4	C5	C6
	Me	76%	56.2
1	a-L-Fucp	80%	100.8	69.8	70.0	82.5	68.6	17.3
1,4	a-L-Fucp	51%	101.4	68.6	74.5	71.3	68.0	16.5
1,4,3	b-D-ManpA	15%	101.5	70.9	73.0	74.5	77.0	175.4
1,4,3,2	b-D-Xylp	64%	105.0	73.9	76.9	70.8	66.2
1,4,3,4	a-D-Galp	52%	96.2	69.2	74.5	68.5	71.8	61.8
1,4,3,4,3	S	
1,4,3,4,2	a-D-Galp	56%	96.6	69.3	74.5	77.3	71.9	61.3
1,4,3,4,2,3	S	
1,4,3,4,2,4	b-D-Manp	74%	102.0	71.5	72.9	78.8	76.2	62.2
1,4,3,4,2,4,4	b-D-GalpA	63%	104.7	72.6	75.1	80.5	75.8	174.8
1,4,3,4,2,4,4,4	b-D-GalpA	67%	102.0	71.2	73.6	71.1	76.0	174.8
