Linkage	Residue	Trust	H1	H2	H3	H4	H5	H6
	Me	97%	3.42
1	a-L-Fucp	67%	4.82	3.86	4.01	3.90	4.40	1.36
1,4	a-L-Fucp	29%	5.04	3.88	3.94	3.87	4.44	1.18
1,4,3	b-D-ManpA	5%	4.61	3.99	3.69	3.83	3.87	-
1,4,3,2	b-D-Xylp	63%	4.39	3.32	3.43	3.63	3.34-3.94
1,4,3,4	a-D-Galp	33%	5.84	4.08	3.97	4.21	4.11	3.75-3.76
1,4,3,4,3	S	
1,4,3,4,2	a-D-Galp	33%	5.21	3.85	3.97	4.24	4.03	3.67-3.82
1,4,3,4,2,3	S	
1,4,3,4,2,4	b-D-Manp	63%	4.83	4.36	3.75	3.74	3.50	3.83-3.95
1,4,3,4,2,4,4	b-D-GalpA	74%	4.44	3.65	3.80	4.44	4.08	-
1,4,3,4,2,4,4,4	b-D-GalpA	44%	4.78	3.83	3.73	4.22	4.15	-
