Linkage	Residue	Trust	H1	H2	H3	H4	H5	H6	H7	H8	H9
	a-D-Xylp	33%	5.20	3.85	3.80	3.65	3.82
2	a-D-Xylp	22%	5.22	3.62	3.70	3.66	3.67-3.76
2,4	b-L-Fucp	10%	4.65	3.54	3.69	3.79	3.82	1.21
2,4,4	b-D-Galp	71%	4.63	3.30	3.65	3.92	3.68	3.76-3.79
2,4,3	a-Neup	34%	-	-	1.76-2.73	3.73	3.86	3.74	3.58	3.86	3.64-3.87
2,4,3,5	Ac	99%	-	2.03
2,4,3,4	b-D-Galp	40%	4.53	3.62	3.95	4.06	3.69	4-4.02
2,4,3,4,6	S	
2,4,3,4,2	b-D-Galp	53%	4.90	3.62	3.95	3.84	3.97	4
2,4,3,4,2,6	S	
2,4,3,4,2,2	b-D-Glcp	25%	4.61	3.36	3.75	3.66	3.48	4.08-4.15
2,4,3,4,2,2,6	S	
2,4,3,4,2,2,3	b-D-Manp	51%	4.89	4.03	3.72	3.64	3.82	3.90-4.05
2,4,3,4,2,2,3,4	b-D-Fucp	26%	4.51	3.69	3.69	3.79	3.82	1.29
2,4,3,4,2,2,3,4,4	a-D-Galp	61%	4.99	3.85	3.89	4	4.12	3.74-3.75
2,4,3,4,2,2,3,4,3	a-D-Xylp	59%	5.13	3.82	4	3.91	3.69
2,4,3,4,2,2,3,4,3,4	a-D-Manp	43%	5.16	4.13	3.92	3.68	3.29	3.56
2,4,3,4,2,2,3,4,3,4,2	b-D-Glcp	79%	4.58	3.52	3.81	3.46	3.96	3.52-3.86
