Linkage	Residue	Trust	C1	C2	C3	C4	C5	C6	C7	C8	C9
	b-D-Xylp	66%	97.5	74.8	83.5	77.4	64.0
4	b-D-Xylp	93%	102.8	73.7	76.5	70.1	66.1
3	a-D-Manp	7%	101.3	70.9	74.5	67.5	73.9	61.5
3,4	b-L-Fucp	69%	104.1	72.0	73.7	72.4	71.9	16.1
3,3	a-Neup	47%	175.1	102.0	37.9	72.4	53.1	74.1	69.8	73.1	64.1
3,3,5	Ac	83%	54.9	25.1
3,3,4	a-D-GlcpN	34%	94.7	54.6	71.4	70.6	72.7	65.5
3,3,4,2	Ac	83%	175.3	23.3
3,3,4,6	S	
3,3,4,2	b-D-GlcpN	59%	102.3	56.5	73.0	79.8	75.7	61.0
3,3,4,2,2	Ac	88%	175.6	23.4
3,3,4,2,4	b-D-Glcp	65%	101.2	78.3	76.7	70.8	77.2	65.1
3,3,4,2,4,6	S	
3,3,4,2,4,2	a-D-GalpA	55%	98.0	69.7	75.9	68.2	72.2	175.5
3,3,4,2,4,2,3	a-D-GlcpA	50%	94.2	79.9	74.2	72.4	73.1	176.5
3,3,4,2,4,2,3,2	b-D-GlcpA	15%	104.1	74.2	76.0	77.8	76.7	175.2
3,3,4,2,4,2,3,2,2	a-D-Manp	77%	101.2	71.4	71.4	67.7	72.7	61.6
3,3,4,2,4,2,3,2,4	a-D-GalpA	59%	99.2	79.7	69.7	71.3	72.2	175.8
3,3,4,2,4,2,3,2,4,2	b-D-GlcpN	53%	101.7	57.1	74.8	78.2	77.0	61.2
3,3,4,2,4,2,3,2,4,2,2	Ac	88%	175.6	23.4
3,3,4,2,4,2,3,2,4,2,4	a-L-Fucp	88%	99.2	69.0	70.3	73.1	67.7	16.5
