Linkage	Residue	Trust	H1	H2	H3	H4	H5	H6	H7	H8	H9
	b-D-Xylp	6%	4.46	3.31	3.49	3.66	3.37-3.69
4	b-D-Xylp	54%	4.27	3.21	3.33	3.45	3.68-3.81
3	a-D-Manp	16%	5.21	4.11	3.95	3.80	3.87	3.85-3.88
3,4	b-L-Fucp	36%	4.65	3.54	3.62	3.77	3.91	1.18
3,3	a-Neup	42%	-	-	1.76-2.73	4	3.86	3.74	3.58	3.86	3.64-3.87
3,3,5	Ac	99%	-	2.03
3,3,4	a-D-GlcpN	32%	5.20	3.78	3.83	3.57	3.63	4.08-4.15
3,3,4,2	Ac	98%	-	2.05
3,3,4,6	S	
3,3,4,2	b-D-GlcpN	50%	4.70	3.57	3.74	3.74	3.61	3.86-4
3,3,4,2,2	Ac	98%	-	2.03
3,3,4,2,4	b-D-Glcp	53%	4.86	3.48	3.58	3.38	3.47	4.08-4.15
3,3,4,2,4,6	S	
3,3,4,2,4,2	a-D-GalpA	49%	5.46	4.09	4.01	4.50	4.51	-
3,3,4,2,4,2,3	a-D-GlcpA	51%	5.36	3.70	3.98	3.56	4.21	-
3,3,4,2,4,2,3,2	b-D-GlcpA	15%	4.58	3.41	3.61	3.81	3.87	-
3,3,4,2,4,2,3,2,2	a-D-Manp	71%	5.07	4.01	3.86	3.70	4	3.77-3.85
3,3,4,2,4,2,3,2,4	a-D-GalpA	41%	5.71	3.92	3.91	4.17	4.46	-
3,3,4,2,4,2,3,2,4,2	b-D-GlcpN	60%	4.52	3.72	3.68	3.60	3.54	3.84-3.99
3,3,4,2,4,2,3,2,4,2,2	Ac	98%	-	2.03
3,3,4,2,4,2,3,2,4,2,4	a-L-Fucp	84%	5.02	3.79	3.88	3.82	4.78	1.20
