Linkage	Residue	Trust	C1	C2	C3	C4	C5	C6
	Me	83%	56.0
1	a-D-GlcpN	60%	101.1	55.0	74.4	78.6	76.2	62.7
1,2	Ac	83%	175.3	23.3
1,4	a-D-GlcpN	45%	98.1	54.6	74.0	71.0	76.7	61.8
1,4,2	Ac	83%	175.3	23.3
1,4,2	a-D-Galp	45%	99.0	77.5	73.7	71.5	71.8	61.8
1,4,2,3	S	
1,4,2,2	b-D-Galp	61%	105.2	75.2	73.8	71.2	75.7	65.3
1,4,2,2,6	S	
1,4,2,2,2	a-D-Galp	42%	97.9	67.7	74.5	72.0	70.8	61.6
1,4,2,2,2,3	S	
1,4,2,2,2,4	b-L-Fucp	41%	100.6	70.3	73.7	71.7	71.7	16.2
1,4,2,2,2,4,4	b-D-Manp	45%	101.7	73.9	73.5	81.3	77.0	64.5
1,4,2,2,2,4,4,4	a-D-Manp	77%	102.0	73.9	72.5	68.1	73.9	61.9
1,4,2,2,2,4,4,2	a-D-Galp	48%	96.7	69.2	74.5	68.5	72.5	62.5
1,4,2,2,2,4,4,2,3	S	
1,4,2,2,2,4,4,2,2	a-D-Galp	54%	99.4	71.6	75.6	75.8	71.2	61.6
1,4,2,2,2,4,4,2,2,3	S	
1,4,2,2,2,4,4,2,2,4	b-D-Galp	67%	103.1	78.0	73.2	70.1	71.5	61.8
1,4,2,2,2,4,4,2,2,4,2	b-D-GlcpN	71%	101.9	56.8	75.5	79.4	77.0	61.1
1,4,2,2,2,4,4,2,2,4,2,2	Ac	88%	175.6	23.4
1,4,2,2,2,4,4,2,2,4,2,4	b-D-Galp	66%	102.5	74.8	72.7	70.4	76.6	65.3
1,4,2,2,2,4,4,2,2,4,2,4,6	S	
1,4,2,2,2,4,4,2,2,4,2,4,2	a-D-GlcpN	40%	100.2	54.7	71.4	81.7	72.7	65.5
1,4,2,2,2,4,4,2,2,4,2,4,2,2	Ac	83%	175.3	23.3
1,4,2,2,2,4,4,2,2,4,2,4,2,6	S	
1,4,2,2,2,4,4,2,2,4,2,4,2,4	b-D-ManpA	42%	101.1	71.3	73.0	74.5	77.5	174.6
1,4,2,2,2,4,4,2,2,4,2,4,2,4,4	b-D-GlcpN	73%	102.0	56.9	75.0	71.2	77.0	62.0
1,4,2,2,2,4,4,2,2,4,2,4,2,4,4,2	Ac	88%	175.6	23.4
