Linkage	Residue	Trust	C1	C2	C3	C4	C5	C6	C7	C8	C9
	Me	83%	55.6
1	a-D-Manp	60%	101.3	70.9	71.6	77.5	73.8	61.9
1,4	a-D-Manp	40%	102.3	72.0	74.3	67.5	73.4	61.5
1,4,3	a-Neup	35%	173.2	102.0	40.7	69.8	53.1	74.1	69.8	73.1	64.1
1,4,3,5	Ac	83%	54.9	25.1
1,4,3,4	b-D-Glcp	26%	103.5	74.5	76.2	79.8	76.2	61.4
1,4,3,4,2	b-D-Galp	76%	106.0	71.0	74.8	69.3	77.0	62.5
1,4,3,4,4	b-D-Galp	82%	104.2	72.0	73.2	78.4	76.5	61.5
1,4,3,4,4,6	S	
1,4,3,4,4,4	a-D-Glcp	70%	100.8	82.2	73.6	68.8	72.2	64.9
1,4,3,4,4,4,6	S	
1,4,3,4,4,4,2	b-D-Glcp	61%	104.9	73.3	84.2	70.5	73.5	63.7
1,4,3,4,4,4,2,6	S	
1,4,3,4,4,4,2,3	a-D-Glcp	71%	100.0	72.9	71.7	75.7	69.6	60.5
1,4,3,4,4,4,2,3,4	b-D-GlcpA	67%	98.4	76.3	76.9	78.1	77.5	178.1
