Lineage	Residue	Trust	C1	C2	C3	C4	C5	C6	C7	C8	C9
	Me	91%	55.8
1	a-D-Manp	77%	101.9	71.3	72.1	75.9	73.0	62.2
1,4	a-D-Manp	47%	102.3	71.9	77.5	67.5	73.4	61.5
1,4,3	a-Neup	60%	173.7	101.6	40.3	78.5	51.8	73.4	69.5	73.0	63.9
1,4,3,5	Ac	57%	90.7	24.6
1,4,3,4	b-D-Glcp	92%	102.2	81.9	75.6	79.8	75.9	61.3
1,4,3,4,2	b-D-Galp	89%	105.1	71.6	74.3	69.8	76.6	62.3
1,4,3,4,4	b-D-Galp	81%	104.1	71.9	73.4	78.3	76.0	63.4
1,4,3,4,4,6	S		
1,4,3,4,4,4	a-D-Glcp	76%	100.8	81.9	72.8	69.8	72.5	65.0
1,4,3,4,4,4,6	S		
1,4,3,4,4,4,2	b-D-Glcp	81%	104.9	73.1	83.5	69.9	75.6	64.8
1,4,3,4,4,4,2,6	S		
1,4,3,4,4,4,2,3	a-D-Glcp	90%	100.0	72.8	72.4	78.9	71.4	61.0
1,4,3,4,4,4,2,3,4	b-D-GlcpA	87%	102.4	73.8	76.6	73.6	76.1	175.3
