Linkage	Residue	Trust	H1	H2	H3	H4	H5	H6	H7	H8	H9
	Me	95%	3.42
1	a-D-Manp	45%	4.65	4.08	3.91	3.84	3.92	3.70-3.90
1,4	a-D-Manp	42%	5.01	4.12	3.88	3.92	3.83	3.78-3.86
1,4,3	a-Neup	34%	-	-	1.76-2.73	3.73	3.86	3.74	3.58	3.86	3.64-3.87
1,4,3,5	Ac	99%	-	2.03
1,4,3,4	b-D-Glcp	26%	4.62	3.38	3.56	3.65	3.63	3.81-3.96
1,4,3,4,2	b-D-Galp	68%	5.26	3.50	3.71	3.80	3.65	4.04
1,4,3,4,4	b-D-Galp	77%	4.48	3.56	3.72	4	3.76	3.82-3.89
1,4,3,4,4,6	S	
1,4,3,4,4,4	a-D-Glcp	62%	5.11	3.45	3.75	3.46	4.30	4.06
1,4,3,4,4,4,6	S	
1,4,3,4,4,4,2	b-D-Glcp	57%	4.66	3.45	3.66	3.58	3.62	3.97-4.21
1,4,3,4,4,4,2,6	S	
1,4,3,4,4,4,2,3	a-D-Glcp	44%	5.60	3.60	3.79	3.63	3.91	3.81-3.96
1,4,3,4,4,4,2,3,4	b-D-GlcpA	81%	4.70	3.32	3.68	3.66	3.81	-
