Lineage	Residue	Trust	C1	C2	C3	C4	C5	C6	C7	C8	C9	C10	C11
	Me	100%	55.9
1	a-D-Manp	88%	102.1	71.4	72.2	75.5	72.8	62.3
1,4	a-D-Manp	13%	102.3	70.0	77.5	67.2	74.7	62.3
1,4,3	a-Neup5Ac	63%	174.1	101.6	40.3	78.5	51.4	73.4	69.2	72.6	63.6	175.9	23.5
1,4,3,4	b-D-Glcp	100%	102.2	81.9	75.6	79.9	75.9	61.3
1,4,3,4,2	b-D-Galp	100%	104.7	71.8	74.1	70.0	76.3	62.2
1,4,3,4,4	b-D-Galp	75%	104.0	71.8	73.6	78.3	75.4	65.1
1,4,3,4,4,6	S	50%
1,4,3,4,4,4	a-D-Glcp	75%	100.8	81.4	72.3	70.2	72.7	65.1
1,4,3,4,4,4,6	S	50%
1,4,3,4,4,4,2	b-D-Glcp	88%	104.9	72.9	83.4	69.8	76.0	65.2
1,4,3,4,4,4,2,6	S	50%
1,4,3,4,4,4,2,3	a-D-Glcp	100%	100.0	72.7	72.6	79.9	71.9	61.1
1,4,3,4,4,4,2,3,4	b-D-GlcpA	100%	103.6	73.1	76.5	72.3	75.7	174.4
