Linkage	Residue	Trust	C1	C2	C3	C4	C5	C6	C7	C8	C9
	a-D-Glcp	75%	96.0	76.3	72.2	70.5	72.7	61.6
2	a-D-Glcp	61%	97.3	72.4	81.1	71.6	73.1	61.8
2,3	a-D-GlcpA	52%	101.5	74.5	80.3	76.1	73.1	177.0
2,3,3	a-D-Fucp	65%	99.6	69.0	71.0	73.1	68.8	16.5
2,3,4	a-D-Glcp	57%	104.9	78.2	73.6	70.7	73.2	64.9
2,3,4,6	S	
2,3,4,2	b-D-Galp	59%	107.4	75.0	73.7	78.3	74.4	65.3
2,3,4,2,6	S	
2,3,4,2,4	a-D-Galp	66%	100.8	80.4	69.7	71.4	71.3	61.1
2,3,4,2,4,2	b-D-GlcpA	59%	106.0	74.3	75.4	81.6	78.1	176.0
2,3,4,2,4,2,4	b-D-Galp	68%	103.9	71.6	72.6	78.3	76.7	61.8
2,3,4,2,4,2,4,6	S	
2,3,4,2,4,2,4,4	a-D-Galp	46%	99.5	69.2	74.5	69.8	71.5	61.5
2,3,4,2,4,2,4,4,3	S	
2,3,4,2,4,2,4,4,2	a-D-Xylp	18%	98.5	72.0	72.9	73.7	61.4
2,3,4,2,4,2,4,4,2,3	b-D-Galp	15%	104.2	71.6	76.3	77.5	75.8	61.9
2,3,4,2,4,2,4,4,2,3,3	a-D-Xylp	62%	104.2	71.1	76.4	70.2	61.2
2,3,4,2,4,2,4,4,2,3,4	b-D-Xylp	26%	104.1	73.4	76.2	70.6	65.5
2,3,4,2,4,2,4,4,2,3,4,3	a-Neup	67%	174.7	101.9	37.7	70.0	53.3	74.4	69.8	73.3	64.2
2,3,4,2,4,2,4,4,2,3,4,3,5	Ac	83%	54.9	25.1
