Linkage	Residue	Trust	C1	C2	C3	C4	C5	C6	C7	C8	C9
	Me	76%	56.2
1	a-D-GalpA	67%	97.7	72.7	69.2	78.4	71.6	175.8
1,4	a-D-GalpA	94%	99.4	68.6	69.9	71.2	72.6	176.5
1,2	a-D-GlcpA	52%	97.1	72.6	73.2	77.4	72.9	175.9
1,2,4	a-D-ManpA	55%	100.9	70.6	70.9	79.9	75.2	178.3
1,2,4,4	a-D-Glcp	59%	99.5	72.8	72.0	76.3	71.5	65.1
1,2,4,4,6	S	
1,2,4,4,4	b-D-Galp	66%	104.3	71.5	67.8	81.6	76.0	61.5
1,2,4,4,4,3	S	
1,2,4,4,4,4	a-D-GlcpN	71%	99.1	54.1	70.4	80.4	71.7	64.4
1,2,4,4,4,4,2	Ac	83%	175.3	23.3
1,2,4,4,4,4,6	S	
1,2,4,4,4,4,4	b-D-GlcpN	57%	102.5	56.4	74.7	71.0	77.0	65.6
1,2,4,4,4,4,4,2	Ac	88%	175.6	23.4
1,2,4,4,4,4,4,6	S	
1,2,4,4,4,4,4,2	a-D-Galp	31%	99.0	69.2	74.5	68.5	71.8	61.8
1,2,4,4,4,4,4,2,3	S	
1,2,4,4,4,4,4,2,2	a-D-Galp	64%	96.7	69.3	70.3	78.7	71.8	62.2
1,2,4,4,4,4,4,2,2,6	S	
1,2,4,4,4,4,4,2,2,4	a-D-GalpA	65%	99.0	70.0	69.2	78.4	71.8	173.3
1,2,4,4,4,4,4,2,2,4,4	a-D-Galp	50%	101.2	68.6	74.3	70.2	71.9	61.5
1,2,4,4,4,4,4,2,2,4,4,3	b-Neup	35%	175.1	96.9	40.2	67.4	54.2	70.7	69.8	73.1	64.1
1,2,4,4,4,4,4,2,2,4,4,3,5	Ac	83%	176.3	23.6
1,2,4,4,4,4,4,2,2,4,4,3,4	a-Neup	47%	175.1	102.0	37.9	72.4	53.1	74.1	69.8	73.1	64.1
1,2,4,4,4,4,4,2,2,4,4,3,4,5	Ac	83%	54.9	25.1
1,2,4,4,4,4,4,2,2,4,4,3,4,4	a-D-GlcpN	69%	94.7	54.7	72.1	71.0	73.2	61.7
1,2,4,4,4,4,4,2,2,4,4,3,4,4,2	Ac	83%	175.3	23.3
