Linkage	Residue	Trust	C1	C2	C3	C4	C5	C6
	Me	83%	57.8
1	a-D-Xylp	34%	97.7	72.7	73.0	73.2	65.1
1,4	a-D-Xylp	41%	98.5	72.0	76.6	70.1	61.2
1,2	a-D-Galp	62%	92.7	73.5	69.4	70.4	71.8	66.0
1,2,6	S	
1,2,2	a-D-Galp	61%	96.7	68.7	70.3	79.7	71.8	59.8
1,2,2,6	S	
1,2,2,4	b-D-GalpA	34%	103.0	81.2	73.6	69.7	76.0	175.8
1,2,2,4,2	b-D-GalpA	65%	101.1	72.3	73.6	71.1	76.0	174.8
1,2,2,4,3	b-D-GlcpN	35%	104.1	56.4	74.1	71.3	73.4	59.9
1,2,2,4,3,2	Ac	88%	175.6	23.4
1,2,2,4,3,2	b-D-GalpA	38%	103.7	80.3	72.2	71.2	75.7	174.8
1,2,2,4,3,2,2	b-D-Galp	58%	104.9	72.3	78.5	66.1	76.3	61.5
1,2,2,4,3,2,2,3	a-D-GalpA	66%	96.4	70.3	70.8	81.9	71.5	175.3
1,2,2,4,3,2,2,3,4	b-D-Galp	65%	104.8	70.8	73.8	78.3	76.2	61.7
1,2,2,4,3,2,2,3,4,4	a-D-Galp	50%	101.3	77.8	69.9	69.9	71.0	65.7
1,2,2,4,3,2,2,3,4,4,6	S	
1,2,2,4,3,2,2,3,4,4,2	b-D-ManpA	55%	97.0	89.3	74.1	69.5	78.1	176.0
1,2,2,4,3,2,2,3,4,4,2,2	a-D-Galp	39%	100.8	72.9	74.5	78.5	71.8	61.8
1,2,2,4,3,2,2,3,4,4,2,2,3	S	
1,2,2,4,3,2,2,3,4,4,2,2,4	a-D-Xylp	50%	100.5	72.8	73.7	73.7	61.2
