Linkage	Residue	Trust	H1	H2	H3	H4	H5	H6
	Me	95%	3.33
1	a-D-Xylp	7%	5.21	3.61	3.70	3.66	3.67-3.76
1,4	a-D-Xylp	33%	5.10	3.55	3.59	3.62	3.55-3.69
1,2	a-D-Galp	44%	5.53	3.95	4.02	4.05	4.25	4-4.04
1,2,6	S	
1,2,2	a-D-Galp	59%	5.21	4.02	3.98	4.32	4.47	3.57-3.93
1,2,2,6	S	
1,2,2,4	b-D-GalpA	37%	5.06	3.62	4.15	4.48	4.01	-
1,2,2,4,2	b-D-GalpA	60%	4.69	3.60	3.73	4.22	4.15	-
1,2,2,4,3	b-D-GlcpN	27%	4.69	3.60	3.66	3.63	3.61	3.75-3.86
1,2,2,4,3,2	Ac	98%	-	2.03
1,2,2,4,3,2	b-D-GalpA	13%	4.55	3.62	4.01	4.22	4.14	-
1,2,2,4,3,2,2	b-D-Galp	52%	4.69	3.60	3.79	4.18	3.39	3.71-3.89
1,2,2,4,3,2,2,3	a-D-GalpA	68%	5.13	3.85	4.04	4.37	4.80	-
1,2,2,4,3,2,2,3,4	b-D-Galp	60%	4.72	3.97	3.73	4.03	3.76	3.78-3.83
1,2,2,4,3,2,2,3,4,4	a-D-Galp	40%	5.21	3.90	3.97	4.03	4.47	3.99
1,2,2,4,3,2,2,3,4,4,6	S	
1,2,2,4,3,2,2,3,4,4,2	b-D-ManpA	52%	4.54	5.34	4.10	3.74	3.78	-
1,2,2,4,3,2,2,3,4,4,2,2	a-D-Galp	27%	5.16	3.90	4.79	4.12	4.07	3.75-3.77
1,2,2,4,3,2,2,3,4,4,2,2,3	S	
1,2,2,4,3,2,2,3,4,4,2,2,4	a-D-Xylp	52%	5	3.57	3.59	3.62	3.55-3.69
