Linkage	Residue	Trust	C1	C2	C3	C4	C5	C6
	Me	83%	56.0
1	a-D-GlcpN	50%	98.2	54.5	72.1	71.1	73.1	61.8
1,2	Ac	83%	175.3	23.3
1,2	a-D-Galp	44%	99.0	74.0	69.4	70.4	71.8	66.0
1,2,6	S	
1,2,2	a-D-Galp	50%	96.7	69.7	76.7	68.0	71.8	65.6
1,2,2,6	S	
1,2,2,3	a-D-Galp	49%	101.5	68.5	74.2	79.0	72.7	61.1
1,2,2,3,3	a-L-Fucp	67%	104.1	71.1	72.2	71.0	69.8	18.4
1,2,2,3,4	a-D-Glcp	64%	99.0	72.8	77.1	79.3	76.1	64.8
1,2,2,3,4,6	S	
1,2,2,3,4,4	a-D-Galp	58%	98.5	69.3	80.5	73.7	70.2	65.6
1,2,2,3,4,4,6	S	
1,2,2,3,4,4,3	b-D-GalpA	49%	104.6	84.6	74.1	71.2	75.7	174.8
1,2,2,3,4,4,3,2	a-D-Fucp	46%	100.4	69.4	69.3	75.4	68.2	16.9
1,2,2,3,4,4,3,2,4	a-D-GalpA	56%	99.4	68.9	79.8	70.6	72.2	175.5
1,2,2,3,4,4,3,2,4,3	b-D-Galp	64%	105.6	72.1	73.1	79.0	76.2	61.9
1,2,2,3,4,4,3,2,4,3,4	a-D-Xylp	54%	100.7	72.8	73.6	73.7	61.2
