Linkage	Residue	Trust	H1	H2	H3	H4	H5	H6
	Me	95%	3.41
1	a-D-GlcpN	27%	5.24	3.75	3.83	3.55	3.83	3.78-3.90
1,2	Ac	98%	-	2.05
1,2	a-D-Galp	28%	5.21	3.90	4.02	4.05	4.25	4-4.04
1,2,6	S	
1,2,2	a-D-Galp	45%	5.21	4.09	4.02	4.06	4.14	3.70-3.80
1,2,2,6	S	
1,2,2,3	a-D-Galp	35%	5.18	4	3.97	4.14	4.23	3.82-3.90
1,2,2,3,3	a-L-Fucp	81%	5.05	3.75	3.86	4.04	4.14	1.22
1,2,2,3,4	a-D-Glcp	71%	5	3.58	4.52	3.93	4.77	3.65-3.95
1,2,2,3,4,6	S	
1,2,2,3,4,4	a-D-Galp	33%	5.07	3.96	4.03	3.86	3.86	4-4.03
1,2,2,3,4,4,6	S	
1,2,2,3,4,4,3	b-D-GalpA	22%	4.55	3.62	3.77	4.22	4.14	-
1,2,2,3,4,4,3,2	a-D-Fucp	42%	5.21	3.84	4.04	4	4.06	1.25
1,2,2,3,4,4,3,2,4	a-D-GalpA	58%	4.83	4	4.15	4.57	4.74	-
1,2,2,3,4,4,3,2,4,3	b-D-Galp	61%	4.72	3.63	3.73	4.11	3.77	3.77-3.81
1,2,2,3,4,4,3,2,4,3,4	a-D-Xylp	56%	4.95	3.49	3.59	3.62	3.55-3.69
