Linkage	Residue	Trust	C1	C2	C3	C4	C5	C6
	Me	83%	57.7
1	b-D-ManpA	58%	94.4	81.8	72.2	69.5	77.2	176.4
1,2	b-D-Galp	69%	105.2	72.8	72.9	77.6	73.6	63.6
1,2,6	S	
1,2,4	a-D-GlcpN	67%	99.2	54.9	70.5	79.8	72.1	60.8
1,2,4,2	Ac	83%	175.3	23.3
1,2,4,4	b-D-Galp	61%	4.9	4.0	78.6	70.5	76.2	65.3
1,2,4,4,6	S	
1,2,4,4,3	a-D-Manp	28%	102.2	70.8	74.4	76.4	73.9	61.5
1,2,4,4,3,3	b-L-Fucp	69%	102.4	72.7	73.7	72.4	71.9	16.5
1,2,4,4,3,4	a-D-Glcp	57%	102.0	73.9	81.4	70.2	75.0	63.0
1,2,4,4,3,4,3	a-D-ManpA	50%	97.2	69.8	71.8	69.5	73.2	175.8
