Linkage	Residue	Trust	H1	H2	H3	H4	H5	H6
	Me	95%	3.54
1	b-D-ManpA	63%	4.95	4.16	3.61	3.74	3.54	-
1,2	b-D-Galp	63%	4.44	3.58	3.89	4.20	3.84	3.94-4.03
1,2,6	S	
1,2,4	a-D-GlcpN	81%	4.85	3.95	3.95	3.77	4.30	3.82-3.92
1,2,4,2	Ac	98%	-	2.05
1,2,4,4	b-D-Galp	45%	4.50	3.71	3.80	3.98	3.70	4.01
1,2,4,4,6	S	
1,2,4,4,3	a-D-Manp	20%	5.03	4.12	3.96	3.80	3.87	3.73-3.76
1,2,4,4,3,3	b-L-Fucp	37%	4.65	3.54	3.62	4.01	3.91	1.28
1,2,4,4,3,4	a-D-Glcp	65%	5.32	3.72	3.96	3.32	3.76	3.78-3.87
1,2,4,4,3,4,3	a-D-ManpA	35%	5.21	3.87	3.77	3.74	4.21	-
