Linkage	Residue	Trust	C1	C2	C3	C4	C5	C6
	a-D-Fucp	62%	95.2	74.0	69.4	72.9	68.0	16.5
2	a-D-Galp	31%	96.4	70.0	74.5	72.0	71.8	61.8
2,3	S	
2,4	b-L-Fucp	21%	98.2	72.7	74.9	71.5	71.7	16.8
2,4,3	a-D-GalpA	68%	97.0	73.4	70.2	71.3	72.6	175.9
2,4,2	b-D-Galp	28%	104.9	72.3	76.4	71.4	75.8	61.9
2,4,2,3	S	
2,4,2,4	b-L-Fucp	38%	105.5	72.7	73.7	72.4	71.7	16.1
2,4,2,4,2	a-D-Glcp	63%	94.4	75.4	73.0	70.4	73.0	61.4
2,4,2,4,2,2	a-D-Galp	40%	96.3	69.4	76.2	79.3	72.2	62.5
2,4,2,4,2,2,3	S	
2,4,2,4,2,2,4	b-D-Fucp	72%	105.3	72.2	73.9	72.4	71.9	16.1
