Lineage	Residue	Trust	C1	C2	C3	C4	C5	C6
	Me	93%	58.3
1	b-D-Glcp	60%	103.9	73.6	75.3	79.7	75.8	61.2
1,4	b-D-Glcp	89%	103.3	74.1	85.8	69.4	77.1	62.0
1,4,3	b-D-Manp	47%	101.4	75.3	80.4	66.1	77.6	62.8
1,4,3,3	a-L-Fucp	93%	96.5	69.3	70.5	73.1	67.9	16.6
1,4,3,2	a-D-GalpA	87%	99.6	74.6	69.5	71.9	72.6	176.4
1,4,3,2,2	a-D-GlcpN	89%	95.8	54.2	81.6	70.0	73.2	61.9
1,4,3,2,2,2	Ac	98%	175.3	23.2
1,4,3,2,2,3	b-D-GlcpA	91%	104.0	74.1	84.3	70.8	76.0	174.5
1,4,3,2,2,3,3	b-D-Galp	89%	103.8	71.7	73.2	77.4	76.2	62.2
1,4,3,2,2,3,3,4	a-L-Fucp	90%	99.3	69.2	71.0	81.6	67.7	15.9
1,4,3,2,2,3,3,4,4	b-D-Glcp	93%	103.8	74.5	76.8	70.8	77.2	62.1
