Lineage	Residue	Trust	C1	C2	C3	C4	C5	C6	C7	C8
	Me	100%	58.5
1	b-D-Glcp	13%	105.1	73.9	76.0	76.9	76.2	62.1
1,4	b-D-Glcp	100%	103.1	73.7	86.5	69.4	77.2	62.1
1,4,3	b-D-Manp	50%	101.4	75.3	80.4	66.2	77.4	62.3
1,4,3,3	a-L-Fucp	100%	96.7	69.2	70.4	73.0	67.9	16.7
1,4,3,2	a-D-GalpA	100%	100.2	74.8	69.3	72.0	72.6	176.4
1,4,3,2,2	a-D-GlcpNAc	100%	96.1	54.1	81.6	70.0	73.3	61.9	175.4	23.2
1,4,3,2,2,3	b-D-GlcpA	100%	104.0	74.2	84.4	71.2	76.0	174.4
1,4,3,2,2,3,3	b-D-Galp	100%	104.0	71.7	74.4	76.9	76.2	62.2
1,4,3,2,2,3,3,4	a-L-Fucp	100%	98.9	69.1	71.0	81.9	67.8	15.9
1,4,3,2,2,3,3,4,4	b-D-Glcp	100%	103.9	74.4	77.0	70.9	77.2	62.1
