Linkage	Residue	Trust	C1	C2	C3	C4	C5	C6
	b-L-Fucp	57%	97.2	72.7	74.0	72.4	72.3	16.1
2	b-D-Galp	41%	104.8	72.3	76.3	69.2	75.8	65.3
2,6	S	
2,3	a-D-Fucp	54%	104.1	72.3	70.1	72.9	67.9	16.4
2,3,2	a-D-GlcpN	65%	94.5	54.2	81.4	69.4	73.0	61.5
2,3,2,2	Ac	83%	175.3	23.3
2,3,2,3	b-D-Manp	68%	101.5	71.3	72.7	81.3	76.0	64.5
2,3,2,3,4	a-D-Manp	62%	102.3	74.6	79.4	66.8	73.9	61.9
2,3,2,3,4,3	b-D-GalpA	60%	102.5	71.6	81.2	70.6	76.2	175.6
2,3,2,3,4,3,3	b-D-GalpA	35%	104.7	71.2	73.6	77.4	75.7	180.1
2,3,2,3,4,3,3,2	b-D-Manp	58%	101.1	71.6	74.0	68.0	77.3	62.5
2,3,2,3,4,3,3,4	a-D-Galp	39%	99.5	69.2	74.5	69.3	72.2	62.4
2,3,2,3,4,3,3,4,3	S	
2,3,2,3,4,3,3,4,2	a-D-GlcpA	71%	97.1	72.5	73.8	73.6	73.2	176.0
