Linkage	Residue	Trust	C1	C2	C3	C4	C5	C6
	Me	84%	58.1
1	b-L-Fucp	58%	104.6	71.6	74.8	82.1	71.6	16.8
1,4	b-L-Fucp	32%	100.6	72.2	74.9	81.5	71.7	16.2
1,4,4	b-D-Xylp	62%	104.1	73.4	76.9	70.8	66.2
1,4,3	a-D-Glcp	55%	93.0	76.7	73.2	78.3	72.7	62.0
1,4,3,2	a-D-Glcp	88%	97.3	72.6	74.1	70.7	73.2	61.7
1,4,3,4	a-D-Galp	56%	101.8	70.2	75.6	75.8	71.2	62.9
1,4,3,4,3	S	
1,4,3,4,4	b-D-Glcp	73%	103.6	74.6	68.6	83.3	66.4	64.4
1,4,3,4,4,6	S	
1,4,3,4,4,4	b-D-Glcp	66%	103.4	73.9	85.3	69.3	76.3	65.3
1,4,3,4,4,4,6	S	
1,4,3,4,4,4,3	b-D-Xylp	66%	104.4	74.5	78.1	78.0	67.1
1,4,3,4,4,4,3,4	b-D-GlcpA	51%	102.2	73.9	84.8	71.3	76.8	175.9
1,4,3,4,4,4,3,4,3	b-D-GlcpN	56%	102.9	56.4	74.8	71.1	77.1	62.0
1,4,3,4,4,4,3,4,3,2	Ac	88%	175.6	23.4
1,4,3,4,4,4,3,4,3,2	a-D-Glcp	45%	99.1	72.5	73.1	79.6	71.6	61.4
1,4,3,4,4,4,3,4,3,2,4	b-D-ManpA	66%	101.1	71.8	74.6	69.5	77.5	178.1
