Linkage	Residue	Trust	C1	C2	C3	C4	C5	C6	C7	C8	C9
	Me	77%	55.6
1	a-D-ManpA	52%	101.3	70.5	71.5	73.3	73.4	175.6
1,4	a-D-GlcpN	50%	98.5	54.2	77.9	71.5	72.7	65.4
1,4,2	Ac	83%	175.3	23.3
1,4,6	S	
1,4,3	a-D-GlcpN	45%	99.0	54.6	71.7	70.1	72.5	61.2
1,4,3,2	Ac	83%	175.3	23.3
1,4,3,2	b-D-Galp	56%	104.2	71.3	83.3	69.3	76.0	62.0
1,4,3,2,3	b-D-Glcp	56%	105.9	78.1	77.4	69.9	77.6	62.8
1,4,3,2,3,2	a-D-Galp	48%	98.0	67.5	72.8	69.1	72.9	62.0
1,4,3,2,3,2,3	a-Neup	63%	173.8	99.8	39.4	70.0	53.3	74.4	69.8	73.3	64.2
1,4,3,2,3,2,3,5	Ac	83%	54.9	25.1
