Linkage	Residue	Trust	H1	H2	H3	H4	H5	H6	H7	H8	H9
	Me	95%	3.40
1	a-D-ManpA	63%	5.06	4.20	3.85	3.74	4.01	-
1,2	b-D-GlcpN	11%	4.81	3.59	3.72	3.51	3.54	4.14-4.16
1,2,2	Ac	98%	-	2.03
1,2,6	S	
1,2,3	a-Neup	42%	-	-	1.76-2.73	4	3.86	3.74	3.58	3.86	3.64-3.87
1,2,3,5	Ac	99%	-	2.03
1,2,3,4	a-D-GlcpN	59%	4.96	4.89	3.95	3.81	3.92	4.11-4.18
1,2,3,4,2	Ac	98%	-	2.05
1,2,3,4,6	S	
1,2,3,4,4	b-D-Galp	76%	4.70	3.70	3.72	3.93	3.68	4-4.02
1,2,3,4,4,6	S	
1,2,3,4,4,2	a-D-Xylp	14%	5.22	4.05	3.70	3.66	3.67-3.76
1,2,3,4,4,2,3	a-D-Glcp	47%	5.36	3.70	3.92	3.44	3.90	3.76-3.86
1,2,3,4,4,2,3,2	b-D-Fucp	57%	4.72	3.66	3.83	4.11	3.94	1.23
1,2,3,4,4,2,3,2,4	b-D-Galp	43%	4.57	3.57	3.72	4.12	3.74	3.79-3.86
1,2,3,4,4,2,3,2,4,6	S	
1,2,3,4,4,2,3,2,4,4	b-D-Galp	38%	4.70	3.60	3.74	4.06	3.71	3.99
1,2,3,4,4,2,3,2,4,4,6	S	
1,2,3,4,4,2,3,2,4,4,3	a-D-GlcpA	14%	5.15	3.38	3.87	3.73	4.24	-
1,2,3,4,4,2,3,2,4,4,3,4	a-L-Fucp	48%	5.03	3.85	3.87	3.79	4.30	1.22
1,2,3,4,4,2,3,2,4,4,3,3	a-D-GlcpA	25%	5.23	3.58	3.87	4.05	4.24	-
1,2,3,4,4,2,3,2,4,4,3,3,4	b-D-Galp	87%	4.45	3.57	3.66	3.95	3.74	3.70
1,2,3,4,4,2,3,2,4,4,3,3,3	a-D-GlcpA	55%	5.48	3.78	3.98	3.50	4.21	-
1,2,3,4,4,2,3,2,4,4,3,3,3,2	b-D-Xylp	55%	4.59	3.32	3.43	3.63	3.34-3.94
