Linkage	Residue	Trust	C1	C2	C3	C4	C5	C6	C7	C8	C9
	b-D-Manp	58%	98.6	76.2	74.1	68.0	77.6	62.1
2	b-D-Manp	43%	101.2	75.8	80.9	67.0	77.4	61.8
2,3	a-D-Manp	69%	103.0	70.4	70.4	68.3	74.2	62.2
2,2	a-D-Galp	43%	97.9	67.5	72.8	69.1	71.8	65.9
2,2,6	S	
2,2,3	a-Neup	58%	174.0	100.9	38.3	75.6	50.8	74.1	69.8	73.1	64.1
2,2,3,5	Ac	83%	54.9	25.1
2,2,3,4	a-D-Galp	48%	96.3	72.3	69.3	70.4	71.8	66.0
2,2,3,4,6	S	
2,2,3,4,2	a-D-GlcpN	51%	98.8	55.0	70.5	80.1	72.7	63.5
2,2,3,4,2,2	Ac	83%	175.3	23.3
2,2,3,4,2,6	S	
2,2,3,4,2,4	b-D-Glcp	68%	103.3	74.0	76.6	79.3	71.8	65.1
2,2,3,4,2,4,6	S	
2,2,3,4,2,4,4	b-D-Galp	69%	102.2	72.9	76.7	69.0	76.4	62.0
2,2,3,4,2,4,4,3	S	
2,2,3,4,2,4,4,2	a-D-Xylp	2%	98.5	72.1	72.9	73.2	61.4
2,2,3,4,2,4,4,2,2	a-D-ManpA	57%	100.6	70.7	71.3	69.5	73.2	175.8
2,2,3,4,2,4,4,2,4	b-D-Glcp	51%	104.6	74.0	86.1	70.2	76.2	65.3
2,2,3,4,2,4,4,2,4,6	S	
2,2,3,4,2,4,4,2,4,3	b-D-Fucp	33%	104.2	69.5	74.9	72.5	71.7	16.4
2,2,3,4,2,4,4,2,4,3,3	b-Neup	35%	175.1	96.9	40.2	67.4	54.2	70.7	69.8	73.1	64.1
2,2,3,4,2,4,4,2,4,3,3,5	Ac	83%	176.3	23.6
2,2,3,4,2,4,4,2,4,3,3,4	a-Neup	54%	175.5	102.0	41.1	70.0	53.3	74.4	69.8	73.3	64.2
2,2,3,4,2,4,4,2,4,3,3,4,5	Ac	83%	54.9	25.1
