Linkage	Residue	Trust	C1	C2	C3	C4	C5	C6	C7	C8	C9
	a-D-Glcp	67%	93.0	80.6	72.3	70.7	72.3	61.8
2	b-D-Galp	55%	107.4	75.0	78.6	70.5	74.4	65.6
2,6	S	
2,3	a-D-ManpA	11%	98.9	68.7	76.5	73.3	73.1	174.7
2,3,4	b-D-GlcpA	59%	98.4	73.5	76.9	73.4	77.6	176.3
2,3,3	a-Neup	42%	175.3	102.0	38.5	75.6	50.8	74.1	69.8	73.1	64.1
2,3,3,5	Ac	83%	54.9	25.1
2,3,3,4	a-D-Fucp	43%	95.6	69.4	69.6	75.4	68.2	16.9
2,3,3,4,4	a-D-Glcp	54%	98.6	72.9	75.5	73.3	72.1	62.0
2,3,3,4,4,4	a-D-Galp	49%	95.9	70.5	75.6	75.8	71.2	61.6
2,3,3,4,4,4,3	S	
2,3,3,4,4,4,4	b-D-Galp	70%	105.7	71.5	83.0	69.3	75.9	60.3
2,3,3,4,4,4,4,6	S	
2,3,3,4,4,4,4,3	b-D-Glcp	46%	105.9	74.4	77.4	70.9	77.6	62.8
2,3,3,4,4,4,4,3,2	b-D-ManpA	42%	101.5	71.3	73.6	69.5	76.6	176.5
