Linkage	Residue	Trust	H1	H2	H3	H4	H5	H6	H7	H8	H9
	a-D-Glcp	83%	5.45	3.69	3.85	3.46	3.84	3.77-3.84
2	b-D-Galp	35%	4.60	3.60	3.79	3.98	3.73	3.99
2,6	S	
2,3	a-D-ManpA	3%	4.98	4.05	3.80	3.76	4.38	-
2,3,4	b-D-GlcpA	63%	4.70	3.32	3.51	3.55	3.73	-
2,3,3	a-Neup	52%	-	-	1.76-2.73	3.72	4.02	3.74	3.58	3.86	3.64-3.87
2,3,3,5	Ac	99%	-	2.03
2,3,3,4	a-D-Fucp	41%	5.10	3.77	3.95	4	4.06	1.25
2,3,3,4,4	a-D-Glcp	28%	4.99	3.52	3.90	3.75	3.79	3.71-3.84
2,3,3,4,4,4	a-D-Galp	54%	4.71	3.68	4.43	4.42	4.01	3.72-3.83
2,3,3,4,4,4,3	S	
2,3,3,4,4,4,4	b-D-Galp	77%	4.66	3.73	3.85	4.19	3.70	3.70
2,3,3,4,4,4,4,6	S	
2,3,3,4,4,4,4,3	b-D-Glcp	41%	4.62	3.37	3.57	3.39	3.44	3.73-3.92
2,3,3,4,4,4,4,3,2	b-D-ManpA	51%	4.79	4.02	3.66	3.74	3.67	-
