Linkage	Residue	Trust	H1	H2	H3	H4	H5	H6
	Me	98%	3.57
1	b-D-GlcpA	27%	4.38	3.41	3.61	3.76	3.93	-
1,2	b-D-GlcpA	50%	4.98	3.25	3.51	3.55	3.73	-
1,4	b-D-Galp	52%	4.55	3.64	3.72	4.12	3.74	3.79-3.86
1,4,6	S	
1,4,4	b-D-Galp	67%	4.68	3.57	3.64	4.34	3.68	3.57-3.60
1,4,4,3	S	
1,4,4,4	b-D-Glcp	41%	4.56	3.42	3.68	3.59	3.51	4.08-4.15
1,4,4,4,6	S	
1,4,4,4,3	a-D-GlcpA	57%	5.17	3.47	3.66	3.94	4.02	-
1,4,4,4,3,2	a-D-Manp	78%	5.15	4.07	3.61	3.78	3.48	3.87-4.59
1,4,4,4,3,2,4	a-D-Galp	32%	5.21	3.90	3.97	4.18	3.92	3.70-3.77
1,4,4,4,3,2,4,3	S	
1,4,4,4,3,2,4,2	b-D-ManpA	84%	4.79	4.10	3.64	3.74	3.78	-
