Linkage	Residue	Trust	C1	C2	C3	C4	C5	C6
	Me	84%	58.1
1	b-D-GalpA	65%	103.6	77.4	73.1	71.2	75.9	174.8
1,2	a-D-Galp	58%	98.3	69.7	69.3	78.6	72.3	65.3
1,2,6	S	
1,2,4	a-D-Galp	52%	101.2	69.4	77.8	68.0	71.5	65.6
1,2,4,6	S	
1,2,4,3	a-D-Xylp	53%	104.2	71.1	75.6	73.2	62.1
1,2,4,3,4	a-D-Xylp	3%	98.5	72.0	72.9	73.2	61.4
1,2,4,3,4,4	a-D-Galp	64%	101.2	69.5	70.4	70.3	72.0	62.1
1,2,4,3,4,3	b-D-GlcpA	68%	103.9	74.4	77.3	77.5	76.6	174.6
1,2,4,3,4,3,4	a-D-GlcpN	65%	99.0	49.7	80.1	70.1	72.4	65.4
1,2,4,3,4,3,4,2	Ac	83%	175.3	23.3
1,2,4,3,4,3,4,6	S	
1,2,4,3,4,3,4,3	b-D-GlcpN	62%	102.5	56.4	74.6	71.3	77.1	62.0
1,2,4,3,4,3,4,3,2	Ac	88%	175.6	23.4
1,2,4,3,4,3,4,3,2	b-D-GalpA	55%	103.7	71.4	73.6	71.1	76.0	174.8
