Linkage	Residue	Trust	H1	H2	H3	H4	H5	H6
	Me	98%	3.57
1	b-D-GalpA	42%	4.55	3.63	3.76	4.22	4.14	-
1,2	a-D-Galp	50%	5.21	3.81	3.86	4.04	4.02	4.17
1,2,6	S	
1,2,4	a-D-Galp	49%	5.03	4.10	4.11	4.06	4.18	4-4.03
1,2,4,6	S	
1,2,4,3	a-D-Xylp	25%	5.13	3.63	4.02	3.66	3.67-3.76
1,2,4,3,4	a-D-Xylp	0%	5.10	3.55	3.70	3.66	3.67-3.76
1,2,4,3,4,4	a-D-Galp	34%	5.21	3.90	3.89	4	4.12	3.74-3.75
1,2,4,3,4,3	b-D-GlcpA	49%	4.71	3.39	3.69	3.75	3.87	-
1,2,4,3,4,3,4	a-D-GlcpN	64%	5.24	4.21	3.91	3.52	3.71	3.74-3.92
1,2,4,3,4,3,4,2	Ac	98%	-	2.05
1,2,4,3,4,3,4,6	S	
1,2,4,3,4,3,4,3	b-D-GlcpN	37%	4.69	3.60	3.66	3.45	3.45	3.73-3.92
1,2,4,3,4,3,4,3,2	Ac	98%	-	2.03
1,2,4,3,4,3,4,3,2	b-D-GalpA	30%	4.55	3.60	3.73	4.22	4.15	-
