Linkage	Residue	Trust	C1	C2	C3	C4	C5	C6
	b-L-Fucp	60%	97.2	73.1	73.5	80.2	71.7	18.2
4	a-D-Galp	41%	99.5	69.2	74.5	65.6	71.8	61.8
4,3	S	
4,2	a-D-GalpA	65%	95.6	69.1	70.9	79.5	72.6	173.3
4,2,4	b-D-Glcp	62%	103.6	74.6	76.7	79.3	71.8	64.4
4,2,4,6	S	
4,2,4,4	b-D-Glcp	66%	103.4	73.9	85.3	69.3	76.3	65.3
4,2,4,4,6	S	
4,2,4,4,3	b-D-Fucp	21%	100.7	72.7	73.7	72.5	71.7	16.4
4,2,4,4,3,2	b-D-GlcpA	57%	101.1	75.1	76.9	73.4	77.6	176.3
4,2,4,4,3,4	a-D-GalpA	31%	100.5	69.2	69.7	80.1	72.1	174.8
4,2,4,4,3,4,2	a-D-Fucp	69%	103.5	68.5	69.9	73.1	68.8	16.5
4,2,4,4,3,4,4	b-D-GlcpN	45%	103.2	56.4	73.2	71.1	76.1	62.3
4,2,4,4,3,4,4,2	Ac	88%	175.6	23.4
4,2,4,4,3,4,4,2	a-D-Galp	41%	99.0	77.8	69.7	70.5	71.9	62.0
4,2,4,4,3,4,4,2,2	b-D-Galp	57%	105.1	72.5	74.1	76.1	76.1	61.5
4,2,4,4,3,4,4,2,2,4	b-D-GlcpN	65%	102.2	55.8	83.9	70.3	75.9	61.6
4,2,4,4,3,4,4,2,2,4,2	Ac	88%	175.6	23.4
4,2,4,4,3,4,4,2,2,4,3	b-D-GalpA	69%	104.4	71.9	73.5	77.4	74.8	173.2
4,2,4,4,3,4,4,2,2,4,3,4	a-D-Galp	61%	101.0	68.9	80.4	69.7	72.2	65.6
4,2,4,4,3,4,4,2,2,4,3,4,6	S	
4,2,4,4,3,4,4,2,2,4,3,4,3	b-D-GlcpA	69%	104.3	72.9	82.8	73.0	76.5	175.7
4,2,4,4,3,4,4,2,2,4,3,4,3,3	a-D-Fucp	65%	99.6	69.0	71.0	73.1	68.8	16.5
