Linkage	Residue	Trust	H1	H2	H3	H4	H5	H6
	b-L-Fucp	60%	4.60	3.48	3.93	4.04	3.98	1.28
4	a-D-Galp	36%	5.21	3.90	3.97	4.24	4.21	3.75-3.76
4,3	S	
4,2	a-D-GalpA	65%	5.05	4.16	4.12	4.29	4.60	-
4,2,4	b-D-Glcp	66%	4.65	3.42	3.64	3.71	3.68	4.25-4.32
4,2,4,6	S	
4,2,4,4	b-D-Glcp	63%	4.54	3.46	3.74	3.54	3.54	4.08-4.15
4,2,4,4,6	S	
4,2,4,4,3	b-D-Fucp	15%	6.21	3.65	3.68	3.79	3.82	1.31
4,2,4,4,3,2	b-D-GlcpA	62%	4.67	3.48	3.51	3.55	3.73	-
4,2,4,4,3,4	a-D-GalpA	19%	5.02	3.92	4.03	4.36	4.51	-
4,2,4,4,3,4,2	a-D-Fucp	64%	5.27	3.88	3.99	3.79	4.30	1.22
4,2,4,4,3,4,4	b-D-GlcpN	34%	4.69	3.60	3.66	3.35	3.30	3.88
4,2,4,4,3,4,4,2	Ac	98%	-	2.03
4,2,4,4,3,4,4,2	a-D-Galp	35%	5.21	3.90	4.03	4.07	4.11	3.80-3.91
4,2,4,4,3,4,4,2,2	b-D-Galp	57%	4.56	3.63	4.24	4.32	3.81	3.80-3.81
4,2,4,4,3,4,4,2,2,4	b-D-GlcpN	68%	4.59	3.82	3.82	3.55	3.53	3.76-3.98
4,2,4,4,3,4,4,2,2,4,2	Ac	98%	-	2.03
4,2,4,4,3,4,4,2,2,4,3	b-D-GalpA	65%	4.54	3.56	3.73	4.40	4.18	-
4,2,4,4,3,4,4,2,2,4,3,4	a-D-Galp	63%	5.01	4	3.97	4.18	4.17	4-4.03
4,2,4,4,3,4,4,2,2,4,3,4,6	S	
4,2,4,4,3,4,4,2,2,4,3,4,3	b-D-GlcpA	68%	4.67	3.45	3.66	4.06	3.81	-
4,2,4,4,3,4,4,2,2,4,3,4,3,3	a-D-Fucp	55%	5.36	4.18	3.87	3.79	4.30	1.22
