Linkage	Residue	Trust	C1	C2	C3	C4	C5	C6
	Me	87%	58.0
1	b-D-Glcp	74%	101.9	82.1	76.5	69.8	76.7	62.2
1,2	b-D-Glcp	41%	103.5	75.9	76.0	70.6	76.8	61.8
1,2,3	a-D-GlcpA	63%	99.2	71.1	72.9	73.1	73.2	177.8
1,2,2	a-D-Xylp	18%	98.5	72.5	72.9	73.2	61.4
1,2,2,4	a-D-Galp	44%	99.0	73.5	69.3	70.2	71.8	66.0
1,2,2,4,6	S	
1,2,2,4,2	a-D-Xylp	10%	98.5	78.9	72.9	72.3	61.4
1,2,2,4,2,3	a-D-ManpA	63%	103.2	71.3	71.3	69.5	73.2	175.8
1,2,2,4,2,2	b-D-Glcp	50%	103.1	72.0	75.0	79.5	74.4	64.8
1,2,2,4,2,2,6	S	
1,2,2,4,2,2,4	b-D-GlcpN	61%	102.1	55.6	84.3	69.6	75.9	65.7
1,2,2,4,2,2,4,2	Ac	88%	175.6	23.4
1,2,2,4,2,2,4,6	S	
1,2,2,4,2,2,4,3	b-D-ManpA	46%	101.8	71.4	72.5	74.5	76.9	176.0
1,2,2,4,2,2,4,3,4	b-D-Galp	65%	102.2	72.9	76.7	68.7	75.8	61.7
1,2,2,4,2,2,4,3,4,3	S	
1,2,2,4,2,2,4,3,4,2	a-D-GlcpA	72%	97.9	72.7	73.7	70.1	73.2	175.0
