Lineage	Residue	Trust	C1	C2	C3	C4	C5	C6
	Me	91%	56.0
1	a-D-Galp	76%	95.1	73.9	69.1	70.6	71.6	62.2
1,2	a-D-Galp	50%	105.7	74.9	70.1	78.9	72.0	60.9
1,2,2	a-D-ManpA	89%	99.9	71.4	71.5	70.3	74.8	177.6
1,2,4	a-D-GlcpN	58%	97.6	59.5	71.3	70.8	71.8	65.3
1,2,4,2	Ac	98%	175.3	23.2
1,2,4,6	S		175.4
1,2,4,2	a-D-Galp	55%	94.9	74.4	69.4	79.8	71.5	62.4
1,2,4,2,2	a-D-Manp	88%	100.1	71.1	71.6	68.1	74.1	62.0
1,2,4,2,4	b-D-Galp	62%	103.9	73.5	77.1	69.5	75.8	61.8
1,2,4,2,4,3	S		
1,2,4,2,4,2	a-D-Xylp	88%	98.8	72.4	74.3	70.7	62.4
