Lineage	Residue	Trust	C1	C2	C3	C4	C5	C6	C7	C8
	Me	100%	56.2
1	a-D-Galp	63%	98.0	74.4	69.1	70.6	71.7	62.4
1,2	a-D-Galp	38%	95.3	74.4	68.6	79.9	72.4	61.7
1,2,2	a-D-ManpA	100%	99.2	71.3	71.5	70.4	74.6	178.0
1,2,4	a-D-GlcpNAc	50%	96.8	59.5	70.7	70.8	72.0	64.6	175.4	23.2
1,2,4,6	S	50%
1,2,4,2	a-D-Galp	38%	94.9	74.4	69.4	79.9	71.5	62.4
1,2,4,2,2	a-D-Manp	100%	99.3	71.0	71.5	68.2	74.7	62.3
1,2,4,2,4	b-D-Galp	50%	105.3	74.8	77.9	69.7	76.3	62.2
1,2,4,2,4,3	S	50%
1,2,4,2,4,2	a-D-Xylp	100%	99.1	72.3	73.9	70.4	62.5
