Linkage	Residue	Trust	C1	C2	C3	C4	C5	C6
	b-D-GalpA	49%	103.2	71.2	68.6	81.0	76.8	174.8
4	b-D-GalpA	67%	102.0	71.2	73.6	71.1	76.0	174.8
2	b-D-Glcp	75%	102.7	82.9	77.4	69.8	77.4	62.6
2,2	b-D-Glcp	59%	103.8	74.6	87.3	69.0	76.2	65.0
2,2,6	S	
2,2,3	b-D-GalpA	61%	105.5	71.8	74.1	77.4	74.6	175.5
2,2,3,4	a-D-GlcpA	51%	100.9	75.7	81.3	72.5	73.1	175.9
2,2,3,4,3	a-D-Manp	64%	102.0	70.5	80.2	65.7	73.5	61.7
2,2,3,4,3,3	b-D-GlcpN	68%	103.8	57.1	73.6	79.4	76.0	60.8
2,2,3,4,3,3,2	Ac	88%	175.6	23.4
2,2,3,4,3,3,4	b-D-Xylp	40%	102.7	79.5	76.2	77.3	65.9
2,2,3,4,3,3,4,2	a-D-Fucp	67%	100.6	69.6	71.2	73.1	68.2	16.8
2,2,3,4,3,3,4,4	a-D-ManpA	35%	101.6	73.6	73.8	73.3	73.4	175.6
2,2,3,4,3,3,4,4,4	a-D-GlcpN	73%	97.8	54.8	72.1	71.0	73.2	61.7
2,2,3,4,3,3,4,4,4,2	Ac	83%	175.3	23.3
