Linkage	Residue	Trust	H1	H2	H3	H4	H5	H6
	b-D-GalpA	39%	4.72	3.77	4.01	4.53	4.15	-
2	b-D-Glcp	57%	4.69	3.45	3.68	3.59	3.40	4.08-4.15
2,6	S	
2,3	a-D-Xylp	20%	5.10	3.80	3.70	3.93	3.67-3.76
2,3,2	b-D-Galp	86%	4.55	3.62	3.67	3.93	3.67	3.76-3.80
2,3,4	b-D-Manp	48%	4.65	3.37	3.84	3.83	3.59	3.83-3.91
2,3,4,4	b-D-Manp	72%	4.67	4.05	3.76	3.69	3.49	3.69-3.92
2,3,4,4,2	a-D-GlcpN	22%	5.20	3.78	3.83	4.10	4.18	3.77-3.87
2,3,4,4,2,2	Ac	98%	-	2.05
2,3,4,4,2,2	a-D-Galp	29%	5.21	3.90	3.97	4.21	4.11	3.75-3.76
2,3,4,4,2,2,3	S	
2,3,4,4,2,2,2	a-D-Galp	58%	5.21	4.03	4.11	4.22	4.57	3.67-3.93
2,3,4,4,2,2,2,6	S	
2,3,4,4,2,2,2,4	b-D-GlcpN	70%	4.79	3.82	3.82	3.68	3.40	3.80-3.86
2,3,4,4,2,2,2,4,2	Ac	98%	-	2.03
2,3,4,4,2,2,2,4,3	b-D-GalpA	85%	4.61	3.60	3.76	4.42	4.02	-
2,3,4,4,2,2,2,4,3,3	a-D-Glcp	62%	5.04	3.65	3.74	3.44	3.89	3.75-3.86
