Linkage	Residue	Trust	H1	H2	H3	H4	H5	H6
	a-D-GalpA	43%	5.45	3.92	4.03	4.52	4.66	-
4	a-D-GalpA	85%	5.11	3.79	3.99	4.12	4.98	-
2	b-D-Galp	48%	4.53	3.62	4.24	4.21	3.70	3.78
2,3	S	
2,2	a-D-Galp	38%	5.38	3.81	3.88	4.16	3.92	4-4.05
2,2,6	S	
2,2,4	b-D-ManpA	31%	4.85	4.48	3.69	3.83	3.92	-
2,2,4,2	a-D-Galp	62%	5.15	3.83	3.89	4	4.12	3.74-3.75
2,2,4,4	b-D-Galp	64%	4.56	3.52	3.81	4.16	3.56	3.70
2,2,4,4,6	S	
2,2,4,4,3	b-D-Glcp	74%	4.67	3.49	3.68	3.54	3.54	3.72-3.83
2,2,4,4,3,4	b-D-GlcpN	39%	4.69	3.60	3.66	3.43	3.45	3.72-3.89
2,2,4,4,3,4,2	Ac	98%	-	2.03
2,2,4,4,3,4,2	a-D-GlcpA	34%	5.20	3.65	3.89	3.78	4.08	-
2,2,4,4,3,4,2,4	b-D-GlcpN	69%	4.69	3.75	3.74	3.51	3.57	4.10-4.17
2,2,4,4,3,4,2,4,2	Ac	98%	-	2.03
2,2,4,4,3,4,2,4,6	S	
2,2,4,4,3,4,2,4,3	a-D-Fucp	29%	4.95	3.88	3.94	3.98	4.37	1.21
2,2,4,4,3,4,2,4,3,3	b-L-Fucp	35%	4.71	3.73	3.68	3.79	3.82	1.24
2,2,4,4,3,4,2,4,3,3,4	b-D-Fucp	49%	4.56	3.30	4.24	4.15	3.82	1.28
2,2,4,4,3,4,2,4,3,3,4,4	b-D-GlcpN	48%	4.72	3.69	3.56	3.42	3.53	3.84-4.01
2,2,4,4,3,4,2,4,3,3,4,4,2	Ac	98%	-	2.03
