Linkage	Residue	Trust	C1	C2	C3	C4	C5	C6
	b-D-Fucp	57%	97.4	71.7	81.7	79.0	71.7	16.6
3	b-D-Fucp	66%	104.8	73.4	73.7	72.4	71.9	16.1
4	a-D-Glcp	55%	99.5	76.7	71.8	70.3	72.3	64.9
4,6	S	
4,2	a-D-Galp	56%	96.7	69.3	70.2	78.6	70.8	65.6
4,2,6	S	
4,2,4	b-D-GlcpN	47%	102.2	56.9	78.0	68.8	77.1	61.6
4,2,4,2	Ac	88%	175.6	23.4
4,2,4,3	b-L-Fucp	38%	103.4	72.7	73.7	72.4	71.7	16.8
4,2,4,3,2	a-D-Glcp	59%	98.2	72.6	83.7	69.4	72.8	61.8
4,2,4,3,2,3	b-D-GlcpN	45%	102.7	56.4	75.7	71.5	77.0	62.3
4,2,4,3,2,3,2	Ac	88%	175.6	23.4
4,2,4,3,2,3,2	b-D-Galp	20%	104.2	71.6	76.3	77.7	75.8	61.8
4,2,4,3,2,3,2,3	b-L-Fucp	66%	104.8	73.4	73.7	72.4	71.9	16.1
4,2,4,3,2,3,2,4	b-D-Galp	49%	103.4	72.4	76.4	77.4	75.2	60.8
4,2,4,3,2,3,2,4,3	S	
4,2,4,3,2,3,2,4,4	a-D-Glcp	60%	100.6	73.2	74.9	76.7	72.0	64.4
4,2,4,3,2,3,2,4,4,6	S	
4,2,4,3,2,3,2,4,4,4	a-D-GlcpN	64%	100.9	53.7	82.2	71.5	73.7	65.4
4,2,4,3,2,3,2,4,4,4,2	Ac	83%	175.3	23.3
4,2,4,3,2,3,2,4,4,4,6	S	
4,2,4,3,2,3,2,4,4,4,3	a-D-Fucp	57%	101.0	77.9	70.1	76.8	68.2	16.5
4,2,4,3,2,3,2,4,4,4,3,2	b-D-Glcp	54%	104.0	73.3	83.8	70.6	77.2	62.3
4,2,4,3,2,3,2,4,4,4,3,2,3	a-D-Xylp	48%	100.1	71.1	78.1	70.4	61.2
