Linkage	Residue	Trust	C1	C2	C3	C4	C5	C6
	Me	83%	58.4
1	b-D-GlcpN	76%	102.2	56.6	75.5	77.9	76.0	61.4
1,2	Ac	88%	175.6	23.4
1,4	a-D-Glcp	69%	97.9	76.9	74.2	69.6	74.0	64.6
1,4,6	S	
1,4,2	a-D-Glcp	74%	103.0	78.9	74.0	75.9	73.1	61.7
1,4,2,2	b-D-Glcp	55%	103.1	73.0	84.1	70.3	73.5	63.7
1,4,2,2,6	S	
1,4,2,2,3	a-D-ManpA	50%	100.4	81.2	72.2	73.3	73.1	177.8
1,4,2,2,3,2	a-D-Galp	70%	99.2	69.4	70.4	77.9	71.7	62.0
1,4,2,2,3,2,4	b-D-GlcpN	59%	102.2	55.9	83.1	69.1	76.6	65.7
1,4,2,2,3,2,4,2	Ac	88%	175.6	23.4
1,4,2,2,3,2,4,6	S	
1,4,2,2,3,2,4,3	b-D-Xylp	56%	103.7	74.1	75.2	75.5	63.6
1,4,2,2,3,2,4,3,4	a-L-Fucp	62%	98.7	69.9	71.0	73.1	68.8	16.5
