Linkage	Residue	Trust	H1	H2	H3	H4	H5	H6
	Me	97%	3.42
1	a-D-GalpA	25%	5.30	3.92	4.03	4.52	4.66	-
1,4	a-D-GalpA	85%	5.11	3.79	3.99	4.12	4.98	-
1,2	b-D-Galp	40%	4.53	3.62	3.74	4.05	3.70	4-4.02
1,2,6	S	
1,2,2	a-D-Galp	54%	5.53	3.95	4.02	4.05	4.51	4-4.04
1,2,2,6	S	
1,2,2,2	a-D-Galp	76%	5.14	3.92	4.14	4	4.12	3.94-4
1,2,2,2,6	S	
1,2,2,2,4	a-D-Manp	49%	5	4.05	3.82	3.82	3.99	3.93-4.07
1,2,2,2,4,3	a-D-GlcpN	31%	5.20	3.78	3.83	3.55	3.77	3.78-3.88
1,2,2,2,4,3,2	Ac	98%	-	2.05
1,2,2,2,4,3,2	a-D-ManpA	8%	5	4.05	3.80	3.76	4.26	-
1,2,2,2,4,3,2,3	b-D-Xylp	60%	4.58	3.34	3.43	3.63	3.34-3.94
1,2,2,2,4,3,2,2	a-D-GlcpN	45%	5.18	3.84	3.95	3.81	3.92	4.11-4.18
1,2,2,2,4,3,2,2,2	Ac	98%	-	2.05
1,2,2,2,4,3,2,2,6	S	
1,2,2,2,4,3,2,2,4	b-D-Galp	75%	4.70	3.70	3.72	4.05	3.68	4-4.02
1,2,2,2,4,3,2,2,4,6	S	
1,2,2,2,4,3,2,2,4,2	a-D-Galp	40%	5.38	3.81	3.88	4.07	4.02	3.82-3.86
1,2,2,2,4,3,2,2,4,2,6	S	
1,2,2,2,4,3,2,2,4,2,4	a-D-Glcp	24%	5.18	3.59	3.96	3.51	4.14	4.06-4.15
1,2,2,2,4,3,2,2,4,2,4,6	S	
1,2,2,2,4,3,2,2,4,2,4,2	a-D-GlcpN	55%	5.11	4.04	3.88	3.69	3.93	3.77-3.83
1,2,2,2,4,3,2,2,4,2,4,2,2	Ac	98%	-	2.05
1,2,2,2,4,3,2,2,4,2,4,2,4	b-D-Fucp	73%	4.45	3.54	3.64	3.77	3.91	1.25
