Linkage	Residue	Trust	H1	H2	H3	H4	H5	H6
	a-D-GlcpN	77%	5.41	3.90	3.78	3.58	3.93	3.63
2	Ac	98%	-	2.05
3	a-D-GlcpN	61%	5.35	3.91	3.94	3.87	3.85	3.88-3.90
3,2	Ac	98%	-	2.05
3,4	a-D-GlcpN	64%	5.59	4.01	3.62	3.62	3.83	4.08-4.16
3,4,2	Ac	98%	-	2.05
3,4,6	S	
3,4,3	b-D-Glcp	44%	4.60	3.37	3.75	3.37	3.43	3.72-3.88
3,4,3,2	b-D-GlcpA	18%	4.58	3.41	3.55	3.39	3.72	-
3,4,3,2,2	a-D-Glcp	55%	5.38	3.58	3.87	3.68	4	3.81-3.89
3,4,3,2,2,4	b-D-Galp	33%	4.45	3.63	3.76	4.05	3.73	3.71-3.75
3,4,3,2,2,4,3	a-D-Manp	58%	5.05	3.89	3.74	3.83	4.02	3.80-3.99
3,4,3,2,2,4,4	a-D-GlcpN	64%	4.88	4.10	3.62	3.62	3.75	4.07-4.15
3,4,3,2,2,4,4,2	Ac	98%	-	2.05
3,4,3,2,2,4,4,6	S	
3,4,3,2,2,4,4,3	b-D-GlcpA	25%	4.58	3.41	3.61	3.51	3.74	-
3,4,3,2,2,4,4,3,2	b-D-ManpA	29%	4.54	5.34	3.69	3.83	3.81	-
3,4,3,2,2,4,4,3,2,4	a-D-Manp	48%	5.16	3.94	3.86	3.70	3.78	3.76-3.88
3,4,3,2,2,4,4,3,2,2	a-D-Glcp	32%	5.03	3.58	3.78	3.54	3.92	4.06-4.14
3,4,3,2,2,4,4,3,2,2,6	S	
3,4,3,2,2,4,4,3,2,2,3	a-L-Fucp	75%	5.29	3.89	4	3.87	4.76	1.20
3,4,3,2,2,4,4,3,2,2,3,3	b-D-GlcpN	76%	4.68	3.83	3.68	3.48	3.46	3.75-3.94
3,4,3,2,2,4,4,3,2,2,3,3,2	Ac	98%	-	2.03
