Linkage	Residue	Trust	C1	C2	C3	C4	C5	C6
	b-D-Fucp	65%	102.2	80.3	78.1	72.4	72.3	16.1
2	b-D-Fucp	54%	102.9	72.8	78.6	73.1	71.7	16.6
2,3	a-D-Manp	64%	96.0	79.0	70.5	67.9	73.8	62.2
2,3,2	b-D-Galp	51%	103.3	77.5	78.6	71.5	75.5	61.5
2,3,2,3	S	
2,3,2,2	b-D-Galp	42%	107.0	72.3	76.4	77.6	75.2	59.5
2,3,2,2,3	S	
2,3,2,2,4	a-D-Xylp	17%	98.5	74.3	72.9	73.7	61.4
2,3,2,2,4,3	a-D-GlcpA	34%	100.7	72.7	73.1	73.8	73.1	175.8
2,3,2,2,4,3,2	a-L-Fucp	21%	100.5	69.4	70.7	78.5	68.2	15.4
2,3,2,2,4,3,2,2	b-D-Glcp	74%	103.8	73.8	76.0	70.6	76.9	61.9
2,3,2,2,4,3,2,4	b-D-Galp	53%	103.0	81.2	69.8	70.4	69.5	65.3
2,3,2,2,4,3,2,4,6	S	
2,3,2,2,4,3,2,4,2	b-D-Galp	53%	107.0	71.6	81.7	76.5	75.7	61.7
2,3,2,2,4,3,2,4,2,3	b-D-GlcpA	81%	105.1	74.3	76.5	72.5	76.2	176.4
2,3,2,2,4,3,2,4,2,4	a-D-Galp	54%	99.5	69.6	79.5	69.9	71.0	65.7
2,3,2,2,4,3,2,4,2,4,6	S	
2,3,2,2,4,3,2,4,2,4,3	b-D-Manp	27%	101.9	65.3	75.4	69.8	77.0	61.6
2,3,2,2,4,3,2,4,2,4,3,3	b-D-GlcpA	63%	104.9	74.8	80.5	72.8	77.6	178.5
2,3,2,2,4,3,2,4,2,4,3,4	a-D-GlcpN	65%	99.0	54.0	81.4	69.4	73.0	60.7
2,3,2,2,4,3,2,4,2,4,3,4,2	Ac	83%	175.3	23.3
2,3,2,2,4,3,2,4,2,4,3,4,3	b-D-Manp	73%	101.1	80.0	74.9	68.4	77.9	62.0
2,3,2,2,4,3,2,4,2,4,3,4,3,2	b-D-Manp	71%	102.0	77.4	73.8	68.4	77.4	62.2
2,3,2,2,4,3,2,4,2,4,3,4,3,2,2	b-D-GlcpN	76%	102.0	56.9	74.5	71.1	76.9	61.9
2,3,2,2,4,3,2,4,2,4,3,4,3,2,2,2	Ac	88%	175.6	23.4
