Linkage	Residue	Trust	C1	C2	C3	C4	C5	C6	C7	C8	C9
	Me	87%	58.0
1	b-D-Glcp	67%	104.4	73.4	85.8	69.2	76.6	62.1
1,3	b-D-Glcp	27%	103.5	74.5	76.9	69.3	76.6	61.9
1,3,3	b-D-ManpA	63%	97.8	73.3	72.8	69.5	78.7	177.8
1,3,2	a-D-GlcpN	75%	99.8	53.8	71.1	79.8	72.1	65.1
1,3,2,2	Ac	83%	175.3	23.3
1,3,2,6	S	
1,3,2,4	b-D-Galp	72%	103.8	71.9	73.5	75.9	76.1	61.9
1,3,2,4,4	b-D-ManpA	32%	101.5	71.7	73.0	69.5	75.8	176.5
1,3,2,4,4,3	b-Neup	48%	173.6	96.9	40.9	78.0	51.4	70.7	69.8	71.9	64.6
1,3,2,4,4,3,5	Ac	83%	176.3	23.6
1,3,2,4,4,3,4	b-D-GlcpN	27%	102.2	56.4	74.1	71.3	76.0	62.0
1,3,2,4,4,3,4,2	Ac	88%	175.6	23.4
1,3,2,4,4,3,4,2	b-D-GlcpA	19%	104.1	74.2	76.0	81.6	76.7	175.3
1,3,2,4,4,3,4,2,4	b-D-Manp	79%	101.0	71.3	73.7	67.7	77.4	62.3
1,3,2,4,4,3,4,2,2	b-D-GalpA	44%	103.0	71.2	74.2	71.2	75.7	174.8
1,3,2,4,4,3,4,2,2,2	b-D-Manp	61%	99.0	71.5	81.2	67.1	76.8	62.1
1,3,2,4,4,3,4,2,2,2,3	a-D-ManpA	58%	102.9	70.4	70.4	69.5	73.5	178.5
