Linkage	Residue	Trust	C1	C2	C3	C4	C5	C6	C7	C8	C9
	b-D-Galp	59%	97.9	84.6	69.2	70.5	75.2	67.8
2	b-D-Galp	60%	107.0	72.3	75.6	77.9	75.2	61.7
2,4	b-D-GlcpA	7%	104.2	74.1	76.1	77.4	76.7	175.0
2,4,4	b-L-Fucp	69%	104.1	72.0	73.7	72.4	71.9	16.1
2,4,3	a-Neup	59%	172.1	101.6	37.7	75.6	50.8	74.1	69.8	73.1	64.1
2,4,3,5	Ac	83%	54.9	25.1
2,4,3,4	a-D-Galp	52%	97.4	67.9	80.5	70.1	71.8	65.6
2,4,3,4,6	S	
2,4,3,4,3	b-D-Fucp	50%	104.4	77.4	74.1	72.4	71.7	16.1
2,4,3,4,3,2	a-D-Galp	71%	98.3	69.7	70.4	70.3	72.0	62.1
