Linkage	Residue	Trust	C1	C2	C3	C4	C5	C6	C7	C8	C9
	Me	84%	58.1
1	b-D-GlcpA	68%	103.9	74.1	75.3	81.3	76.1	174.5
1,4	b-D-GlcpA	68%	105.0	75.4	75.9	82.0	78.8	175.4
1,4,4	b-D-GlcpN	83%	102.2	56.6	75.5	77.9	76.0	61.4
1,4,4,2	Ac	88%	175.6	23.4
1,4,4,4	a-D-Glcp	69%	97.9	76.9	74.2	69.6	74.0	64.6
1,4,4,4,6	S	
1,4,4,4,2	a-D-Glcp	60%	96.9	71.8	73.4	77.6	71.8	64.7
1,4,4,4,2,6	S	
1,4,4,4,2,4	b-D-GlcpA	40%	98.4	73.0	76.1	78.1	76.3	178.1
1,4,4,4,2,4,3	b-Neup	33%	175.5	96.9	40.2	67.4	54.2	70.7	69.8	73.1	64.1
1,4,4,4,2,4,3,5	Ac	83%	176.3	23.6
1,4,4,4,2,4,3,4	b-D-Glcp	53%	103.5	82.8	77.6	71.2	77.1	62.2
1,4,4,4,2,4,3,4,2	b-D-GlcpN	63%	102.8	56.4	75.2	71.4	77.1	62.2
1,4,4,4,2,4,3,4,2,2	Ac	88%	175.6	23.4
1,4,4,4,2,4,3,4,2,2	b-D-GlcpN	44%	102.3	56.5	73.7	79.6	76.1	65.1
1,4,4,4,2,4,3,4,2,2,2	Ac	88%	175.6	23.4
1,4,4,4,2,4,3,4,2,2,6	S	
1,4,4,4,2,4,3,4,2,2,4	b-D-Galp	48%	104.7	72.3	76.3	70.4	76.4	65.3
1,4,4,4,2,4,3,4,2,2,4,6	S	
1,4,4,4,2,4,3,4,2,2,4,3	a-L-Fucp	53%	98.7	69.0	78.5	72.9	68.2	16.5
1,4,4,4,2,4,3,4,2,2,4,3,3	a-D-ManpA	60%	103.3	71.2	71.2	78.2	73.9	178.3
1,4,4,4,2,4,3,4,2,2,4,3,3,4	a-D-GlcpA	65%	101.2	72.5	73.7	72.5	73.2	175.8
