Linkage	Residue	Trust	H1	H2	H3	H4	H5	H6	H7	H8	H9
	Me	95%	3.48
1	a-Neup	64%	-	-	1.76-2.73	3.69	3.82	3.62	3.58	3.87	3.64-3.87
1,5	Ac	99%	-	2.03
1,2	a-D-GlcpN	27%	5.20	3.78	3.83	3.57	3.82	4.08-4.17
1,2,2	Ac	98%	-	2.05
1,2,6	S	
1,2,2	a-D-Glcp	33%	5.18	3.58	3.90	3.59	4.10	3.70
1,2,2,6	S	
1,2,2,4	a-D-GlcpN	67%	5.59	4.01	3.62	3.53	3.75	3.77-3.95
1,2,2,4,2	Ac	98%	-	2.05
1,2,2,4,6	S	
1,2,2,4,3	b-D-Glcp	75%	4.49	3.28	3.76	3.61	3.54	3.75-3.90
1,2,2,4,3,4	a-D-GlcpA	46%	5.46	3.89	4.43	4.13	4.24	-
1,2,2,4,3,4,3	b-D-Galp	68%	4.77	3.50	3.65	3.92	3.68	3.79-3.88
1,2,2,4,3,4,4	b-D-Galp	64%	4.50	3.67	4.24	4.19	3.75	3.78-3.83
1,2,2,4,3,4,4,3	S	
1,2,2,4,3,4,4,4	b-D-Galp	52%	4.48	3.62	4.24	4.21	3.68	3.76-3.79
1,2,2,4,3,4,4,4,3	S	
1,2,2,4,3,4,4,4,2	a-D-Galp	41%	5.38	3.89	4	4.11	4.37	3.70
1,2,2,4,3,4,4,4,2,3	a-D-ManpA	62%	5.15	4.15	3.88	3.74	4.46	-
1,2,2,4,3,4,4,4,2,3,2	b-D-Xylp	10%	4.50	3.32	3.48	3.60	3.32-3.94
1,2,2,4,3,4,4,4,2,3,2,2	b-D-ManpA	48%	4.79	4.02	3.66	3.74	3.67	-
