Linkage	Residue	Trust	C1	C2	C3	C4	C5	C6	C7	C8	C9
	Me	87%	58.0
1	b-D-Galp	64%	97.9	84.6	73.4	78.2	76.7	61.5
1,2	b-D-Galp	68%	107.0	72.3	73.8	69.5	75.2	59.5
1,4	a-D-GlcpN	71%	99.1	54.1	70.4	80.4	71.7	64.4
1,4,2	Ac	83%	175.3	23.3
1,4,6	S	
1,4,4	b-D-GlcpN	57%	102.5	56.4	74.7	71.0	77.0	65.6
1,4,4,2	Ac	88%	175.6	23.4
1,4,4,6	S	
1,4,4,2	b-D-ManpA	30%	101.5	70.6	78.9	69.5	77.0	175.8
1,4,4,2,3	a-D-GalpA	40%	100.9	77.4	69.7	78.7	72.1	175.3
1,4,4,2,3,4	a-D-Galp	85%	101.1	68.7	69.8	70.3	72.0	61.5
1,4,4,2,3,2	b-D-Fucp	51%	102.8	77.4	73.1	72.4	71.7	16.1
1,4,4,2,3,2,2	a-D-GlcpA	26%	99.7	72.6	73.5	72.5	73.1	175.8
1,4,4,2,3,2,2,3	a-Neup	48%	174.7	101.9	37.7	69.8	53.1	74.1	69.8	73.1	64.1
1,4,4,2,3,2,2,3,5	Ac	83%	54.9	25.1
1,4,4,2,3,2,2,3,4	b-D-Manp	25%	101.2	73.1	75.4	66.4	77.1	61.9
1,4,4,2,3,2,2,3,4,3	b-D-Manp	67%	98.3	72.2	74.3	68.3	77.7	62.5
1,4,4,2,3,2,2,3,4,2	a-D-Galp	51%	99.0	77.5	73.7	71.5	72.5	62.5
1,4,4,2,3,2,2,3,4,2,3	S	
1,4,4,2,3,2,2,3,4,2,2	b-D-Galp	61%	105.2	75.2	73.8	71.2	75.7	65.3
1,4,4,2,3,2,2,3,4,2,2,6	S	
1,4,4,2,3,2,2,3,4,2,2,2	a-D-Galp	58%	98.3	69.7	69.3	78.6	72.3	65.3
1,4,4,2,3,2,2,3,4,2,2,2,6	S	
1,4,4,2,3,2,2,3,4,2,2,2,4	a-D-Galp	47%	104.6	69.4	76.7	68.0	71.5	61.7
1,4,4,2,3,2,2,3,4,2,2,2,4,6	S	
1,4,4,2,3,2,2,3,4,2,2,2,4,3	a-D-Galp	57%	97.8	68.2	71.5	72.1	72.4	62.9
1,4,4,2,3,2,2,3,4,2,2,2,4,3,2	a-D-ManpA	56%	103.5	72.0	71.5	69.5	78.1	176.0
