Linkage	Residue	Trust	H1	H2	H3	H4	H5	H6	H7	H8	H9
	Me	97%	3.56
1	b-D-Galp	40%	4.70	3.62	3.69	3.98	3.75	3.72-3.75
1,2	b-D-Galp	78%	5.14	3.59	3.90	3.92	3.97	3.56
1,4	a-D-GlcpN	81%	4.95	3.93	3.93	3.71	4.30	4.06
1,4,2	Ac	98%	-	2.05
1,4,6	S	
1,4,4	b-D-GlcpN	23%	4.69	3.60	3.66	3.41	3.49	4.06-4.13
1,4,4,2	Ac	98%	-	2.03
1,4,4,6	S	
1,4,4,2	b-D-ManpA	15%	4.61	3.99	3.74	3.74	3.68	-
1,4,4,2,3	a-D-GalpA	39%	5.46	3.91	4.03	4.47	4.65	-
1,4,4,2,3,4	a-D-Galp	83%	4.93	3.79	3.99	4	4.38	3.74-3.75
1,4,4,2,3,2	b-D-Fucp	26%	4.65	3.65	3.76	3.69	3.85	1.27
1,4,4,2,3,2,2	a-D-GlcpA	7%	5.25	3.65	3.87	3.69	4.24	-
1,4,4,2,3,2,2,3	a-Neup	34%	-	-	1.76-2.73	3.73	3.86	3.74	3.58	3.86	3.64-3.87
1,4,4,2,3,2,2,3,5	Ac	99%	-	2.03
1,4,4,2,3,2,2,3,4	b-D-Manp	28%	4.83	4.13	3.75	3.65	3.49	3.77-3.93
1,4,4,2,3,2,2,3,4,3	b-D-Manp	81%	4.87	4.07	3.69	3.60	3.41	3.74-3.94
1,4,4,2,3,2,2,3,4,2	a-D-Galp	44%	5.21	3.90	4.51	4.06	4.15	3.69-3.73
1,4,4,2,3,2,2,3,4,2,3	S	
1,4,4,2,3,2,2,3,4,2,2	b-D-Galp	39%	4.53	3.62	3.74	4.17	3.69	4-4.02
1,4,4,2,3,2,2,3,4,2,2,6	S	
1,4,4,2,3,2,2,3,4,2,2,2	a-D-Galp	39%	5.38	3.81	3.86	4.04	4.02	4.17
1,4,4,2,3,2,2,3,4,2,2,2,6	S	
1,4,4,2,3,2,2,3,4,2,2,2,4	a-D-Galp	63%	4.79	4.10	4.11	4.06	4.43	3.70-3.80
1,4,4,2,3,2,2,3,4,2,2,2,4,6	S	
1,4,4,2,3,2,2,3,4,2,2,2,4,3	a-D-Galp	65%	5.35	4.17	3.86	4.03	4.18	3.72-3.77
1,4,4,2,3,2,2,3,4,2,2,2,4,3,2	a-D-ManpA	47%	5.05	4.03	3.78	3.74	4.21	-
