Linkage	Residue	Trust	H1	H2	H3	H4	H5	H6
	b-D-Fucp	74%	4.60	3.48	3.83	4.11	3.94	1.40
4	b-D-Fucp	49%	5.06	3.90	4.65	3.69	3.85	1.27
4,2	b-D-Galp	55%	4.49	3.60	3.73	4.03	3.76	4.17
4,2,6	S	
4,2,4	a-D-Galp	38%	5.21	3.90	3.97	3.93	4.37	3.70-3.71
4,2,4,3	S	
4,2,4,2	a-D-GlcpN	56%	5.07	4.11	3.62	3.62	3.86	4.08-4.16
4,2,4,2,2	Ac	98%	-	2.05
4,2,4,2,6	S	
4,2,4,2,3	b-D-Fucp	56%	4.60	3.79	4.65	3.69	3.85	1.24
4,2,4,2,3,2	b-D-Galp	44%	4.87	3.60	4.16	4.27	3.70	3.71-3.82
4,2,4,2,3,2,3	S	
4,2,4,2,3,2,4	b-D-GlcpN	59%	4.65	3.75	3.93	3.71	3.93	3.78-3.88
4,2,4,2,3,2,4,2	Ac	98%	-	2.03
4,2,4,2,3,2,4,6	S	
4,2,4,2,3,2,4,4	a-D-GlcpN	28%	5.20	3.78	3.83	3.41	3.71	4.08-4.15
4,2,4,2,3,2,4,4,2	Ac	98%	-	2.05
4,2,4,2,3,2,4,4,6	S	
4,2,4,2,3,2,4,4,2	b-D-GalpA	26%	4.55	3.60	3.80	4.47	4.18	-
4,2,4,2,3,2,4,4,2,3	a-D-Xylp	0%	5.10	3.61	3.70	3.66	3.67-3.76
4,2,4,2,3,2,4,4,2,3,2	b-D-ManpA	48%	4.79	4.02	3.66	3.74	3.67	-
4,2,4,2,3,2,4,4,2,3,3	a-D-GalpA	43%	5.72	3.92	4.08	4.30	4.46	-
4,2,4,2,3,2,4,4,2,3,3,2	a-D-Xylp	27%	5.22	3.55	3.70	3.87	3.67-3.76
4,2,4,2,3,2,4,4,2,3,3,2,4	b-D-GalpA	34%	4.56	3.68	3.74	4.47	4.18	-
4,2,4,2,3,2,4,4,2,3,3,2,4,4	b-D-Manp	68%	4.49	3.83	3.64	3.57	3.38	3.72-3.92
