Linkage	Residue	Trust	C1	C2	C3	C4	C5	C6
	Me	83%	56.0
1	a-D-GlcpN	59%	101.5	50.3	74.9	69.8	71.0	62.0
1,2	Ac	83%	175.3	23.3
1,3	a-D-GlcpN	53%	99.0	54.7	71.7	78.6	72.5	62.7
1,3,2	Ac	83%	175.3	23.3
1,3,4	a-D-GlcpN	43%	98.1	54.6	74.0	71.0	76.7	65.5
1,3,4,2	Ac	83%	175.3	23.3
1,3,4,6	S	
1,3,4,2	a-D-Manp	17%	101.3	70.8	74.4	76.4	73.9	61.5
1,3,4,2,3	b-D-GalpA	72%	102.4	72.1	74.4	71.6	76.0	176.2
1,3,4,2,4	a-D-Glcp	52%	101.3	73.9	81.3	70.7	75.0	65.1
1,3,4,2,4,6	S	
1,3,4,2,4,3	a-D-GlcpN	61%	99.2	50.8	70.4	79.3	71.2	61.4
1,3,4,2,4,3,2	Ac	83%	175.3	23.3
1,3,4,2,4,3,4	b-D-Glcp	60%	102.6	72.8	76.6	78.0	74.0	66.0
1,3,4,2,4,3,4,6	S	
1,3,4,2,4,3,4,4	a-D-Glcp	53%	100.6	72.3	81.8	69.3	72.5	65.1
1,3,4,2,4,3,4,4,6	S	
1,3,4,2,4,3,4,4,3	b-D-Fucp	65%	103.3	71.1	72.0	72.4	71.9	16.1
