Linkage	Residue	Trust	H1	H2	H3	H4	H5	H6
	Me	95%	3.41
1	a-D-GlcpN	68%	4.74	3.97	3.78	3.58	3.93	3.63
1,2	Ac	98%	-	2.05
1,3	a-D-GlcpN	61%	5.35	3.91	3.94	3.87	3.85	3.88-3.90
1,3,2	Ac	98%	-	2.05
1,3,4	a-D-GlcpN	31%	5.20	3.78	3.83	3.55	3.89	4.08-4.15
1,3,4,2	Ac	98%	-	2.05
1,3,4,6	S	
1,3,4,2	a-D-Manp	11%	5.17	4.12	3.96	3.80	3.87	3.73-3.76
1,3,4,2,3	b-D-GalpA	27%	4.61	3.66	3.78	4.33	4.15	-
1,3,4,2,4	a-D-Glcp	53%	5.12	3.58	3.78	3.66	3.81	4.04-4.15
1,3,4,2,4,6	S	
1,3,4,2,4,3	a-D-GlcpN	58%	4.85	4.29	3.89	3.67	4.17	3.50-3.89
1,3,4,2,4,3,2	Ac	98%	-	2.05
1,3,4,2,4,3,4	b-D-Glcp	50%	4.81	3.53	3.79	3.64	3.70	4.02-4.22
1,3,4,2,4,3,4,6	S	
1,3,4,2,4,3,4,4	a-D-Glcp	41%	5.24	3.89	3.87	3.54	3.78	4.06-4.14
1,3,4,2,4,3,4,4,6	S	
1,3,4,2,4,3,4,4,3	b-D-Fucp	66%	4.56	3.49	3.60	3.77	3.91	1.25
