Linkage	Residue	Trust	C1	C2	C3	C4	C5	C6
	a-L-Fucp	88%	101.3	75.4	70.3	82.3	69.3	16.3
4	a-L-Fucp	67%	100.4	69.3	70.8	72.9	67.5	16.3
2	a-D-Glcp	69%	100.7	72.9	73.2	80.0	75.5	64.8
2,6	S	
2,4	a-D-Galp	65%	97.2	74.0	71.2	73.2	69.9	66.0
2,4,6	S	
2,4,2	a-D-Fucp	54%	103.2	69.3	71.2	83.0	67.2	17.2
2,4,2,4	b-D-Glcp	60%	100.6	80.4	77.3	68.8	77.3	64.0
2,4,2,4,6	S	
2,4,2,4,2	b-D-Glcp	47%	103.4	82.8	76.5	78.6	76.7	62.0
2,4,2,4,2,4	a-D-Galp	69%	99.7	68.3	70.0	69.5	73.3	62.9
2,4,2,4,2,2	a-D-Galp	65%	98.0	69.8	70.7	78.6	71.9	65.3
2,4,2,4,2,2,6	S	
2,4,2,4,2,2,4	a-D-Galp	63%	101.0	68.9	79.3	69.3	71.5	65.6
2,4,2,4,2,2,4,6	S	
2,4,2,4,2,2,4,3	b-D-GlcpA	69%	104.3	72.9	82.8	73.0	76.5	175.7
2,4,2,4,2,2,4,3,3	a-D-GalpA	40%	99.2	77.4	69.7	81.9	72.1	175.3
2,4,2,4,2,2,4,3,3,4	b-D-Xylp	62%	104.1	73.4	76.1	70.8	66.2
2,4,2,4,2,2,4,3,3,2	b-D-Galp	49%	102.8	73.2	72.9	78.3	75.8	65.3
2,4,2,4,2,2,4,3,3,2,6	S	
2,4,2,4,2,2,4,3,3,2,4	a-D-Galp	60%	100.8	77.8	69.9	70.4	71.0	65.7
2,4,2,4,2,2,4,3,3,2,4,6	S	
2,4,2,4,2,2,4,3,3,2,4,2	b-D-Galp	51%	105.1	71.7	74.1	70.3	76.1	62.6
2,4,2,4,2,2,4,3,3,2,4,2,2	a-D-ManpA	50%	101.5	70.9	70.9	73.3	71.4	174.7
2,4,2,4,2,2,4,3,3,2,4,2,2,4	b-D-GlcpA	59%	98.4	73.5	76.9	73.4	77.6	176.3
