Linkage	Residue	Trust	C1	C2	C3	C4	C5	C6	C7	C8	C9
	a-D-GalpA	66%	93.0	77.8	69.5	71.4	72.7	175.6
2	b-D-Galp	50%	104.9	71.7	79.0	75.8	75.7	62.6
2,3	S	
2,4	b-D-Galp	70%	103.3	73.0	76.7	65.6	76.1	62.2
2,4,3	S	
2,4,2	a-D-GalpA	41%	99.4	68.8	77.8	77.2	72.1	174.3
2,4,2,4	a-D-Xylp	52%	99.7	72.6	74.0	73.7	61.2
2,4,2,3	b-D-GlcpN	64%	103.6	56.7	73.0	80.5	75.3	60.8
2,4,2,3,2	Ac	88%	175.6	23.4
2,4,2,3,4	b-D-GlcpN	71%	101.7	56.1	83.3	70.0	77.1	65.7
2,4,2,3,4,2	Ac	88%	175.6	23.4
2,4,2,3,4,6	S	
2,4,2,3,4,3	b-D-Galp	56%	104.4	71.3	76.3	69.4	76.2	62.2
2,4,2,3,4,3,3	b-Neup	50%	175.1	96.9	40.2	67.4	52.5	70.7	69.0	72.9	63.7
2,4,2,3,4,3,3,5	Ac	83%	176.3	23.6
2,4,2,3,4,3,3,4	b-D-Galp	38%	104.2	77.5	78.6	71.5	75.8	61.7
2,4,2,3,4,3,3,4,3	S	
2,4,2,3,4,3,3,4,2	b-D-Galp	61%	107.0	72.3	84.0	69.3	75.7	61.7
2,4,2,3,4,3,3,4,2,6	S	
2,4,2,3,4,3,3,4,2,3	b-D-GlcpA	51%	106.8	74.1	78.9	81.8	77.9	174.6
2,4,2,3,4,3,3,4,2,3,4	b-D-Manp	79%	101.0	71.3	73.7	67.7	77.4	62.3
2,4,2,3,4,3,3,4,2,3,3	a-D-Glcp	55%	102.1	77.0	75.6	71.6	74.7	61.5
2,4,2,3,4,3,3,4,2,3,3,2	b-D-Manp	76%	102.1	71.3	73.1	68.7	76.8	61.9
