Linkage	Residue	Trust	H1	H2	H3	H4	H5	H6	H7	H8	H9
	a-D-GalpA	60%	5.45	3.93	4.04	4.30	4.46	-
2	b-D-Galp	55%	4.72	3.60	4.24	4.19	3.75	3.78-3.83
2,3	S	
2,4	b-D-Galp	63%	4.22	3.62	4.24	4.24	3.68	3.76-3.79
2,4,3	S	
2,4,2	a-D-GalpA	45%	5.27	3.97	4.17	4.64	4.54	-
2,4,2,4	a-D-Xylp	54%	5.06	3.40	3.59	3.62	3.55-3.69
2,4,2,3	b-D-GlcpN	39%	4.70	3.77	3.57	3.49	3.43	3.54-3.74
2,4,2,3,2	Ac	98%	-	2.03
2,4,2,3,4	b-D-GlcpN	74%	4.59	3.89	3.77	3.57	3.44	4.09-4.16
2,4,2,3,4,2	Ac	98%	-	2.03
2,4,2,3,4,6	S	
2,4,2,3,4,3	b-D-Galp	50%	4.47	3.60	3.78	4.11	3.65	3.76-3.77
2,4,2,3,4,3,3	b-Neup	36%	-	-	1.82-2.27	4.15	3.82	4.25	3.59	3.82	3.63-3.84
2,4,2,3,4,3,3,5	Ac	95%	-	2.05
2,4,2,3,4,3,3,4	b-D-Galp	38%	4.53	3.62	4.31	4.06	4.03	3.77-3.81
2,4,2,3,4,3,3,4,3	S	
2,4,2,3,4,3,3,4,2	b-D-Galp	55%	5.14	3.60	3.77	4.26	3.65	3.75
2,4,2,3,4,3,3,4,2,6	S	
2,4,2,3,4,3,3,4,2,3	b-D-GlcpA	33%	4.67	3.44	3.62	3.70	3.79	-
2,4,2,3,4,3,3,4,2,3,4	b-D-Manp	83%	4.66	4.09	3.63	3.57	3.38	3.74-3.93
2,4,2,3,4,3,3,4,2,3,3	a-D-Glcp	30%	5.18	3.59	4.15	3.41	4	3.80-4.04
2,4,2,3,4,3,3,4,2,3,3,2	b-D-Manp	59%	4.75	4.08	3.67	3.78	3.53	3.72-3.98
