Linkage	Residue	Trust	C1	C2	C3	C4	C5	C6
	b-D-Glcp	85%	97.0	75.1	75.7	79.6	76.0	61.4
4	b-D-Galp	82%	104.0	71.6	72.4	78.0	76.2	61.8
4,4	a-D-Galp	85%	101.4	68.7	79.8	69.8	71.6	61.7
4,4,3	b-D-GalpN	69%	104.2	52.7	81.2	68.7	75.9	69.5
4,4,3,2	Ac	76%	175.7	23.6
4,4,3,6	b-D-GlcpN	55%	102.3	56.8	75.6	73.8	75.9	60.7
4,4,3,6,2	Ac	88%	175.6	23.4
4,4,3,6,3	a-L-Fucp	70%	102.1	69.9	71.4	73.8	68.8	17.2
4,4,3,6,4	b-D-Galp	74%	104.2	72.4	73.9	69.9	76.7	62.4
4,4,3,3	b-D-Galp	84%	106.0	71.8	74.0	69.7	76.0	62.3
