Linkage	Residue	Trust	C1	C2	C3	C4	C5	C6	C7	C8	C9
	b-D-Fucp	66%	97.2	73.1	74.8	82.1	71.6	16.8
4	b-D-Fucp	32%	98.2	70.4	75.8	72.5	71.7	16.4
4,3	a-Neup	54%	177.2	101.1	38.5	75.6	50.8	74.1	69.8	73.1	64.1
4,3,5	Ac	83%	54.9	25.1
4,3,4	a-D-GlcpA	49%	96.1	72.6	73.6	81.3	73.0	175.9
4,3,4,4	b-D-ManpA	59%	101.2	69.3	69.1	69.5	75.9	175.0
4,3,4,4,3	b-D-Glcp	68%	102.6	79.1	75.7	70.8	76.9	62.1
4,3,4,4,3,2	a-D-Glcp	68%	94.4	75.4	70.8	72.9	72.4	65.2
4,3,4,4,3,2,6	S	
4,3,4,4,3,2,2	a-D-Glcp	51%	96.9	71.8	74.5	69.6	71.5	64.7
4,3,4,4,3,2,2,6	S	
4,3,4,4,3,2,2,3	b-Neup	42%	173.6	96.9	37.5	72.7	54.2	70.7	69.8	73.1	64.1
4,3,4,4,3,2,2,3,5	Ac	83%	176.3	23.6
4,3,4,4,3,2,2,3,4	a-D-GlcpN	42%	96.1	54.2	70.5	79.4	72.7	63.5
4,3,4,4,3,2,2,3,4,2	Ac	83%	175.3	23.3
4,3,4,4,3,2,2,3,4,6	S	
4,3,4,4,3,2,2,3,4,4	b-D-Glcp	60%	103.5	73.0	84.0	70.5	77.2	65.3
4,3,4,4,3,2,2,3,4,4,6	S	
4,3,4,4,3,2,2,3,4,4,3	a-D-GlcpA	51%	99.2	78.2	72.9	73.0	73.1	177.8
4,3,4,4,3,2,2,3,4,4,3,2	b-D-Galp	49%	105.5	79.0	69.7	70.4	75.8	65.3
4,3,4,4,3,2,2,3,4,4,3,2,6	S	
4,3,4,4,3,2,2,3,4,4,3,2,2	b-D-Galp	59%	107.0	72.3	73.1	78.2	75.2	61.5
4,3,4,4,3,2,2,3,4,4,3,2,2,6	S	
4,3,4,4,3,2,2,3,4,4,3,2,2,4	a-D-GlcpA	41%	100.4	72.7	73.2	75.8	73.1	175.0
4,3,4,4,3,2,2,3,4,4,3,2,2,4,4	a-L-Fucp	70%	99.4	69.2	71.0	73.1	68.8	16.5
