Linkage	Residue	Trust	H1	H2	H3	H4	H5	H6	H7	H8	H9
	b-D-Fucp	74%	4.60	3.48	3.83	4.11	3.94	1.40
4	b-D-Fucp	22%	4.79	3.54	4	3.73	3.82	1.24
4,3	a-Neup	63%	-	-	1.71-2.87	3.72	4.02	3.74	3.58	3.86	3.64-3.87
4,3,5	Ac	99%	-	2.03
4,3,4	a-D-GlcpA	64%	5.06	3.55	3.85	3.73	4.12	-
4,3,4,4	b-D-ManpA	34%	4.66	4.18	3.74	3.74	3.94	-
4,3,4,4,3	b-D-Glcp	58%	4.40	3.37	3.58	3.43	3.46	3.73-3.89
4,3,4,4,3,2	a-D-Glcp	69%	5.80	3.71	3.85	3.50	3.91	4.08-4.10
4,3,4,4,3,2,6	S	
4,3,4,4,3,2,2	a-D-Glcp	33%	5.09	3.58	3.81	3.48	4.03	4.08-4.14
4,3,4,4,3,2,2,6	S	
4,3,4,4,3,2,2,3	b-Neup	41%	-	-	1.82-2.27	4.03	3.82	4.25	3.58	3.86	3.64-3.87
4,3,4,4,3,2,2,3,5	Ac	95%	-	2.05
4,3,4,4,3,2,2,3,4	a-D-GlcpN	57%	4.96	4.89	3.87	3.67	4.32	4.10-4.29
4,3,4,4,3,2,2,3,4,2	Ac	98%	-	2.05
4,3,4,4,3,2,2,3,4,6	S	
4,3,4,4,3,2,2,3,4,4	b-D-Glcp	52%	4.48	3.38	3.68	3.59	3.47	4.08-4.15
4,3,4,4,3,2,2,3,4,4,6	S	
4,3,4,4,3,2,2,3,4,4,3	a-D-GlcpA	39%	4.97	3.78	3.98	3.43	4.21	-
4,3,4,4,3,2,2,3,4,4,3,2	b-D-Galp	52%	4.90	3.62	3.95	4.06	3.83	4-4.02
4,3,4,4,3,2,2,3,4,4,3,2,6	S	
4,3,4,4,3,2,2,3,4,4,3,2,2	b-D-Galp	55%	5.14	3.60	3.72	4.03	3.75	3.79-3.87
4,3,4,4,3,2,2,3,4,4,3,2,2,6	S	
4,3,4,4,3,2,2,3,4,4,3,2,2,4	a-D-GlcpA	24%	4.93	3.52	3.58	3.73	4.24	-
4,3,4,4,3,2,2,3,4,4,3,2,2,4,4	a-L-Fucp	48%	5.03	3.85	3.87	3.79	4.30	1.22
