Linkage	Residue	Trust	C1	C2	C3	C4	C5	C6	C7	C8	C9
	a-D-Xylp	67%	100.0	72.7	73.2	70.4	62.4
2	a-D-Xylp	13%	98.5	72.0	72.9	72.3	62.6
2,3	a-Neup	51%	174.7	102.0	37.7	77.5	51.7	71.9	69.8	71.9	64.6
2,3,5	Ac	83%	54.9	25.1
2,3,4	b-D-GlcpN	57%	102.9	56.7	83.9	69.3	76.9	65.7
2,3,4,2	Ac	88%	175.6	23.4
2,3,4,6	S	
2,3,4,3	b-D-GalpA	45%	104.4	71.2	71.5	81.4	77.7	175.3
2,3,4,3,2	b-L-Fucp	62%	103.0	72.8	73.7	73.6	71.9	17.1
2,3,4,3,4	b-D-Galp	49%	103.0	81.2	69.7	69.3	75.8	65.3
2,3,4,3,4,6	S	
2,3,4,3,4,2	b-D-GalpA	57%	101.1	72.3	81.2	68.1	76.2	174.6
2,3,4,3,4,2,3	b-D-GalpA	46%	105.5	72.2	81.3	68.3	75.7	174.5
2,3,4,3,4,2,3,3	b-D-GlcpA	62%	104.7	74.1	76.9	73.4	77.6	176.3
2,3,4,3,4,2,3,4	b-D-Galp	39%	104.2	70.4	75.7	68.4	75.8	65.4
2,3,4,3,4,2,3,4,6	S	
2,3,4,3,4,2,3,4,3	a-Neup	70%	174.0	101.1	38.3	73.5	50.8	73.8	69.0	72.9	63.7
2,3,4,3,4,2,3,4,3,5	Ac	83%	54.9	25.1
2,3,4,3,4,2,3,4,3,4	a-D-Glcp	50%	96.3	72.7	73.3	78.0	72.3	69.4
2,3,4,3,4,2,3,4,3,4,6	S	
2,3,4,3,4,2,3,4,3,4,4	a-D-Glcp	51%	100.8	72.6	73.2	79.5	72.3	64.4
2,3,4,3,4,2,3,4,3,4,4,6	S	
2,3,4,3,4,2,3,4,3,4,4,4	b-D-GlcpN	69%	101.7	55.7	82.1	71.4	77.1	65.7
2,3,4,3,4,2,3,4,3,4,4,4,2	Ac	88%	175.6	23.4
2,3,4,3,4,2,3,4,3,4,4,4,6	S	
2,3,4,3,4,2,3,4,3,4,4,4,3	a-D-Xylp	37%	98.5	73.4	73.0	69.2	61.1
2,3,4,3,4,2,3,4,3,4,4,4,3,2	a-D-Glcp	71%	99.6	72.6	74.1	70.5	73.1	61.6
