Linkage	Residue	Trust	C1	C2	C3	C4	C5	C6
	a-D-GlcpN	65%	101.5	54.0	79.2	69.8	71.0	62.0
2	Ac	83%	175.3	23.3
3	a-D-GlcpN	53%	99.0	54.7	71.7	81.4	72.5	62.0
3,2	Ac	83%	175.3	23.3
3,4	a-L-Fucp	51%	99.3	69.7	70.5	80.2	68.4	16.5
3,4,4	a-D-GalpA	39%	100.9	69.9	71.5	80.4	72.1	175.5
3,4,4,3	a-D-Manp	67%	103.0	70.5	71.4	67.7	73.2	61.8
3,4,4,4	a-D-GlcpN	45%	99.8	54.6	71.7	72.0	74.8	63.0
3,4,4,4,2	Ac	83%	175.3	23.3
3,4,4,4,2	a-D-GalpA	53%	99.6	68.0	75.5	67.8	72.7	175.4
3,4,4,4,2,3	a-D-Galp	73%	96.7	68.9	70.1	70.3	72.0	61.9
