Linkage	Residue	Trust	H1	H2	H3	H4	H5	H6
	Me	95%	3.40
1	a-D-ManpA	15%	4.66	4.05	3.80	3.76	4.15	-
1,3	a-D-ManpA	58%	5.10	4.07	3.83	3.74	4.21	-
1,4	b-D-ManpA	51%	4.79	4.29	4.75	3.74	3.67	-
1,4,2	a-D-Glcp	40%	5.02	3.60	3.84	3.67	4.30	4.06
1,4,2,6	S	
1,4,2,4	b-D-GlcpN	80%	4.58	3.87	3.91	3.53	3.54	3.77-3.95
1,4,2,4,2	Ac	98%	-	2.03
1,4,2,4,6	S	
1,4,2,4,3	b-D-Glcp	49%	4.60	3.38	3.49	3.62	3.49	3.72-3.88
1,4,2,4,3,2	b-D-Glcp	55%	4.74	3.31	3.45	3.37	3.42	3.57-3.88
1,4,2,4,3,4	a-D-Galp	73%	5.45	4.12	4.01	4.30	4.07	3.81
1,4,2,4,3,4,3	S	
1,4,2,4,3,4,4	a-D-Galp	55%	5.17	4	3.90	4.48	4.18	4-4.03
1,4,2,4,3,4,4,6	S	
1,4,2,4,3,4,4,3	a-D-GlcpN	70%	5.13	3.99	5.22	3.73	4.34	3.76-3.87
1,4,2,4,3,4,4,3,2	Ac	98%	-	2.05
1,4,2,4,3,4,4,3,4	a-D-Galp	67%	4.97	3.70	3.94	3.84	3.74	4-4.04
1,4,2,4,3,4,4,3,4,6	S	
1,4,2,4,3,4,4,3,4,2	b-D-Glcp	18%	4.53	3.36	3.58	3.50	3.48	3.78-3.92
1,4,2,4,3,4,4,3,4,2,3	b-L-Fucp	37%	4.65	3.54	3.62	3.77	3.91	1.21
1,4,2,4,3,4,4,3,4,2,4	a-D-Glcp	37%	4.97	3.70	4.05	3.70	3.89	4.06-4.15
1,4,2,4,3,4,4,3,4,2,4,6	S	
1,4,2,4,3,4,4,3,4,2,4,2	b-D-Galp	35%	4.60	3.60	3.79	3.98	3.73	3.99
1,4,2,4,3,4,4,3,4,2,4,2,6	S	
1,4,2,4,3,4,4,3,4,2,4,2,3	a-D-ManpA	56%	5.21	4.05	4.02	3.74	4.21	-
1,4,2,4,3,4,4,3,4,2,4,2,3,2	a-D-Galp	48%	5.13	3.96	4.02	4.06	4.02	3.70-3.80
1,4,2,4,3,4,4,3,4,2,4,2,3,2,6	S	
1,4,2,4,3,4,4,3,4,2,4,2,3,2,3	a-D-Galp	81%	5.13	3.85	3.92	4.01	4.09	3.73
