Linkage	Residue	Trust	C1	C2	C3	C4	C5	C6	C7	C8	C9
	a-D-GalpA	66%	93.0	77.8	69.5	71.4	72.7	175.6
2	b-D-Galp	43%	105.7	73.2	77.8	78.6	75.8	61.5
2,6	S	
2,4	b-D-GlcpN	45%	102.5	56.4	74.1	71.0	77.6	62.1
2,4,2	Ac	88%	175.6	23.4
2,4,2	b-D-Glcp	13%	103.5	74.3	76.9	73.0	76.3	61.9
2,4,2,4	a-D-GlcpA	67%	99.5	68.9	70.4	71.8	67.4	176.0
2,4,2,3	a-Neup	55%	174.7	101.9	37.7	75.6	50.8	74.1	69.8	73.1	64.1
2,4,2,3,5	Ac	83%	54.9	25.1
2,4,2,3,4	a-D-Glcp	52%	96.3	78.2	74.5	70.7	72.3	64.9
2,4,2,3,4,6	S	
2,4,2,3,4,2	b-D-Galp	55%	107.4	75.0	78.6	70.5	74.4	65.6
2,4,2,3,4,2,6	S	
2,4,2,3,4,2,3	a-D-ManpA	50%	99.8	71.0	73.6	69.5	76.2	175.8
