Linkage	Residue	Trust	H1	H2	H3	H4	H5	H6	H7	H8	H9
	a-D-Xylp	9%	5.16	3.55	3.70	3.66	3.67-3.76
3	a-D-Xylp	62%	5.07	3.48	3.59	3.62	3.55-3.69
4	a-D-GlcpN	30%	5.20	3.78	3.83	3.57	3.29	4.08-4.15
4,2	Ac	98%	-	2.05
4,6	S	
4,2	b-D-GlcpN	22%	4.69	3.60	3.66	3.57	3.55	4.06-4.13
4,2,2	Ac	98%	-	2.03
4,2,6	S	
4,2,2	a-D-GlcpN	21%	5.20	3.78	3.83	3.57	3.96	4.08-4.15
4,2,2,2	Ac	98%	-	2.05
4,2,2,6	S	
4,2,2,2	a-D-GlcpN	19%	5.23	3.73	4.60	3.80	3.94	3.65-3.95
4,2,2,2,2	Ac	98%	-	2.05
4,2,2,2,6	S	
4,2,2,2,4	a-D-Galp	36%	5.40	3.89	3.96	4.11	3.74	4-4.03
4,2,2,2,4,6	S	
4,2,2,2,4,3	b-Neup	34%	-	-	1.82-2.27	4.15	3.82	4.25	3.58	3.86	3.64-3.87
4,2,2,2,4,3,5	Ac	95%	-	2.05
4,2,2,2,4,3,4	a-D-Manp	32%	5.16	4.12	3.92	3.68	3.76	3.73-3.89
4,2,2,2,4,3,4,2	b-D-Glcp	41%	4.62	3.37	3.57	3.41	3.43	3.77-3.97
4,2,2,2,4,3,4,2,2	b-D-Manp	50%	4.78	4.12	3.76	3.78	3.44	3.75-3.90
4,2,2,2,4,3,4,2,2,3	a-D-Galp	57%	5.31	3.94	4	4.11	4.13	3.72-3.74
4,2,2,2,4,3,4,2,2,3,3	a-D-Manp	81%	5.17	4.12	3.91	4.06	3.82	3.56-3.70
