Linkage	Residue	Trust	C1	C2	C3	C4	C5	C6
	b-D-Fucp	56%	97.2	72.0	83.9	78.9	71.7	17.4
3	b-D-Fucp	66%	104.8	73.4	73.7	72.4	71.9	16.1
4	b-D-GlcpN	39%	102.5	56.4	74.1	71.3	77.3	61.9
4,2	Ac	88%	175.6	23.4
4,2	a-D-Galp	43%	99.1	70.3	70.8	79.8	71.5	62.4
4,2,6	S	
4,2,4	b-D-Galp	65%	103.1	78.0	73.8	70.2	75.3	65.3
4,2,4,6	S	
4,2,4,2	b-D-GlcpN	76%	101.8	55.8	80.8	72.1	76.9	62.0
4,2,4,2,2	Ac	88%	175.6	23.4
4,2,4,2,3	a-D-Xylp	17%	98.5	72.8	72.9	78.1	61.4
4,2,4,2,3,4	b-D-Glcp	43%	100.9	78.3	76.2	79.8	76.2	61.4
4,2,4,2,3,4,2	a-D-GlcpA	71%	98.3	72.6	73.8	72.5	73.2	175.8
4,2,4,2,3,4,4	b-D-Galp	58%	104.1	70.6	78.4	77.8	76.0	62.2
4,2,4,2,3,4,4,3	a-D-Xylp	62%	104.2	71.1	76.4	70.2	61.2
4,2,4,2,3,4,4,4	b-D-GlcpN	40%	102.2	56.4	74.1	70.7	77.6	65.6
4,2,4,2,3,4,4,4,2	Ac	88%	175.6	23.4
4,2,4,2,3,4,4,4,6	S	
4,2,4,2,3,4,4,4,2	b-D-GlcpA	11%	104.2	74.2	76.1	73.0	76.7	176.0
4,2,4,2,3,4,4,4,2,3	b-D-Manp	70%	101.7	72.0	74.0	68.0	76.3	61.5
4,2,4,2,3,4,4,4,2,2	a-D-ManpA	27%	101.5	68.7	?	73.3	73.1	175.8
4,2,4,2,3,4,4,4,2,2,2	b-L-Fucp	42%	103.8	71.5	74.9	72.1	71.7	16.8
4,2,4,2,3,4,4,4,2,2,2,3	b-D-ManpA	53%	102.5	71.3	73.6	69.5	76.6	173.1
