Linkage	Residue	Trust	H1	H2	H3	H4	H5	H6
	b-D-Fucp	41%	4.56	3.67	3.95	4.36	3.82	1.28
3	b-D-Fucp	61%	4.66	3.64	3.62	3.77	3.91	1.25
4	b-D-GlcpN	32%	4.69	3.60	3.66	3.42	3.53	3.84-4.01
4,2	Ac	98%	-	2.03
4,2	a-D-Galp	39%	5.22	3.89	4.02	4.24	3.91	3.72-3.82
4,2,6	S	
4,2,4	b-D-Galp	58%	4.54	3.67	3.72	3.88	3.87	4-4.02
4,2,4,6	S	
4,2,4,2	b-D-GlcpN	78%	4.88	3.81	3.75	3.70	3.44	3.75-3.91
4,2,4,2,2	Ac	98%	-	2.03
4,2,4,2,3	a-D-Xylp	15%	5.10	3.61	3.70	3.98	3.67-3.76
4,2,4,2,3,4	b-D-Glcp	42%	4.85	3.50	3.56	3.65	3.63	3.81-3.96
4,2,4,2,3,4,2	a-D-GlcpA	50%	5.37	3.51	3.74	3.61	4.20	-
4,2,4,2,3,4,4	b-D-Galp	40%	4.50	3.67	3.76	4.05	3.70	3.71-3.82
4,2,4,2,3,4,4,3	a-D-Xylp	61%	5.13	3.65	3.59	3.63	3.55-3.69
4,2,4,2,3,4,4,4	b-D-GlcpN	18%	4.69	3.60	3.66	3.61	3.44	4.06-4.13
4,2,4,2,3,4,4,4,2	Ac	98%	-	2.03
4,2,4,2,3,4,4,4,6	S	
4,2,4,2,3,4,4,4,2	b-D-GlcpA	0%	4.58	3.41	3.62	3.58	3.82	-
4,2,4,2,3,4,4,4,2,3	b-D-Manp	50%	4.83	4.07	3.64	3.57	3.61	3.80-4.04
4,2,4,2,3,4,4,4,2,2	a-D-ManpA	8%	5	4.05	?	3.74	4.21	-
4,2,4,2,3,4,4,4,2,2,2	b-L-Fucp	14%	4.65	3.54	3.69	3.73	3.82	1.24
4,2,4,2,3,4,4,4,2,2,2,3	b-D-ManpA	34%	4.61	3.99	3.66	3.74	3.67	-
