Linkage	Residue	Trust	C1	C2	C3	C4	C5	C6
	a-D-Fucp	82%	93.6	69.8	70.0	82.5	68.6	17.3
4	a-D-Fucp	51%	101.4	68.6	74.5	71.3	68.0	16.5
4,3	b-D-Manp	62%	101.9	65.3	81.1	66.2	76.3	61.5
4,3,3	b-D-Xylp	42%	106.1	79.1	76.2	78.0	65.5
4,3,3,4	b-D-GlcpA	64%	102.2	73.9	76.5	72.9	76.8	176.3
4,3,3,2	a-D-GlcpA	58%	98.4	72.6	73.1	77.9	73.1	173.5
4,3,3,2,4	b-D-Xylp	57%	106.3	75.4	86.8	69.2	65.6
4,3,3,2,4,3	b-D-Manp	25%	104.3	65.3	75.4	78.1	77.0	63.6
4,3,3,2,4,3,4	b-D-ManpA	65%	101.1	72.0	74.4	69.5	76.6	176.6
4,3,3,2,4,3,3	b-D-GlcpA	67%	100.6	73.7	75.8	81.6	76.2	176.0
4,3,3,2,4,3,3,4	b-D-Galp	70%	104.0	72.0	73.8	69.6	76.5	62.3
