Linkage	Residue	Trust	H1	H2	H3	H4	H5	H6
	a-D-Fucp	75%	5.25	3.88	4.01	3.90	4.40	1.36
4	a-D-Fucp	29%	5.04	3.88	3.94	3.87	4.44	1.18
4,3	b-D-Manp	64%	4.87	3.50	3.87	3.71	3.44	3.77-3.91
4,3,3	b-D-Xylp	13%	4.50	3.32	3.48	3.87	3.41-4.12
4,3,3,4	b-D-GlcpA	81%	4.53	3.31	3.51	3.51	3.73	-
4,3,3,2	a-D-GlcpA	45%	5.30	3.59	3.92	3.78	4.23	-
4,3,3,2,4	b-D-Xylp	42%	4.38	3.82	3.61	3.79	3.48-3.88
4,3,3,2,4,3	b-D-Manp	16%	4.76	3.50	3.75	3.70	3.48	3.75-3.87
4,3,3,2,4,3,4	b-D-ManpA	47%	4.87	3.94	3.73	3.74	3.67	-
4,3,3,2,4,3,3	b-D-GlcpA	76%	4.65	3.43	3.65	3.91	3.93	-
4,3,3,2,4,3,3,4	b-D-Galp	79%	4.55	3.55	3.70	3.94	3.70	3.77-3.81
