Linkage	Residue	Trust	H1	H2	H3	H4	H5	H6	H7	H8	H9
	Me	95%	3.33
1	a-D-Xylp	9%	5.10	3.61	3.70	3.66	3.60-3.82
1,3	a-D-Xylp	62%	5.07	3.48	3.59	3.62	3.55-3.69
1,2	b-D-ManpA	5%	4.61	3.99	3.69	3.74	3.68	-
1,2,3	a-Neup	34%	-	-	1.76-2.73	3.73	3.86	3.74	3.58	3.86	3.64-3.87
1,2,3,5	Ac	99%	-	2.03
1,2,3,4	a-Neup	58%	-	-	1.76-2.73	3.67	4	3.80	3.64	3.87	3.64-3.89
1,2,3,4,5	Ac	99%	-	2.03
1,2,3,4,4	a-D-Galp	45%	5.21	3.90	4.05	3.97	3.84	4-4.04
1,2,3,4,4,6	S	
1,2,3,4,4,2	a-D-Glcp	30%	5.18	3.59	4.05	3.70	3.84	3.77-3.87
1,2,3,4,4,2,2	b-D-Galp	44%	4.52	3.66	3.77	4.16	3.84	3.76-3.77
1,2,3,4,4,2,2,3	S	
1,2,3,4,4,2,2,4	a-D-Manp	83%	5.03	3.99	3.93	3.78	4.06	3.80-3.85
1,2,3,4,4,2,2,4,2	a-D-Galp	51%	5.72	3.90	4.05	3.97	4.02	4-4.04
1,2,3,4,4,2,2,4,2,6	S	
1,2,3,4,4,2,2,4,2,2	a-D-Glcp	63%	5.38	3.58	3.80	3.67	3.92	4.11-4.18
1,2,3,4,4,2,2,4,2,2,6	S	
1,2,3,4,4,2,2,4,2,2,4	b-D-Galp	58%	4.53	3.56	3.98	3.93	3.70	4.01-4.03
1,2,3,4,4,2,2,4,2,2,4,6	S	
1,2,3,4,4,2,2,4,2,2,4,3	a-Neup	44%	-	-	1.76-2.73	3.73	3.86	3.56	3.59	3.82	3.63-3.84
1,2,3,4,4,2,2,4,2,2,4,3,5	Ac	99%	-	2.03
1,2,3,4,4,2,2,4,2,2,4,3,4	b-D-Galp	26%	4.54	3.60	3.70	4.09	3.69	4.01
1,2,3,4,4,2,2,4,2,2,4,3,4,6	S	
1,2,3,4,4,2,2,4,2,2,4,3,4,3	b-D-Manp	61%	4.90	3.95	3.73	3.83	3.43	3.73-3.91
