Linkage	Residue	Trust	C1	C2	C3	C4	C5	C6	C7	C8	C9
	a-D-Galp	82%	92.7	73.7	69.1	70.6	72.1	62.2
2	a-D-Galp	70%	96.6	69.2	70.2	79.7	71.9	61.1
2,4	a-D-Glcp	63%	101.7	73.1	73.9	77.5	72.9	62.8
2,4,4	a-L-Fucp	45%	103.7	69.7	74.2	72.8	68.2	16.8
2,4,4,3	b-Neup	49%	175.1	96.9	37.1	72.9	50.8	70.7	69.8	73.1	64.1
2,4,4,3,5	Ac	83%	176.3	23.6
2,4,4,3,4	a-D-Fucp	55%	95.7	69.3	70.3	82.7	67.6	16.9
2,4,4,3,4,4	b-D-GlcpA	78%	103.1	75.7	78.2	72.3	77.0	173.3
2,4,4,3,4,4,2	a-D-Xylp	60%	98.3	72.3	78.2	69.1	61.2
