Linkage	Residue	Trust	C1	C2	C3	C4	C5	C6	C7	C8	C9
	Me	76%	56.2
1	a-D-Glcp	53%	95.6	76.2	72.0	79.6	71.6	61.8
1,2	a-D-Glcp	88%	97.3	72.6	74.1	70.7	73.2	61.7
1,4	b-D-ManpA	33%	101.1	72.3	73.0	69.5	76.3	178.1
1,4,3	b-Neup	38%	173.6	96.9	40.2	67.4	54.2	70.7	69.8	73.1	64.1
1,4,3,5	Ac	83%	176.3	23.6
1,4,3,4	b-D-Galp	60%	104.2	73.0	76.8	68.3	75.3	61.5
1,4,3,4,3	S	
1,4,3,4,2	a-D-Glcp	67%	97.9	77.9	73.7	70.5	72.6	62.1
1,4,3,4,2,2	a-D-GlcpN	64%	94.5	54.4	81.2	69.3	72.4	61.9
1,4,3,4,2,2,2	Ac	83%	175.3	23.3
1,4,3,4,2,2,3	b-D-Fucp	60%	104.6	71.8	73.3	82.1	71.6	16.8
1,4,3,4,2,2,3,4	b-D-Fucp	17%	98.2	72.7	74.9	72.5	71.7	16.4
1,4,3,4,2,2,3,4,3	a-D-ManpA	64%	103.2	71.2	71.3	69.5	73.2	175.8
1,4,3,4,2,2,3,4,2	a-D-Galp	50%	98.4	68.5	75.6	75.8	71.2	61.6
1,4,3,4,2,2,3,4,2,3	S	
1,4,3,4,2,2,3,4,2,4	b-D-Galp	57%	104.1	73.8	73.2	70.4	71.5	61.8
1,4,3,4,2,2,3,4,2,4,2	a-D-GlcpN	69%	99.8	53.8	70.6	79.7	72.0	60.8
1,4,3,4,2,2,3,4,2,4,2,2	Ac	83%	175.3	23.3
1,4,3,4,2,2,3,4,2,4,2,4	b-D-Galp	79%	104.4	71.5	73.5	77.6	73.6	63.6
1,4,3,4,2,2,3,4,2,4,2,4,6	S	
1,4,3,4,2,2,3,4,2,4,2,4,4	a-D-GlcpN	59%	99.9	54.6	71.7	71.0	73.3	65.5
1,4,3,4,2,2,3,4,2,4,2,4,4,2	Ac	83%	175.3	23.3
1,4,3,4,2,2,3,4,2,4,2,4,4,6	S	
1,4,3,4,2,2,3,4,2,4,2,4,4,2	a-D-GlcpN	44%	96.1	53.1	79.0	71.8	72.7	62.1
1,4,3,4,2,2,3,4,2,4,2,4,4,2,2	Ac	83%	175.3	23.3
1,4,3,4,2,2,3,4,2,4,2,4,4,2,3	a-D-GlcpA	55%	101.9	73.4	73.4	73.9	75.1	177.7
1,4,3,4,2,2,3,4,2,4,2,4,4,2,3,2	a-D-Glcp	67%	98.3	72.9	74.5	70.9	73.1	61.9
