Linkage	Residue	Trust	H1	H2	H3	H4	H5	H6	H7	H8	H9
	b-D-Galp	53%	4.72	3.62	3.89	4.03	3.66	3.76-3.82
2	b-D-Galp	78%	5.14	3.59	3.90	3.92	3.97	3.56
3	a-D-GalpA	64%	5.15	4.04	4.14	4.57	4.51	-
3,3	b-D-Fucp	5%	4.65	3.65	3.68	3.79	3.82	1.31
3,3,2	a-D-Glcp	58%	5.30	3.52	3.74	3.44	3.89	4.15-4.52
3,3,4	a-D-Glcp	24%	4.98	3.58	3.81	3.48	3.56	4.06-4.14
3,3,4,6	S	
3,3,4,3	b-L-Fucp	25%	4.65	3.65	3.68	3.78	3.85	1.21
3,3,4,3,2	b-D-Galp	40%	4.53	3.62	3.95	3.84	3.77	4
3,3,4,3,2,6	S	
3,3,4,3,2,2	b-D-Glcp	72%	4.49	3.29	3.36	3.52	3.39	3.65-3.95
3,3,4,3,2,2,6	S	
3,3,4,3,2,2,4	a-D-Galp	46%	5.03	3.89	4.42	4.07	4.11	4.06
3,3,4,3,2,2,4,6	S	
3,3,4,3,2,2,4,3	a-Neup	69%	-	-	1.66-2.81	3.67	4	3.80	3.64	3.87	3.64-3.89
3,3,4,3,2,2,4,3,5	Ac	99%	-	2.03
3,3,4,3,2,2,4,3,4	a-D-Galp	46%	5.21	3.90	4.04	4.06	3.84	4-4.04
3,3,4,3,2,2,4,3,4,6	S	
3,3,4,3,2,2,4,3,4,2	b-D-Galp	33%	4.87	3.62	3.87	3.78	3.66	3.79-3.85
3,3,4,3,2,2,4,3,4,2,2	b-D-GlcpA	29%	4.72	3.40	3.99	3.58	3.68	-
3,3,4,3,2,2,4,3,4,2,2,3	a-Neup	74%	-	-	1.97-2.58	3.69	3.82	3.62	3.58	3.87	3.64-3.87
3,3,4,3,2,2,4,3,4,2,2,3,5	Ac	99%	-	2.03
