Linkage	Residue	Trust	H1	H2	H3	H4	H5	H6
	b-L-Fucp	21%	4.72	3.65	3.68	3.79	3.82	1.34
2	b-L-Fucp	57%	5.08	3.60	3.62	3.77	3.91	1.25
4	a-D-ManpA	19%	5	4.05	4.06	3.76	4.17	-
4,3	a-D-Galp	54%	5.23	3.84	3.89	4	4.12	3.74-3.75
4,2	a-D-GalpA	24%	5.30	3.92	4.02	4.37	4.60	-
4,2,4	b-D-Glcp	81%	4.72	3.54	3.67	3.38	3.30	3.88
4,2,2	b-D-Manp	53%	4.78	4.12	3.76	3.77	3.44	3.69-3.92
4,2,2,3	a-D-Xylp	48%	5.10	3.72	3.83	3.85	4.03
4,2,2,3,2	a-D-Glcp	26%	5.18	3.59	4.05	3.70	3.94	4.06-4.15
4,2,2,3,2,6	S	
4,2,2,3,2,2	b-D-Galp	44%	4.52	3.66	3.77	4.16	3.84	3.76-3.77
4,2,2,3,2,2,3	S	
4,2,2,3,2,2,4	a-D-Manp	72%	4.88	4.21	4.03	3.89	4.10	3.83-3.84
4,2,2,3,2,2,4,3	a-D-GlcpA	35%	5.17	3.47	3.83	3.78	4.08	-
4,2,2,3,2,2,4,3,2	a-D-ManpA	80%	5.15	4.07	3.61	3.74	4.17	-
4,2,2,3,2,2,4,3,4	b-D-GlcpN	17%	4.69	3.60	3.66	3.57	3.54	4.06-4.13
4,2,2,3,2,2,4,3,4,2	Ac	98%	-	2.03
4,2,2,3,2,2,4,3,4,6	S	
4,2,2,3,2,2,4,3,4,2	a-D-Xylp	13%	5.10	3.61	3.83	3.66	3.67-3.76
4,2,2,3,2,2,4,3,4,2,2	b-D-Fucp	66%	4.55	3.62	3.67	3.77	3.91	1.25
