Linkage	Residue	Trust	C1	C2	C3	C4	C5	C6
	a-D-Galp	82%	92.7	73.7	69.1	70.6	72.1	62.2
2	a-D-Galp	67%	97.9	76.3	68.8	69.5	70.4	61.1
2,2	a-L-Fucp	32%	103.5	69.4	70.7	78.5	69.8	15.4
2,2,4	b-D-Galp	67%	102.8	73.8	69.8	68.9	69.5	60.6
2,2,2	b-D-GalpA	44%	106.0	80.3	72.2	71.2	75.7	174.8
2,2,2,2	b-D-Galp	60%	104.6	73.0	76.8	68.3	76.3	61.5
2,2,2,2,3	S	
2,2,2,2,2	a-D-Glcp	69%	97.9	72.7	81.3	69.3	72.6	65.7
2,2,2,2,2,6	S	
2,2,2,2,2,3	a-D-Manp	68%	102.4	70.6	79.5	66.4	73.8	62.2
2,2,2,2,2,3,3	b-D-Galp	51%	102.6	78.7	73.7	78.1	76.6	61.2
2,2,2,2,2,3,3,4	a-D-Glcp	87%	100.8	72.8	73.6	70.2	72.8	61.1
2,2,2,2,2,3,3,2	a-D-Glcp	64%	94.4	75.4	73.7	69.6	72.6	64.6
2,2,2,2,2,3,3,2,6	S	
2,2,2,2,2,3,3,2,2	a-D-Glcp	67%	93.2	76.8	73.3	70.9	73.5	64.7
2,2,2,2,2,3,3,2,2,6	S	
2,2,2,2,2,3,3,2,2,2	a-D-Galp	43%	96.3	69.4	74.5	79.0	71.9	61.5
2,2,2,2,2,3,3,2,2,2,3	S	
2,2,2,2,2,3,3,2,2,2,4	a-D-GlcpA	66%	100.8	82.2	73.7	73.6	73.0	176.9
2,2,2,2,2,3,3,2,2,2,4,2	b-D-Fucp	65%	102.8	71.3	73.7	72.4	71.9	16.1
