Linkage	Residue	Trust	H1	H2	H3	H4	H5	H6
	a-D-Galp	65%	5.61	3.95	4.07	4.01	4.07	3.76-3.81
2	a-D-Galp	81%	5.04	3.83	3.86	4.05	4.08	3.73-3.86
2,2	a-L-Fucp	23%	5.10	3.89	3.91	3.98	4.53	1.21
2,2,4	b-D-Galp	81%	4.51	3.30	3.37	3.73	4.13	3.60
2,2,2	b-D-GalpA	13%	4.55	3.62	4.01	4.22	4.14	-
2,2,2,2	b-D-Galp	49%	4.53	3.62	4.24	4.23	3.39	3.71-3.89
2,2,2,2,3	S	
2,2,2,2,2	a-D-Glcp	42%	5.08	3.58	3.95	3.41	3.74	4.04-4.11
2,2,2,2,2,6	S	
2,2,2,2,2,3	a-D-Manp	50%	5.20	3.93	3.91	3.82	3.93	3.72-3.79
2,2,2,2,2,3,3	b-D-Galp	50%	4.40	3.37	3.70	4.03	3.81	3.80-3.87
2,2,2,2,2,3,3,4	a-D-Glcp	79%	4.92	3.50	3.74	3.45	4.06	3.79-3.85
2,2,2,2,2,3,3,2	a-D-Glcp	57%	5.60	3.75	3.88	3.61	3.98	4.08-4.17
2,2,2,2,2,3,3,2,6	S	
2,2,2,2,2,3,3,2,2	a-D-Glcp	82%	5.55	3.73	3.98	3.50	4.03	4.08-4.14
2,2,2,2,2,3,3,2,2,6	S	
2,2,2,2,2,3,3,2,2,2	a-D-Galp	43%	5.24	3.96	4.79	4.14	4.23	3.84
2,2,2,2,2,3,3,2,2,2,3	S	
2,2,2,2,2,3,3,2,2,2,4	a-D-GlcpA	68%	5.11	3.45	3.98	3.51	4.91	-
2,2,2,2,2,3,3,2,2,2,4,2	b-D-Fucp	57%	5.08	3.60	3.62	3.77	3.91	1.25
