Linkage	Residue	Trust	H1	H2	H3	H4	H5	H6
	b-D-GlcpN	73%	4.70	3.77	3.79	3.51	3.45	3.75-3.93
2	Ac	98%	-	2.03
3	b-D-GlcpN	36%	4.69	3.60	3.66	3.38	3.45	3.71-3.96
3,2	Ac	98%	-	2.03
3,2	b-D-Galp	40%	4.53	3.62	3.74	3.97	3.82	4
3,2,6	S	
3,2,2	a-D-Glcp	57%	5.60	3.75	3.88	3.61	3.98	4.08-4.17
3,2,2,6	S	
3,2,2,2	a-D-Glcp	45%	5.09	3.58	3.87	3.70	4.03	4.08-4.14
3,2,2,2,6	S	
3,2,2,2,3	a-D-Glcp	22%	5.18	3.59	3.81	3.58	3.97	3.78-3.88
3,2,2,2,3,3	b-D-GlcpA	63%	4.91	3.36	3.51	3.55	3.73	-
3,2,2,2,3,2	b-L-Fucp	40%	4.46	3.54	3.69	3.87	3.82	1.22
3,2,2,2,3,2,3	b-D-GlcpN	58%	4.68	3.74	3.75	3.73	3.46	3.76-3.87
3,2,2,2,3,2,3,2	Ac	98%	-	2.03
3,2,2,2,3,2,3,4	a-D-Galp	52%	5.45	3.89	4.05	4.20	3.88	4-4.03
3,2,2,2,3,2,3,4,6	S	
3,2,2,2,3,2,3,4,3	b-D-Manp	76%	4.90	4.37	3.60	3.46	3.45	3.73-3.88
3,2,2,2,3,2,3,4,3,2	b-D-GlcpN	51%	4.90	3.58	3.78	3.66	3.46	3.77-3.92
3,2,2,2,3,2,3,4,3,2,2	Ac	98%	-	2.03
3,2,2,2,3,2,3,4,3,2,3	a-D-GalpA	46%	5.13	3.92	4.04	4.25	4.32	-
3,2,2,2,3,2,3,4,3,2,3,2	a-D-GlcpN	21%	5.20	3.78	3.83	3.18	3.96	4.08-4.15
3,2,2,2,3,2,3,4,3,2,3,2,2	Ac	98%	-	2.05
3,2,2,2,3,2,3,4,3,2,3,2,6	S	
3,2,2,2,3,2,3,4,3,2,3,2,2	b-D-GlcpN	36%	4.70	3.57	3.93	3.67	3.93	3.78-3.88
3,2,2,2,3,2,3,4,3,2,3,2,2,2	Ac	98%	-	2.03
3,2,2,2,3,2,3,4,3,2,3,2,2,6	S	
3,2,2,2,3,2,3,4,3,2,3,2,2,4	a-D-GlcpN	62%	4.64	3.99	4	3.67	3.55	3.77-3.95
3,2,2,2,3,2,3,4,3,2,3,2,2,4,2	Ac	98%	-	2.05
3,2,2,2,3,2,3,4,3,2,3,2,2,4,3	a-D-Xylp	55%	5.44	3.51	3.59	3.62	3.55-3.69
