Linkage	Residue	Trust	C1	C2	C3	C4	C5	C6
	b-D-Xylp	74%	105.3	74.8	85.1	68.9	66.9
3	b-D-Xylp	23%	104.5	73.5	76.2	72.9	65.5
3,3	a-D-GalpA	66%	101.7	69.2	70.0	71.3	72.6	175.9
3,4	a-D-Fucp	37%	98.7	69.0	70.0	75.4	68.2	16.9
3,4,4	b-D-ManpA	13%	101.5	70.9	73.0	74.5	77.0	173.3
3,4,4,4	a-D-GalpA	68%	101.2	70.3	70.0	71.3	72.6	175.9
3,4,4,2	b-D-Glcp	51%	104.6	74.7	84.4	70.6	76.2	65.3
3,4,4,2,6	S	
3,4,4,2,3	a-D-Galp	76%	96.4	73.6	70.6	70.2	71.0	61.5
3,4,4,2,3,2	a-D-Glcp	51%	97.0	72.5	73.7	70.1	73.3	65.1
3,4,4,2,3,2,6	S	
3,4,4,2,3,2,3	b-D-Manp	61%	101.4	78.3	74.1	68.4	77.8	62.1
3,4,4,2,3,2,3,2	a-D-GlcpN	62%	98.9	55.2	71.5	79.4	71.8	65.1
3,4,4,2,3,2,3,2,2	Ac	83%	175.3	23.3
3,4,4,2,3,2,3,2,6	S	
3,4,4,2,3,2,3,2,4	b-D-Galp	64%	103.8	71.9	73.5	78.6	76.1	61.5
3,4,4,2,3,2,3,2,4,6	S	
3,4,4,2,3,2,3,2,4,4	b-D-GlcpN	62%	99.8	56.8	73.7	80.0	75.7	61.7
3,4,4,2,3,2,3,2,4,4,2	Ac	88%	175.6	23.4
3,4,4,2,3,2,3,2,4,4,6	S	
3,4,4,2,3,2,3,2,4,4,4	b-D-Galp	62%	102.5	74.8	72.7	70.4	72.5	61.7
3,4,4,2,3,2,3,2,4,4,4,3	S	
3,4,4,2,3,2,3,2,4,4,4,2	a-D-GlcpN	49%	100.2	54.7	70.1	79.4	72.7	60.4
3,4,4,2,3,2,3,2,4,4,4,2,2	Ac	83%	175.3	23.3
3,4,4,2,3,2,3,2,4,4,4,2,6	S	
3,4,4,2,3,2,3,2,4,4,4,2,4	b-D-GlcpA	39%	103.6	81.6	76.0	81.4	76.9	174.5
3,4,4,2,3,2,3,2,4,4,4,2,4,2	b-D-Fucp	70%	103.0	72.7	74.2	72.4	71.9	16.1
3,4,4,2,3,2,3,2,4,4,4,2,4,4	b-D-GlcpA	56%	102.6	71.7	84.8	71.3	75.7	175.3
3,4,4,2,3,2,3,2,4,4,4,2,4,4,3	b-D-GlcpN	80%	102.9	57.0	74.8	71.1	77.1	62.0
3,4,4,2,3,2,3,2,4,4,4,2,4,4,3,2	Ac	88%	175.6	23.4
