Linkage	Residue	Trust	H1	H2	H3	H4	H5	H6
	b-D-Xylp	81%	4.30	3.52	3.62	3.76	3.24-4.11
3	b-D-Xylp	18%	4.70	3.46	3.49	3.66	3.35-3.99
3,3	a-D-GalpA	21%	5.45	3.92	3.92	4.21	4.50	-
3,4	a-D-Fucp	16%	5.10	3.88	3.88	3.91	4.33	1.25
3,4,4	b-D-ManpA	5%	4.61	3.99	3.69	3.83	3.88	-
3,4,4,4	a-D-GalpA	40%	5.22	3.77	3.92	4.21	4.50	-
3,4,4,2	b-D-Glcp	39%	4.67	3.36	3.70	3.55	3.49	4.08-4.15
3,4,4,2,6	S	
3,4,4,2,3	a-D-Galp	56%	5.53	3.95	4.04	4.06	4.01	3.69-3.87
3,4,4,2,3,2	a-D-Glcp	37%	5.16	3.58	3.75	3.66	3.86	4.06-4.14
3,4,4,2,3,2,6	S	
3,4,4,2,3,2,3	b-D-Manp	71%	4.82	3.76	3.76	3.69	3.37	3.75-3.91
3,4,4,2,3,2,3,2	a-D-GlcpN	46%	5.19	3.83	3.95	3.81	3.92	4.11-4.18
3,4,4,2,3,2,3,2,2	Ac	98%	-	2.05
3,4,4,2,3,2,3,2,6	S	
3,4,4,2,3,2,3,2,4	b-D-Galp	61%	4.46	3.53	4.24	4.22	3.81	3.79-3.80
3,4,4,2,3,2,3,2,4,6	S	
3,4,4,2,3,2,3,2,4,4	b-D-GlcpN	68%	4.65	3.75	3.75	3.77	3.57	4.11-4.18
3,4,4,2,3,2,3,2,4,4,2	Ac	98%	-	2.03
3,4,4,2,3,2,3,2,4,4,6	S	
3,4,4,2,3,2,3,2,4,4,4	b-D-Galp	60%	4.84	3.98	4.02	3.93	3.86	3.76-3.77
3,4,4,2,3,2,3,2,4,4,4,3	S	
3,4,4,2,3,2,3,2,4,4,4,2	a-D-GlcpN	50%	5.60	4.01	3.77	3.64	4.12	3.76-3.81
3,4,4,2,3,2,3,2,4,4,4,2,2	Ac	98%	-	2.05
3,4,4,2,3,2,3,2,4,4,4,2,6	S	
3,4,4,2,3,2,3,2,4,4,4,2,4	b-D-GlcpA	39%	4.62	3.65	3.61	3.76	3.95	-
3,4,4,2,3,2,3,2,4,4,4,2,4,2	b-D-Fucp	26%	4.98	3.78	3.83	3.77	3.91	1.25
3,4,4,2,3,2,3,2,4,4,4,2,4,4	b-D-GlcpA	64%	4.63	3.63	3.68	3.63	3.76	-
3,4,4,2,3,2,3,2,4,4,4,2,4,4,3	b-D-GlcpN	89%	4.82	3.71	3.59	3.43	3.47	3.74-3.93
3,4,4,2,3,2,3,2,4,4,4,2,4,4,3,2	Ac	98%	-	2.03
