Linkage	Residue	Trust	C1	C2	C3	C4	C5	C6	C7	C8	C9
	Me	76%	56.2
1	a-L-Fucp	45%	99.2	69.7	68.2	78.5	67.6	15.4
1,3	a-L-Fucp	63%	104.1	71.1	71.0	73.1	68.8	16.8
1,4	b-D-Galp	56%	102.8	73.8	78.4	74.8	75.3	61.9
1,4,3	S	
1,4,4	b-D-Glcp	30%	103.0	73.7	77.0	70.6	76.2	65.1
1,4,4,6	S	
1,4,4,3	b-Neup	47%	174.5	96.9	37.1	72.9	50.8	70.7	69.8	73.1	64.1
1,4,4,3,5	Ac	83%	176.3	23.6
1,4,4,3,4	a-D-Galp	27%	99.0	69.2	74.5	70.4	71.8	61.8
1,4,4,3,4,3	S	
1,4,4,3,4,2	a-D-GlcpN	37%	98.8	55.0	74.1	70.3	72.7	65.4
1,4,4,3,4,2,2	Ac	83%	175.3	23.3
1,4,4,3,4,2,6	S	
1,4,4,3,4,2,3	b-L-Fucp	74%	104.5	71.7	73.7	73.3	71.9	16.7
