Linkage	Residue	Trust	C1	C2	C3	C4	C5	C6
	Me	83%	58.4
1	b-D-GlcpN	73%	101.7	55.4	73.0	80.5	75.3	60.8
1,2	Ac	88%	175.6	23.4
1,4	b-D-GlcpN	60%	102.2	56.4	74.8	71.7	77.2	62.0
1,4,2	Ac	88%	175.6	23.4
1,4,2	a-D-Fucp	17%	100.5	69.4	74.2	69.8	68.3	16.1
1,4,2,3	a-D-Galp	67%	102.1	68.8	71.2	70.0	70.1	60.7
1,4,2,2	a-D-GalpA	35%	92.7	73.5	71.5	70.4	72.1	175.7
1,4,2,2,2	a-D-Galp	70%	96.5	68.5	69.9	70.3	72.0	62.1
1,4,2,2,3	b-D-ManpA	46%	102.5	71.3	72.8	74.5	76.5	175.2
1,4,2,2,3,4	b-D-Xylp	64%	105.0	74.9	76.9	70.8	66.2
