Linkage	Residue	Trust	C1	C2	C3	C4	C5	C6
	a-D-GlcpN	58%	91.6	54.5	72.0	71.1	73.2	61.4
2	Ac	83%	175.3	23.3
2	a-D-Manp	43%	101.3	68.6	81.1	66.5	75.3	61.8
2,3	a-L-Fucp	59%	103.5	69.4	72.1	82.5	71.8	17.3
2,3,4	a-L-Fucp	50%	100.8	69.7	70.6	75.4	68.2	16.9
2,3,4,4	a-D-GlcpN	58%	98.8	54.7	70.3	79.4	72.7	65.1
2,3,4,4,2	Ac	83%	175.3	23.3
2,3,4,4,6	S	
2,3,4,4,4	b-D-Galp	60%	104.0	72.0	79.0	75.8	75.7	62.6
2,3,4,4,4,3	S	
2,3,4,4,4,4	b-D-Galp	58%	103.1	84.6	74.1	73.2	75.4	65.7
2,3,4,4,4,4,6	S	
2,3,4,4,4,4,2	a-D-Fucp	22%	100.5	69.4	70.7	82.7	68.2	15.6
2,3,4,4,4,4,2,2	b-L-Fucp	65%	102.8	71.3	73.7	72.4	71.9	16.1
2,3,4,4,4,4,2,4	b-D-Galp	37%	104.4	71.6	76.4	68.7	75.8	61.7
2,3,4,4,4,4,2,4,3	S	
2,3,4,4,4,4,2,4,2	b-L-Fucp	70%	103.0	72.8	73.7	73.0	71.9	16.4
