Linkage	Residue	Trust	H1	H2	H3	H4	H5	H6
	a-D-GlcpN	35%	5.24	3.74	3.84	3.55	3.84	3.77-3.89
2	Ac	98%	-	2.05
2	a-D-Manp	31%	5.16	4.13	3.81	3.82	3.93	3.81-3.93
2,3	a-L-Fucp	63%	5.32	3.92	4.01	3.90	4.40	1.36
2,3,4	a-L-Fucp	23%	5.12	3.89	3.91	3.91	4.33	1.35
2,3,4,4	a-D-GlcpN	45%	4.61	3.91	3.95	3.81	3.92	4.11-4.18
2,3,4,4,2	Ac	98%	-	2.05
2,3,4,4,6	S	
2,3,4,4,4	b-D-Galp	64%	4.50	3.67	4.24	4.19	3.75	3.78-3.83
2,3,4,4,4,3	S	
2,3,4,4,4,4	b-D-Galp	52%	4.69	3.62	3.74	3.57	3.76	3.99
2,3,4,4,4,4,6	S	
2,3,4,4,4,4,2	a-D-Fucp	8%	5.10	3.89	3.91	3.94	4.19	1.14
2,3,4,4,4,4,2,2	b-L-Fucp	51%	4.50	3.42	3.62	3.77	3.91	1.25
2,3,4,4,4,4,2,4	b-D-Galp	29%	4.53	3.62	3.77	4.18	3.73	3.77-3.81
2,3,4,4,4,4,2,4,3	S	
2,3,4,4,4,4,2,4,2	b-L-Fucp	65%	4.46	3.50	3.62	3.74	3.91	1.21
