Linkage	Residue	Trust	C1	C2	C3	C4	C5	C6
	b-D-Glcp	80%	96.5	74.8	85.5	69.0	76.6	61.6
3	b-D-Glcp	59%	103.8	74.3	76.4	78.2	76.4	61.1
3,4	a-L-Fucp	49%	99.4	69.3	70.1	72.0	68.0	16.2
3,4,2	b-D-GlcpN	38%	101.9	56.4	74.1	70.7	74.3	65.6
3,4,2,2	Ac	88%	175.6	23.4
3,4,2,6	S	
3,4,2,2	a-D-Galp	41%	99.0	68.6	74.7	67.6	71.8	65.6
3,4,2,2,6	S	
3,4,2,2,3	a-D-Manp	51%	104.7	72.5	72.3	79.9	75.2	61.6
3,4,2,2,3,4	a-D-Xylp	30%	100.7	72.6	72.9	71.3	61.4
3,4,2,2,3,4,3	b-L-Fucp	66%	102.8	72.5	73.7	72.4	71.9	16.1
