Linkage	Residue	Trust	C1	C2	C3	C4	C5	C6
	a-D-GalpA	83%	93.6	67.3	75.4	68.1	71.3	180.3
3	a-D-GalpA	70%	97.5	68.7	69.5	79.6	71.9	175.4
3,4	a-D-ManpA	47%	102.0	80.4	71.6	73.3	73.1	174.3
3,4,2	a-D-GlcpN	63%	95.2	54.8	70.4	79.6	72.0	61.5
3,4,2,2	Ac	83%	175.3	23.3
3,4,2,4	b-D-Fucp	50%	103.8	71.9	73.5	72.5	71.7	16.4
3,4,2,4,4	a-D-GalpA	24%	100.1	69.2	71.5	70.4	72.1	174.6
3,4,2,4,4,2	b-D-Manp	66%	102.4	71.3	74.0	68.0	77.4	62.9
3,4,2,4,4,3	b-D-GlcpN	64%	103.6	56.7	73.0	80.5	75.3	60.8
3,4,2,4,4,3,2	Ac	88%	175.6	23.4
3,4,2,4,4,3,4	b-D-GlcpN	55%	102.2	56.4	74.8	71.7	77.2	65.6
3,4,2,4,4,3,4,2	Ac	88%	175.6	23.4
3,4,2,4,4,3,4,6	S	
3,4,2,4,4,3,4,2	a-D-GlcpN	42%	96.1	54.2	70.5	79.4	72.7	63.5
3,4,2,4,4,3,4,2,2	Ac	83%	175.3	23.3
3,4,2,4,4,3,4,2,6	S	
3,4,2,4,4,3,4,2,4	b-D-Glcp	60%	103.5	73.0	84.0	70.5	77.2	65.3
3,4,2,4,4,3,4,2,4,6	S	
3,4,2,4,4,3,4,2,4,3	a-D-GlcpA	56%	99.5	70.2	81.2	69.9	73.1	177.8
3,4,2,4,4,3,4,2,4,3,3	b-D-Galp	66%	103.3	69.5	73.8	69.5	76.0	62.4
