Linkage	Residue	Trust	H1	H2	H3	H4	H5	H6
	a-D-GalpA	93%	5.34	3.94	4.05	4.58	4.70	-
3	a-D-GalpA	63%	5.22	3.91	4.06	4.39	4.50	-
3,4	a-D-ManpA	20%	5	4.05	4.06	3.74	4.21	-
3,4,2	a-D-GlcpN	32%	5.18	3.84	3.88	3.69	3.89	3.77-3.85
3,4,2,2	Ac	98%	-	2.05
3,4,2,4	b-D-Fucp	48%	4.46	3.53	3.72	4	3.82	1.32
3,4,2,4,4	a-D-GalpA	19%	5.30	3.92	4.04	4.48	4.20	-
3,4,2,4,4,2	b-D-Manp	77%	4.78	4.10	3.64	3.57	3.46	3.69-3.97
3,4,2,4,4,3	b-D-GlcpN	39%	4.70	3.77	3.57	3.49	3.43	3.54-3.74
3,4,2,4,4,3,2	Ac	98%	-	2.03
3,4,2,4,4,3,4	b-D-GlcpN	26%	4.69	3.60	3.66	3.41	3.42	4.06-4.13
3,4,2,4,4,3,4,2	Ac	98%	-	2.03
3,4,2,4,4,3,4,6	S	
3,4,2,4,4,3,4,2	a-D-GlcpN	36%	5.23	3.73	3.87	3.67	4.32	4.10-4.29
3,4,2,4,4,3,4,2,2	Ac	98%	-	2.05
3,4,2,4,4,3,4,2,6	S	
3,4,2,4,4,3,4,2,4	b-D-Glcp	52%	4.48	3.38	3.68	3.59	3.47	4.08-4.15
3,4,2,4,4,3,4,2,4,6	S	
3,4,2,4,4,3,4,2,4,3	a-D-GlcpA	58%	5.43	3.85	3.81	3.63	4.35	-
3,4,2,4,4,3,4,2,4,3,3	b-D-Galp	68%	4.77	3.50	3.65	3.92	3.68	3.79-3.88
