Linkage	Residue	Trust	C1	C2	C3	C4	C5	C6
	b-D-GlcpA	66%	96.7	74.8	85.5	69.9	77.3	176.4
3	b-D-GlcpA	38%	105.5	80.0	75.9	73.3	76.7	176.2
3,2	a-D-GlcpN	49%	100.5	53.4	82.0	69.3	72.7	65.4
3,2,2	Ac	83%	175.3	23.3
3,2,6	S	
3,2,3	b-D-Fucp	46%	101.7	72.7	74.7	72.4	71.7	16.5
3,2,3,2	b-D-ManpA	20%	101.5	64.7	73.0	74.5	77.0	175.8
3,2,3,2,4	a-D-Manp	70%	102.0	70.8	71.4	67.7	74.1	61.9
3,2,3,2,3	a-D-Xylp	13%	98.5	71.4	72.9	73.2	61.4
3,2,3,2,3,3	a-D-Xylp	36%	98.5	72.7	73.1	73.7	61.2
3,2,3,2,3,4	a-D-Galp	27%	99.0	69.2	74.5	70.4	71.8	61.8
3,2,3,2,3,4,3	S	
3,2,3,2,3,4,2	a-D-GlcpN	43%	98.8	55.0	78.9	72.2	72.7	65.4
3,2,3,2,3,4,2,2	Ac	83%	175.3	23.3
3,2,3,2,3,4,2,6	S	
3,2,3,2,3,4,2,3	a-D-GlcpA	66%	101.9	72.7	73.7	72.9	73.2	175.8
