Linkage	Residue	Trust	C1	C2	C3	C4	C5	C6	C7	C8	C9
	Me	0%	58.1
1	b-D-Xylp	59%	103.4	79.6	75.5	72.6	68.4
1,2	b-D-Xylp	42%	106.2	74.3	76.9	71.1	64.5
1,2,2	b-L-Fucp	41%	102.9	72.1	74.9	72.1	71.8	16.4
1,2,2,3	a-D-Fucp	11%	100.5	69.4	70.7	75.0	68.2	16.9
1,2,2,3,2	a-D-Fucp	66%	103.5	70.8	71.0	73.1	68.7	16.9
1,2,2,3,4	b-D-Glcp	61%	104.1	73.3	81.4	70.9	77.3	65.5
1,2,2,3,4,6	S	
1,2,2,3,4,3	a-D-GalpA	50%	99.2	77.4	74.9	70.4	72.8	177.4
1,2,2,3,4,3,3	a-D-Manp	67%	103.0	70.5	71.4	67.7	73.2	61.8
1,2,2,3,4,3,2	b-D-Galp	39%	105.1	72.9	76.4	75.9	75.8	62.5
1,2,2,3,4,3,2,3	S	
1,2,2,3,4,3,2,4	b-D-ManpA	58%	100.9	70.3	71.9	77.6	75.4	176.0
1,2,2,3,4,3,2,4,4	b-D-Galp	34%	104.5	71.8	76.2	69.6	75.8	65.4
1,2,2,3,4,3,2,4,4,6	S	
1,2,2,3,4,3,2,4,4,3	b-Neup	54%	175.1	96.9	37.1	72.9	50.8	70.7	69.0	72.9	63.7
1,2,2,3,4,3,2,4,4,3,5	Ac	83%	176.3	23.6
1,2,2,3,4,3,2,4,4,3,4	a-D-Xylp	37%	98.5	72.7	73.0	69.2	61.1
1,2,2,3,4,3,2,4,4,3,4,2	a-D-Glcp	38%	99.6	72.5	74.5	69.6	75.3	62.2
1,2,2,3,4,3,2,4,4,3,4,2,3	a-Neup	37%	174.7	102.0	37.7	69.8	53.2	74.1	69.8	73.1	64.1
1,2,2,3,4,3,2,4,4,3,4,2,3,5	Ac	83%	54.9	25.1
1,2,2,3,4,3,2,4,4,3,4,2,3,4	a-Neup	33%	174.5	102.0	40.7	69.8	53.1	74.1	69.8	73.1	64.1
1,2,2,3,4,3,2,4,4,3,4,2,3,4,5	Ac	83%	54.9	25.1
1,2,2,3,4,3,2,4,4,3,4,2,3,4,4	b-D-Galp	29%	104.2	71.6	76.4	70.4	75.5	61.8
1,2,2,3,4,3,2,4,4,3,4,2,3,4,4,3	S	
1,2,2,3,4,3,2,4,4,3,4,2,3,4,4,2	a-D-GlcpN	69%	100.5	55.2	72.1	71.2	72.6	62.1
1,2,2,3,4,3,2,4,4,3,4,2,3,4,4,2,2	Ac	83%	175.3	23.3
