Linkage	Residue	Trust	C1	C2	C3	C4	C5	C6	C7	C8	C9
	b-D-Manp	58%	98.6	76.2	74.1	68.0	77.6	62.1
2	b-D-Manp	59%	102.3	71.7	75.6	68.2	77.5	62.2
2,3	a-Neup	31%	175.3	102.0	40.7	69.8	53.1	74.1	69.8	73.1	64.1
2,3,5	Ac	83%	54.9	25.1
2,3,4	b-D-Xylp	14%	103.7	74.3	76.2	77.2	65.5
2,3,4,2	a-D-Glcp	74%	98.4	72.6	74.1	70.5	73.9	62.0
2,3,4,4	b-D-ManpA	10%	101.5	70.9	73.0	74.5	77.0	171.7
2,3,4,4,4	a-D-Xylp	46%	100.7	72.6	73.1	73.7	61.2
2,3,4,4,2	a-D-GlcpN	34%	99.3	54.6	71.4	70.6	72.7	65.5
2,3,4,4,2,2	Ac	83%	175.3	23.3
2,3,4,4,2,6	S	
2,3,4,4,2,2	b-D-GlcpN	33%	102.3	54.8	71.0	80.9	76.1	61.4
2,3,4,4,2,2,2	Ac	88%	175.6	23.4
2,3,4,4,2,2,6	S	
2,3,4,4,2,2,4	a-D-GlcpN	45%	97.8	54.6	71.4	71.7	73.5	61.9
2,3,4,4,2,2,4,2	Ac	83%	175.3	23.3
2,3,4,4,2,2,4,2	a-D-ManpA	9%	98.9	68.7	76.5	73.3	73.1	173.5
2,3,4,4,2,2,4,2,4	b-D-Xylp	64%	105.0	74.9	76.9	70.8	66.2
2,3,4,4,2,2,4,2,3	b-D-Glcp	66%	100.4	73.2	75.7	80.0	75.8	61.6
2,3,4,4,2,2,4,2,3,4	b-D-Manp	69%	101.2	69.3	77.9	66.2	77.3	62.1
2,3,4,4,2,2,4,2,3,4,3	b-D-GalpA	50%	103.0	71.1	78.6	70.5	75.7	174.6
2,3,4,4,2,2,4,2,3,4,3,3	a-D-Manp	55%	102.9	69.8	79.4	66.8	73.8	59.9
2,3,4,4,2,2,4,2,3,4,3,3,3	b-D-Fucp	44%	102.4	72.7	74.4	70.1	71.7	16.5
2,3,4,4,2,2,4,2,3,4,3,3,3,2	b-L-Fucp	37%	103.0	72.7	73.7	72.4	71.7	16.1
2,3,4,4,2,2,4,2,3,4,3,3,3,2,2	a-D-Xylp	37%	98.5	72.5	73.1	73.7	61.2
