Linkage	Residue	Trust	H1	H2	H3	H4	H5	H6	H7	H8	H9
	b-D-Manp	82%	4.93	4.18	3.66	3.58	3.37	3.77-3.82
2	b-D-Manp	36%	4.92	4.12	3.75	3.92	3.39	3.73-3.88
2,3	a-Neup	34%	-	-	1.76-2.73	3.73	3.86	3.74	3.58	3.86	3.64-3.87
2,3,5	Ac	99%	-	2.03
2,3,4	b-D-Xylp	16%	4.50	3.32	3.48	3.93	3.37-4.14
2,3,4,2	a-D-Glcp	77%	5.46	3.53	3.74	3.44	3.99	3.79-3.85
2,3,4,4	b-D-ManpA	5%	4.61	3.99	3.69	3.83	3.88	-
2,3,4,4,4	a-D-Xylp	62%	5.30	3.56	3.59	3.62	3.55-3.69
2,3,4,4,2	a-D-GlcpN	21%	5.20	3.78	3.83	3.57	3.96	4.08-4.15
2,3,4,4,2,2	Ac	98%	-	2.05
2,3,4,4,2,6	S	
2,3,4,4,2,2	b-D-GlcpN	36%	4.70	3.57	3.93	3.67	3.93	3.78-3.88
2,3,4,4,2,2,2	Ac	98%	-	2.03
2,3,4,4,2,2,6	S	
2,3,4,4,2,2,4	a-D-GlcpN	33%	5.20	3.78	3.83	3.41	3.71	3.78-3.88
2,3,4,4,2,2,4,2	Ac	98%	-	2.05
2,3,4,4,2,2,4,2	a-D-ManpA	0%	5	4.05	3.80	3.76	4.38	-
2,3,4,4,2,2,4,2,4	b-D-Xylp	61%	4.42	3.30	3.43	3.63	3.34-3.94
2,3,4,4,2,2,4,2,3	b-D-Glcp	61%	4.62	3.37	3.69	3.67	3.58	3.73-3.88
2,3,4,4,2,2,4,2,3,4	b-D-Manp	69%	4.72	4.18	4.12	3.73	3.49	3.76-3.93
2,3,4,4,2,2,4,2,3,4,3	b-D-GalpA	30%	4.78	3.74	3.80	4.29	4.18	-
2,3,4,4,2,2,4,2,3,4,3,3	a-D-Manp	42%	5.06	3.80	3.85	3.78	3.89	3.75-3.86
2,3,4,4,2,2,4,2,3,4,3,3,3	b-D-Fucp	25%	4.65	3.65	3.68	3.54	3.85	1.11
2,3,4,4,2,2,4,2,3,4,3,3,3,2	b-L-Fucp	17%	4.65	3.65	3.68	3.69	3.85	1.27
2,3,4,4,2,2,4,2,3,4,3,3,3,2,2	a-D-Xylp	50%	5.10	3.55	3.59	3.62	3.55-3.69
