Linkage	Residue	Trust	H1	H2	H3	H4	H5	H6
	a-D-Galp	31%	5.45	3.90	3.92	4.03	4.01	3.79-3.86
4	a-D-Galp	50%	5.04	3.92	3.88	3.85	4.10	3.75-3.82
2	a-D-GlcpN	56%	5.12	4.03	5.22	4.01	4	3.67-3.88
2,2	Ac	98%	-	2.05
2,4	a-D-Galp	38%	5.21	3.90	3.97	4.06	3.74	3.78-3.80
2,4,3	S	
2,4,2	a-D-Manp	38%	5.02	4.13	4.16	3.82	3.76	3.72-3.87
2,4,2,3	b-D-Manp	62%	4.84	4.22	4.10	4.02	3.41	3.76-3.95
2,4,2,3,2	a-D-Galp	66%	5.72	3.96	4.07	4.01	4.15	3.69-3.73
2,4,2,3,2,2	a-D-Galp	13%	5.08	3.89	3.97	4.14	4.12	3.79-3.85
2,4,2,3,2,2,3	a-D-Manp	81%	5.17	4.12	3.91	4.06	3.82	3.56-3.70
2,4,2,3,2,2,4	b-D-GlcpN	61%	4.90	3.75	3.93	3.67	3.53	3.78-3.88
2,4,2,3,2,2,4,2	Ac	98%	-	2.03
2,4,2,3,2,2,4,6	S	
2,4,2,3,2,2,4,4	a-D-GlcpN	69%	5.52	4.01	3.87	3.57	3.55	3.77-3.95
2,4,2,3,2,2,4,4,2	Ac	98%	-	2.05
2,4,2,3,2,2,4,4,3	b-D-Glcp	39%	4.62	3.37	3.42	3.37	3.43	3.72-3.88
2,4,2,3,2,2,4,4,3,2	b-L-Fucp	39%	4.46	3.54	3.69	3.97	4.14	1.18
2,4,2,3,2,2,4,4,3,2,3	b-D-Glcp	7%	4.61	3.36	3.57	3.52	3.53	3.76-3.92
2,4,2,3,2,2,4,4,3,2,3,4	a-D-Fucp	64%	5.01	3.74	3.77	3.79	4.30	1.22
