Linkage	Residue	Trust	C1	C2	C3	C4	C5	C6
	Me	83%	57.8
1	a-D-Xylp	39%	102.4	74.0	71.5	73.2	65.1
1,4	a-D-Galp	45%	98.1	69.4	74.5	78.7	71.8	61.1
1,4,3	S	
1,4,4	a-D-Glcp	54%	100.9	73.0	80.8	68.7	70.0	69.4
1,4,4,6	S	
1,4,4,3	a-L-Fucp	51%	99.6	69.0	71.3	80.7	67.3	16.3
1,4,4,3,4	a-D-ManpA	36%	101.4	78.5	?	73.3	73.1	174.4
1,4,4,3,4,4	a-L-Fucp	70%	99.4	69.2	71.0	73.1	68.8	16.5
1,4,4,3,4,2	a-D-Galp	52%	100.4	69.7	70.0	77.4	71.8	61.2
1,4,4,3,4,2,6	S	
1,4,4,3,4,2,4	b-D-Manp	50%	101.9	69.8	81.1	66.2	77.5	61.7
1,4,4,3,4,2,4,3	b-D-Glcp	68%	102.6	79.1	80.5	67.7	75.2	64.4
1,4,4,3,4,2,4,3,2	a-D-Fucp	26%	100.5	69.4	74.2	73.1	68.3	16.6
1,4,4,3,4,2,4,3,2,3	a-D-Manp	80%	103.0	71.3	71.9	67.7	72.9	61.1
1,4,4,3,4,2,4,3,2,2	b-D-GlcpA	57%	106.0	75.2	83.7	73.4	77.2	173.6
1,4,4,3,4,2,4,3,2,2,3	a-D-GlcpN	68%	99.2	50.8	72.1	71.1	74.7	62.0
1,4,4,3,4,2,4,3,2,2,3,2	Ac	83%	175.3	23.3
