Linkage	Residue	Trust	H1	H2	H3	H4	H5	H6
	Me	95%	3.33
1	a-D-Xylp	25%	4.76	3.57	3.70	3.66	3.67-3.76
1,4	a-D-Galp	23%	5.22	3.89	4.79	4.19	4.04	3.79-3.80
1,4,3	S	
1,4,4	a-D-Glcp	53%	4.99	3.58	3.78	3.54	4.02	4.09-4.30
1,4,4,6	S	
1,4,4,3	a-L-Fucp	57%	5.40	3.81	4.01	3.97	4.20	1.21
1,4,4,3,4	a-D-ManpA	0%	5	4.05	?	3.76	4.38	-
1,4,4,3,4,4	a-L-Fucp	48%	5.03	3.85	3.87	3.79	4.30	1.22
1,4,4,3,4,2	a-D-Galp	50%	5.11	3.83	3.88	4.16	3.92	3.67-3.83
1,4,4,3,4,2,6	S	
1,4,4,3,4,2,4	b-D-Manp	41%	4.81	4.12	3.87	3.71	3.69	3.76-3.88
1,4,4,3,4,2,4,3	b-D-Glcp	60%	4.40	3.37	3.58	3.45	3.65	3.49-3.55
1,4,4,3,4,2,4,3,2	a-D-Fucp	16%	5.10	3.89	3.94	3.81	4.18	1.20
1,4,4,3,4,2,4,3,2,3	a-D-Manp	86%	5.07	4.06	3.91	3.70	3.88	3.72-3.77
1,4,4,3,4,2,4,3,2,2	b-D-GlcpA	43%	4.67	3.40	3.63	3.81	3.86	-
1,4,4,3,4,2,4,3,2,2,3	a-D-GlcpN	73%	4.85	4.29	3.76	3.43	4	3.74-3.93
1,4,4,3,4,2,4,3,2,2,3,2	Ac	98%	-	2.05
