Linkage	Residue	Trust	H1	H2	H3	H4	H5	H6
	Me	95%	3.44
1	a-D-Galp	43%	4.82	3.94	4.01	4.14	4.01	3.74-3.80
1,3	a-D-Galp	46%	5.21	3.90	4.04	3.93	4.18	3.72-3.77
1,3,2	a-D-GlcpN	43%	5.07	3.76	4	3.68	3.86	4.08-4.16
1,3,2,2	Ac	98%	-	2.05
1,3,2,6	S	
1,3,2,3	a-D-GlcpA	30%	5.43	3.69	3.87	3.63	4.26	-
1,3,2,3,3	b-D-Xylp	71%	4.58	3.34	3.43	3.63	3.30-3.96
1,3,2,3,2	b-D-GlcpN	56%	4.64	3.74	3.93	3.67	3.93	3.78-3.88
1,3,2,3,2,2	Ac	98%	-	2.03
1,3,2,3,2,6	S	
1,3,2,3,2,4	a-D-GlcpN	28%	5.20	3.78	3.83	3.41	3.71	4.08-4.15
1,3,2,3,2,4,2	Ac	98%	-	2.05
1,3,2,3,2,4,6	S	
1,3,2,3,2,4,2	b-D-Galp	36%	4.54	3.60	3.77	4.14	3.76	4.01
1,3,2,3,2,4,2,6	S	
1,3,2,3,2,4,2,3	b-D-GlcpA	37%	4.58	3.41	3.59	3.58	3.85	-
1,3,2,3,2,4,2,3,2	a-D-GlcpN	32%	5.01	3.76	3.81	3.65	3.91	4.08-4.16
1,3,2,3,2,4,2,3,2,2	Ac	98%	-	2.05
1,3,2,3,2,4,2,3,2,6	S	
1,3,2,3,2,4,2,3,2,3	a-L-Fucp	68%	5.08	3.69	4.08	4.16	4.48	1.21
1,3,2,3,2,4,2,3,2,3,4	b-D-Galp	33%	4.51	3.60	3.74	4.06	3.88	4.01
1,3,2,3,2,4,2,3,2,3,4,6	S	
1,3,2,3,2,4,2,3,2,3,4,3	a-D-GlcpA	66%	5.07	3.65	3.69	3.58	4.20	-
