Linkage	Residue	Trust	C1	C2	C3	C4	C5	C6	C7	C8	C9
	b-D-GlcpA	56%	104.3	81.0	73.7	77.5	76.6	174.6
2	b-D-GlcpA	57%	101.1	75.1	76.9	73.4	77.6	176.3
4	a-D-GlcpN	52%	97.8	54.6	71.5	70.5	73.1	61.6
4,2	Ac	83%	175.3	23.3
4,2	b-D-Galp	35%	104.2	78.1	73.4	71.4	76.9	61.8
4,2,2	a-D-Glcp	70%	97.9	72.7	73.7	73.8	72.6	64.8
4,2,2,6	S	
4,2,2,4	a-D-Galp	52%	95.7	74.1	72.7	79.2	69.6	62.3
4,2,2,4,2	a-D-Fucp	76%	103.5	69.3	70.4	73.1	68.8	16.5
4,2,2,4,4	a-D-Glcp	59%	100.4	76.8	73.7	70.2	71.9	64.9
4,2,2,4,4,6	S	
4,2,2,4,4,2	a-D-ManpA	24%	101.4	72.1	76.5	73.3	73.1	175.9
4,2,2,4,4,2,3	b-Neup	49%	173.6	96.9	37.1	72.9	50.8	70.7	69.8	73.1	64.1
4,2,2,4,4,2,3,5	Ac	83%	176.3	23.6
4,2,2,4,4,2,3,4	a-D-Glcp	50%	95.7	72.6	72.0	76.3	71.5	65.1
4,2,2,4,4,2,3,4,6	S	
4,2,2,4,4,2,3,4,4	b-D-Galp	58%	104.1	71.4	75.3	63.3	75.2	65.3
4,2,2,4,4,2,3,4,4,6	S	
4,2,2,4,4,2,3,4,4,3	b-D-Manp	55%	103.5	81.8	72.9	70.6	77.4	62.4
4,2,2,4,4,2,3,4,4,3,2	b-D-GlcpA	44%	104.4	74.1	76.5	72.1	77.0	176.2
4,2,2,4,4,2,3,4,4,3,2,2	b-D-Manp	59%	101.1	71.6	74.0	68.0	77.3	62.2
