Linkage	Residue	Trust	H1	H2	H3	H4	H5	H6	H7	H8	H9
	b-D-GlcpA	45%	4.72	3.53	3.61	3.75	3.87	-
2	b-D-GlcpA	50%	4.98	3.25	3.51	3.55	3.73	-
4	a-D-GlcpN	34%	5.20	3.78	3.83	3.62	3.58	3.73-3.80
4,2	Ac	98%	-	2.05
4,2	b-D-Galp	43%	4.53	3.62	3.76	3.96	3.71	3.79-3.81
4,2,2	a-D-Glcp	32%	5.38	3.61	3.90	3.52	3.79	3.65-3.95
4,2,2,6	S	
4,2,2,4	a-D-Galp	54%	4.64	3.95	3.92	4.09	3.50	3.66-3.78
4,2,2,4,2	a-D-Fucp	65%	5.20	3.85	3.91	3.79	4.30	1.22
4,2,2,4,4	a-D-Glcp	27%	5.18	3.59	3.87	3.57	4.14	4.06-4.15
4,2,2,4,4,6	S	
4,2,2,4,4,2	a-D-ManpA	13%	5.09	4.05	3.80	3.76	4.38	-
4,2,2,4,4,2,3	b-Neup	51%	-	-	1.82-2.27	4.01	4.04	4.25	3.65	3.88	3.65-3.88
4,2,2,4,4,2,3,5	Ac	95%	-	2.05
4,2,2,4,4,2,3,4	a-D-Glcp	65%	5.06	3.55	3.80	3.80	3.92	4.11-4.18
4,2,2,4,4,2,3,4,6	S	
4,2,2,4,4,2,3,4,4	b-D-Galp	43%	4.48	3.69	3.70	4.09	3.79	4.01
4,2,2,4,4,2,3,4,4,6	S	
4,2,2,4,4,2,3,4,4,3	b-D-Manp	48%	4.83	4.13	3.61	3.76	3.36	3.64-3.93
4,2,2,4,4,2,3,4,4,3,2	b-D-GlcpA	21%	4.58	3.41	3.61	4.31	3.80	-
4,2,2,4,4,2,3,4,4,3,2,2	b-D-Manp	78%	4.78	4.10	3.64	3.57	3.46	3.73-3.93
