Linkage	Residue	Trust	C1	C2	C3	C4	C5	C6
	Me	84%	58.1
1	b-D-GlcpA	68%	103.9	74.1	75.3	81.3	76.1	174.5
1,4	b-D-GlcpA	79%	103.5	74.5	77.2	77.2	76.6	174.2
1,4,4	a-D-GlcpN	67%	98.2	54.2	70.3	77.9	72.0	62.6
1,4,4,2	Ac	83%	175.3	23.3
1,4,4,4	a-D-Galp	53%	99.5	68.5	75.6	75.8	71.2	61.6
1,4,4,4,3	S	
1,4,4,4,4	b-D-Galp	54%	104.6	72.2	77.5	75.5	74.1	61.3
1,4,4,4,4,3	S	
1,4,4,4,4,4	b-D-GlcpN	50%	103.2	57.6	71.0	80.2	76.1	61.4
1,4,4,4,4,4,2	Ac	88%	175.6	23.4
1,4,4,4,4,4,6	S	
1,4,4,4,4,4,4	a-D-GlcpN	45%	97.8	54.6	71.4	71.7	73.5	61.9
1,4,4,4,4,4,4,2	Ac	83%	175.3	23.3
1,4,4,4,4,4,4,2	b-L-Fucp	27%	98.2	72.2	74.9	72.1	71.8	16.4
1,4,4,4,4,4,4,2,3	a-D-Fucp	62%	104.1	71.1	70.0	82.5	68.6	16.9
1,4,4,4,4,4,4,2,3,4	a-D-GalpA	73%	99.4	68.6	70.0	71.3	72.6	175.9
