Linkage	Residue	Trust	H1	H2	H3	H4	H5	H6
	Me	98%	3.57
1	b-D-GlcpA	68%	4.40	3.39	3.66	3.73	3.94	-
1,4	b-D-GlcpA	90%	4.51	3.34	3.70	3.77	3.93	-
1,4,4	a-D-GlcpN	53%	5.34	3.87	5.22	3.70	4	3.77-3.96
1,4,4,2	Ac	98%	-	2.05
1,4,4,4	a-D-Galp	40%	5.24	3.87	4.43	4.42	4.01	3.72-3.83
1,4,4,4,3	S	
1,4,4,4,4	b-D-Galp	58%	4.67	3.68	4.16	4.27	3.83	3.66-3.74
1,4,4,4,4,3	S	
1,4,4,4,4,4	b-D-GlcpN	59%	4.65	3.75	3.93	3.71	3.93	3.78-3.88
1,4,4,4,4,4,2	Ac	98%	-	2.03
1,4,4,4,4,4,6	S	
1,4,4,4,4,4,4	a-D-GlcpN	33%	5.20	3.78	3.83	3.41	3.71	3.78-3.88
1,4,4,4,4,4,4,2	Ac	98%	-	2.05
1,4,4,4,4,4,4,2	b-L-Fucp	20%	4.65	3.54	3.69	3.73	3.77	1.15
1,4,4,4,4,4,4,2,3	a-D-Fucp	52%	5.05	3.75	4.01	3.90	4.40	1.25
1,4,4,4,4,4,4,2,3,4	a-D-GalpA	42%	5.02	3.84	3.92	4.21	4.50	-
