Linkage	Residue	Trust	C1	C2	C3	C4	C5	C6
	b-D-Galp	67%	92.2	78.5	73.2	70.6	75.2	67.8
2	a-D-Galp	55%	98.3	69.7	70.7	79.7	72.3	61.1
2,6	S	
2,4	a-D-Glcp	57%	99.5	76.7	79.2	69.1	73.0	61.5
2,4,3	b-D-GlcpA	61%	105.5	74.4	77.0	73.4	77.6	176.3
2,4,2	a-D-Galp	60%	96.7	79.9	70.2	70.7	70.8	65.6
2,4,2,6	S	
2,4,2,2	b-D-GlcpN	62%	104.3	56.0	84.3	69.6	77.0	65.7
2,4,2,2,2	Ac	88%	175.6	23.4
2,4,2,2,6	S	
2,4,2,2,3	b-D-Manp	59%	101.8	71.4	72.5	76.1	76.3	61.6
2,4,2,2,3,4	a-D-Fucp	59%	101.5	69.0	80.5	72.8	67.9	16.7
2,4,2,2,3,4,3	b-D-GlcpN	42%	104.1	56.4	74.1	70.4	76.3	61.5
2,4,2,2,3,4,3,2	Ac	88%	175.6	23.4
2,4,2,2,3,4,3,2	b-D-Galp	41%	104.2	73.8	72.3	70.4	76.3	62.1
2,4,2,2,3,4,3,2,2	a-D-GlcpN	38%	100.2	54.7	72.8	77.5	72.7	64.8
2,4,2,2,3,4,3,2,2,2	Ac	83%	175.3	23.3
2,4,2,2,3,4,3,2,2,6	S	
2,4,2,2,3,4,3,2,2,4	a-D-Galp	77%	99.7	69.1	70.4	69.3	76.6	62.2
