Linkage	Residue	Trust	H1	H2	H3	H4	H5	H6
	b-D-Galp	66%	4.75	3.61	3.76	4.01	3.58	3.72-3.95
2	a-D-Galp	40%	5.38	3.81	3.88	4.07	4.02	3.82-3.86
2,6	S	
2,4	a-D-Glcp	35%	5.02	3.59	4.17	3.58	3.95	3.95-4.11
2,4,3	b-D-GlcpA	63%	4.91	3.36	3.51	3.55	3.73	-
2,4,2	a-D-Galp	45%	5.21	3.90	3.95	3.99	4.36	3.99
2,4,2,6	S	
2,4,2,2	b-D-GlcpN	47%	4.63	3.58	3.74	3.58	3.48	4.09-4.16
2,4,2,2,2	Ac	98%	-	2.03
2,4,2,2,6	S	
2,4,2,2,3	b-D-Manp	44%	4.71	3.93	3.83	3.82	3.77	3.72-3.86
2,4,2,2,3,4	a-D-Fucp	70%	5.54	4.15	4.09	4.02	4.01	1.21
2,4,2,2,3,4,3	b-D-GlcpN	34%	4.69	3.60	3.66	3.66	3.44	3.77-3.91
2,4,2,2,3,4,3,2	Ac	98%	-	2.03
2,4,2,2,3,4,3,2	b-D-Galp	40%	4.53	3.62	3.72	3.93	3.66	3.83-3.85
2,4,2,2,3,4,3,2,2	a-D-GlcpN	38%	5.60	4.01	4.60	3.80	3.94	3.65-3.95
2,4,2,2,3,4,3,2,2,2	Ac	98%	-	2.05
2,4,2,2,3,4,3,2,2,6	S	
2,4,2,2,3,4,3,2,2,4	a-D-Galp	67%	5.46	3.86	3.89	3.93	3.74	3.78-3.80
