Linkage	Residue	Trust	H1	H2	H3	H4	H5	H6
	Me	98%	3.57
1	b-D-GalpA	50%	4.55	3.72	4.03	4.34	4.29	-
1,2	b-D-GalpA	60%	4.69	3.60	3.73	4.22	4.15	-
1,3	b-D-GlcpA	16%	4.58	3.41	3.55	3.55	3.87	-
1,3,2	a-D-Galp	72%	5.53	3.99	3.69	4.42	4.01	3.57-3.93
1,3,2,3	S	
1,3,2,4	b-D-GalpA	50%	4.87	3.54	3.81	4.34	4.27	-
1,3,2,4,4	a-D-GlcpN	56%	5.02	3.92	3.94	3.87	3.85	3.63
1,3,2,4,4,2	Ac	98%	-	2.05
1,3,2,4,4,6	S	
1,3,2,4,4,4	a-D-GlcpN	31%	5.20	3.78	3.83	3.55	3.89	4.08-4.15
1,3,2,4,4,4,2	Ac	98%	-	2.05
1,3,2,4,4,4,6	S	
1,3,2,4,4,4,2	b-D-Xylp	30%	4.50	3.31	3.43	3.63	3.34-3.94
