Linkage	Residue	Trust	H1	H2	H3	H4	H5	H6	H7	H8	H9
	b-D-GalpA	36%	4.72	3.77	4.01	4.22	4.15	-
2	b-D-GalpA	39%	4.69	3.60	3.70	4.52	4.18	-
2,3	a-D-GlcpN	60%	5.10	3.97	3.95	3.54	3.89	3.89-3.97
2,3,2	Ac	98%	-	2.05
2,3,4	a-L-Fucp	61%	4.96	3.74	3.93	3.92	4.62	1.25
2,3,4,4	a-D-GalpA	20%	5.30	3.92	4.04	4.30	4.46	-
2,3,4,4,2	b-D-Galp	19%	4.87	3.62	3.76	4.01	3.70	3.78
2,3,4,4,2,3	b-L-Fucp	35%	4.65	3.54	3.62	3.77	3.91	1.25
2,3,4,4,2,2	b-D-Fucp	33%	5.14	3.60	3.79	3.79	3.82	1.14
2,3,4,4,2,2,4	a-D-GlcpN	28%	5.20	3.78	3.83	3.55	3.56	3.84-4.01
2,3,4,4,2,2,4,2	Ac	98%	-	2.05
2,3,4,4,2,2,4,2	a-D-Manp	11%	5.16	4.13	3.96	3.79	3.89	3.77-3.88
2,3,4,4,2,2,4,2,3	b-L-Fucp	21%	4.65	3.54	3.68	4.04	3.82	1.28
2,3,4,4,2,2,4,2,3,4	a-D-GalpA	18%	5.30	3.92	4.08	4.30	4.46	-
2,3,4,4,2,2,4,2,3,4,2	a-D-Galp	56%	5.36	4.03	4.11	4.22	4.57	3.67-3.93
2,3,4,4,2,2,4,2,3,4,2,6	S	
2,3,4,4,2,2,4,2,3,4,2,4	b-D-GlcpN	24%	4.69	3.60	3.66	3.73	3.33	4.06-4.13
2,3,4,4,2,2,4,2,3,4,2,4,2	Ac	98%	-	2.03
2,3,4,4,2,2,4,2,3,4,2,4,6	S	
2,3,4,4,2,2,4,2,3,4,2,4,2	a-D-GalpA	34%	5.30	3.90	4.18	4.43	4.69	-
2,3,4,4,2,2,4,2,3,4,2,4,2,4	a-D-Glcp	55%	4.96	3.42	3.37	3.59	3.85	4.07-4.15
2,3,4,4,2,2,4,2,3,4,2,4,2,4,6	S	
2,3,4,4,2,2,4,2,3,4,2,4,2,4,4	a-Neup	76%	-	-	1.64-2.66	3.69	3.82	3.62	3.58	3.87	3.64-3.87
2,3,4,4,2,2,4,2,3,4,2,4,2,4,4,5	Ac	99%	-	2.03
