Linkage	Residue	Trust	C1	C2	C3	C4	C5	C6
	a-D-Glcp	72%	96.4	75.3	71.1	79.7	71.3	61.3
2	a-D-Glcp	88%	97.3	72.6	74.1	70.7	73.2	61.7
4	b-D-Galp	62%	103.2	73.8	74.0	70.4	75.3	65.3
4,6	S	
4,2	a-D-GlcpN	51%	96.8	54.3	71.0	80.7	72.7	64.4
4,2,2	Ac	83%	175.3	23.3
4,2,6	S	
4,2,4	b-D-GlcpN	67%	102.3	55.9	83.9	69.3	77.2	65.7
4,2,4,2	Ac	88%	175.6	23.4
4,2,4,6	S	
4,2,4,3	b-D-GalpA	47%	104.4	71.3	72.9	71.6	74.8	173.2
4,2,4,3,4	b-L-Fucp	48%	105.4	71.9	74.9	70.7	71.7	16.6
4,2,4,3,4,3	b-D-GlcpN	37%	104.1	56.4	74.1	71.3	76.0	61.8
4,2,4,3,4,3,2	Ac	88%	175.6	23.4
4,2,4,3,4,3,2	a-D-Manp	54%	101.2	71.0	71.4	67.7	74.1	61.9
