Linkage	Residue	Trust	C1	C2	C3	C4	C5	C6
	b-D-Xylp	67%	97.5	81.0	74.8	77.4	64.0
4	b-D-Xylp	93%	102.8	73.7	76.5	70.1	66.1
2	b-D-Galp	26%	104.9	72.8	76.4	71.4	75.8	61.9
2,3	S	
2,4	b-L-Fucp	18%	98.2	72.7	73.7	81.1	71.7	15.4
2,4,2	a-D-Xylp	37%	98.5	72.5	73.1	73.7	61.2
2,4,4	b-D-Galp	53%	103.3	71.7	76.3	71.4	76.3	62.3
2,4,4,3	a-L-Fucp	69%	98.7	69.7	78.8	73.0	67.8	16.2
2,4,4,3,3	a-D-Glcp	60%	101.2	73.5	81.3	68.5	73.9	62.3
2,4,4,3,3,3	a-D-GlcpN	45%	99.2	50.8	71.4	81.7	71.9	61.8
2,4,4,3,3,3,2	Ac	83%	175.3	23.3
2,4,4,3,3,3,4	b-D-ManpA	55%	101.1	71.3	73.6	69.5	76.6	175.9
