Linkage	Residue	Trust	C1	C2	C3	C4	C5	C6
	b-D-Xylp	62%	103.4	81.0	75.5	72.6	68.4
2	b-D-Xylp	57%	106.2	82.8	76.9	70.8	64.5
2,2	b-D-Galp	49%	104.3	72.9	72.9	78.3	75.8	65.3
2,2,6	S	
2,2,4	a-D-Galp	60%	100.8	77.9	69.9	74.7	71.0	65.7
2,2,4,6	S	
2,2,4,2	b-D-Glcp	55%	104.3	80.0	76.0	70.2	76.4	61.9
2,2,4,2,2	a-D-GlcpN	46%	100.2	54.7	72.5	70.4	71.8	65.2
2,2,4,2,2,2	Ac	83%	175.3	23.3
2,2,4,2,2,6	S	
2,2,4,2,2,4	a-D-Manp	58%	101.4	80.5	70.8	68.7	73.6	61.5
2,2,4,2,2,4,2	b-D-Glcp	46%	103.4	74.2	79.9	76.6	76.2	61.7
2,2,4,2,2,4,2,3	b-D-GalpA	65%	105.5	69.5	74.1	71.9	76.0	177.5
2,2,4,2,2,4,2,4	b-D-Glcp	60%	103.4	73.0	75.8	70.3	76.3	65.3
2,2,4,2,2,4,2,4,6	S	
2,2,4,2,2,4,2,4,3	a-D-ManpA	43%	101.8	70.9	70.8	82.4	76.7	176.0
2,2,4,2,2,4,2,4,3,4	b-D-Galp	59%	103.9	71.6	72.9	78.3	75.8	65.3
2,2,4,2,2,4,2,4,3,4,6	S	
2,2,4,2,2,4,2,4,3,4,4	a-D-Galp	47%	101.1	69.2	74.5	69.8	71.5	61.5
2,2,4,2,2,4,2,4,3,4,4,3	S	
2,2,4,2,2,4,2,4,3,4,4,2	b-D-Manp	67%	102.5	71.3	74.1	68.0	77.1	61.9
