Linkage	Residue	Trust	H1	H2	H3	H4	H5	H6
	b-D-Xylp	76%	4.59	3.53	3.38	3.55	3.22-3.24
2	b-D-Xylp	30%	4.50	3.67	3.48	3.64	3.70-3.80
2,2	b-D-Galp	54%	4.80	3.60	3.73	4.03	3.76	4.17
2,2,6	S	
2,2,4	a-D-Galp	58%	5.11	3.90	3.94	3.84	4.47	3.99
2,2,4,6	S	
2,2,4,2	b-D-Glcp	45%	4.62	3.37	3.59	3.51	3.45	3.64-3.81
2,2,4,2,2	a-D-GlcpN	34%	5.12	4.02	3.83	3.86	4.02	3.75-3.87
2,2,4,2,2,2	Ac	98%	-	2.05
2,2,4,2,2,6	S	
2,2,4,2,2,4	a-D-Manp	55%	5.34	4.19	3.92	3.68	3.73	3.79-3.81
2,2,4,2,2,4,2	b-D-Glcp	57%	4.48	3.72	4.13	3.38	3.87	3.78-3.91
2,2,4,2,2,4,2,3	b-D-GalpA	58%	4.71	3.43	3.65	4.32	4.15	-
2,2,4,2,2,4,2,4	b-D-Glcp	63%	4.54	3.40	3.66	3.57	3.54	4.08-4.15
2,2,4,2,2,4,2,4,6	S	
2,2,4,2,2,4,2,4,3	a-D-ManpA	51%	5.07	4.02	3.83	3.71	4.51	-
2,2,4,2,2,4,2,4,3,4	b-D-Galp	66%	4.52	3.59	3.73	4.03	3.76	4.17
2,2,4,2,2,4,2,4,3,4,6	S	
2,2,4,2,2,4,2,4,3,4,4	a-D-Galp	36%	5.21	3.90	3.97	4.13	4.37	3.70-3.71
2,2,4,2,2,4,2,4,3,4,4,3	S	
2,2,4,2,2,4,2,4,3,4,4,2	b-D-Manp	92%	4.79	4.10	3.64	3.62	3.38	3.75-3.92
