Linkage	Residue	Trust	H1	H2	H3	H4	H5	H6
	a-D-Galp	48%	5.22	3.94	4.01	4.14	4.01	3.74-3.80
3	a-D-Galp	38%	5.07	3.96	4.01	4.19	4.07	3.75-3.77
3,3	a-D-GalpA	15%	5.29	3.92	4.04	4.38	4.88	-
3,3,3	b-D-Manp	57%	4.90	4.04	3.64	3.57	3.38	3.76-3.83
3,3,2	a-D-Xylp	0%	5.10	3.61	3.70	3.66	3.67-3.76
3,3,2,3	b-D-Galp	56%	4.70	3.54	3.65	3.92	3.68	3.76-3.79
3,3,2,2	a-D-Glcp	51%	5.26	3.35	4.15	3.44	3.94	3.62
3,3,2,2,2	b-D-ManpA	25%	4.79	3.82	3.83	3.83	3.81	-
3,3,2,2,2,4	a-D-Manp	24%	5.34	4.19	3.91	3.81	3.76	3.80-3.91
3,3,2,2,2,4,4	a-L-Fucp	48%	5.03	3.85	3.87	3.79	4.30	1.18
3,3,2,2,2,4,2	b-D-Galp	39%	4.55	3.69	4.22	4.30	3.76	3.74-3.79
3,3,2,2,2,4,2,3	S	
3,3,2,2,2,4,2,4	b-D-Xylp	28%	4.50	3.31	3.61	3.79	3.48-3.88
3,3,2,2,2,4,2,4,3	b-D-Manp	81%	4.93	4.15	3.67	3.59	3.44	3.75-3.96
