Linkage	Residue	Trust	C1	C2	C3	C4	C5	C6
	b-L-Fucp	34%	102.2	72.7	78.1	72.5	71.7	16.7
2	b-L-Fucp	65%	103.0	72.8	73.7	72.4	71.9	16.1
4	a-D-Galp	23%	98.9	69.2	74.2	67.5	71.8	62.3
4,3	a-D-Fucp	74%	104.1	69.4	70.3	73.1	68.8	16.5
4,2	a-D-GlcpN	52%	98.8	55.0	74.4	79.7	73.0	62.7
4,2,2	Ac	83%	175.3	23.3
4,2,6	S	
4,2,4	a-D-GlcpN	50%	98.1	55.3	74.0	79.7	76.7	61.7
4,2,4,2	Ac	83%	175.3	23.3
4,2,4,6	S	
4,2,4,4	a-D-GlcpN	65%	98.1	54.3	74.0	79.3	76.7	60.5
4,2,4,4,2	Ac	83%	175.3	23.3
4,2,4,4,4	b-D-Glcp	71%	103.2	73.3	76.6	79.3	71.8	64.4
4,2,4,4,4,6	S	
4,2,4,4,4,4	b-D-Glcp	54%	102.7	73.7	76.2	79.5	75.6	64.8
4,2,4,4,4,4,6	S	
4,2,4,4,4,4,4	b-D-GlcpN	52%	101.9	56.4	74.5	70.3	77.0	65.6
4,2,4,4,4,4,4,2	Ac	88%	175.6	23.4
4,2,4,4,4,4,4,6	S	
4,2,4,4,4,4,4,2	a-D-Manp	54%	101.2	71.0	71.4	67.7	74.1	61.9
