Linkage	Residue	Trust	C1	C2	C3	C4	C5	C6	C7	C8	C9
	Me	84%	58.1
1	b-D-Fucp	58%	104.6	71.6	74.8	82.1	71.6	16.8
1,4	b-D-Fucp	50%	100.6	70.3	74.8	82.1	71.6	16.8
1,4,4	b-D-Fucp	53%	103.6	76.5	73.2	72.4	71.7	16.1
1,4,4,2	a-D-Glcp	43%	98.2	72.6	74.5	69.6	72.4	62.2
1,4,4,2,3	a-Neup	55%	174.7	101.9	37.7	72.4	53.1	74.1	69.8	73.1	64.1
1,4,4,2,3,5	Ac	83%	54.9	25.1
1,4,4,2,3,4	a-D-GlcpN	34%	94.7	54.6	71.4	70.6	72.7	65.5
1,4,4,2,3,4,2	Ac	83%	175.3	23.3
1,4,4,2,3,4,6	S	
1,4,4,2,3,4,2	a-D-Galp	44%	99.0	77.8	69.5	70.4	71.8	66.0
1,4,4,2,3,4,2,6	S	
1,4,4,2,3,4,2,2	b-D-Galp	58%	105.1	72.5	78.5	75.1	75.4	62.6
1,4,4,2,3,4,2,2,3	S	
1,4,4,2,3,4,2,2,4	b-D-Fucp	74%	105.2	72.6	74.1	72.4	71.9	16.1
