Linkage	Residue	Trust	H1	H2	H3	H4	H5	H6	H7	H8	H9
	Me	98%	3.57
1	b-D-Fucp	70%	4.29	3.51	3.83	4.11	3.94	1.40
1,4	b-D-Fucp	58%	4.79	4.23	3.83	4.11	3.94	1.40
1,4,4	b-D-Fucp	39%	4.69	3.65	3.75	3.69	3.85	1.27
1,4,4,2	a-D-Glcp	23%	5.27	3.58	3.81	3.44	3.98	3.73-3.88
1,4,4,2,3	a-Neup	42%	-	-	1.76-2.73	4	3.86	3.74	3.58	3.86	3.64-3.87
1,4,4,2,3,5	Ac	99%	-	2.03
1,4,4,2,3,4	a-D-GlcpN	32%	5.20	3.78	3.83	3.57	3.63	4.08-4.15
1,4,4,2,3,4,2	Ac	98%	-	2.05
1,4,4,2,3,4,6	S	
1,4,4,2,3,4,2	a-D-Galp	36%	5.21	3.90	4.04	4.06	4.25	4-4.04
1,4,4,2,3,4,2,6	S	
1,4,4,2,3,4,2,2	b-D-Galp	55%	4.56	3.61	4.22	4.30	3.76	3.79-3.85
1,4,4,2,3,4,2,2,3	S	
1,4,4,2,3,4,2,2,4	b-D-Fucp	69%	4.71	3.57	3.67	3.77	3.91	1.24
