Lineage	Residue	Trust	C1	C2	C3	C4	C5	C6
	Me	98%	58.4
1	b-D-GlcpN	69%	102.4	55.7	82.7	70.2	76.5	62.1
1,2	Ac	99%	175.6	23.5
1,3	b-D-GlcpN	87%	102.7	56.9	75.3	79.0	76.0	62.2
1,3,2	Ac	99%	175.6	23.5
1,3,4	a-D-Galp	56%	97.9	73.3	75.5	68.6	72.7	62.7
1,3,4,3	S		
1,3,4,2	a-D-Glcp	55%	96.9	81.5	73.1	70.7	73.1	65.0
1,3,4,2,6	S		
1,3,4,2,2	b-D-GlcpN	46%	102.1	56.8	71.8	80.6	73.8	63.8
1,3,4,2,2,2	Ac	99%	175.6	23.5
1,3,4,2,2,6	S		175.6
1,3,4,2,2,4	a-D-GlcpN	51%	98.6	64.3	70.8	70.7	72.7	65.3
1,3,4,2,2,4,2	Ac	98%	175.3	23.2
1,3,4,2,2,4,6	S		175.4
1,3,4,2,2,4,2	b-D-Galp	88%	105.5	71.7	74.5	77.9	75.6	62.4
1,3,4,2,2,4,2,4	b-D-Manp	87%	102.6	71.3	82.9	67.2	77.1	62.1
1,3,4,2,2,4,2,4,3	a-D-Glcp	89%	100.4	72.1	83.8	70.1	73.2	62.0
1,3,4,2,2,4,2,4,3,3	b-D-Galp	87%	104.2	71.6	73.6	69.7	76.0	61.8
