Linkage	Residue	Trust	C1	C2	C3	C4	C5	C6
	Me	83%	58.4
1	b-D-GlcpN	73%	101.5	55.8	82.8	70.2	76.3	62.1
1,2	Ac	88%	175.6	23.4
1,3	b-D-GlcpN	60%	102.2	56.7	74.2	81.3	76.3	62.8
1,3,2	Ac	88%	175.6	23.4
1,3,4	a-D-Galp	62%	97.3	73.6	76.5	68.3	73.0	62.8
1,3,4,3	S	
1,3,4,2	a-D-Glcp	59%	97.0	81.8	73.5	71.2	73.3	64.9
1,3,4,2,6	S	
1,3,4,2,2	b-D-GlcpN	52%	102.0	56.8	71.0	80.9	73.5	63.7
1,3,4,2,2,2	Ac	88%	175.6	23.4
1,3,4,2,2,6	S	
1,3,4,2,2,4	a-D-GlcpN	39%	98.2	54.6	71.4	70.6	73.5	65.5
1,3,4,2,2,4,2	Ac	83%	175.3	23.3
1,3,4,2,2,4,6	S	
1,3,4,2,2,4,2	b-D-Galp	52%	104.2	71.4	73.7	75.9	75.3	62.9
1,3,4,2,2,4,2,4	b-D-Manp	55%	101.9	71.6	82.6	67.0	75.9	61.6
1,3,4,2,2,4,2,4,3	a-D-Glcp	62%	97.0	72.8	82.5	72.9	74.1	62.0
1,3,4,2,2,4,2,4,3,3	b-D-Galp	67%	103.3	71.1	72.0	68.5	75.2	60.5
