Linkage	Residue	Trust	H1	H2	H3	H4	H5	H6
	Me	95%	3.49
1	b-D-GlcpN	74%	4.48	3.77	3.79	3.51	3.45	3.75-3.93
1,2	Ac	98%	-	2.03
1,3	b-D-GlcpN	62%	4.59	3.67	3.75	3.73	3.46	3.76-3.87
1,3,2	Ac	98%	-	2.03
1,3,4	a-D-Galp	58%	5.84	3.97	4.24	4.23	3.88	3.75-3.91
1,3,4,3	S	
1,3,4,2	a-D-Glcp	38%	5.18	3.59	3.69	3.45	3.86	4.06-4.15
1,3,4,2,6	S	
1,3,4,2,2	b-D-GlcpN	54%	4.81	3.73	3.93	3.67	3.93	3.78-3.88
1,3,4,2,2,2	Ac	98%	-	2.03
1,3,4,2,2,6	S	
1,3,4,2,2,4	a-D-GlcpN	28%	5.20	3.78	3.83	3.41	3.71	4.08-4.15
1,3,4,2,2,4,2	Ac	98%	-	2.05
1,3,4,2,2,4,6	S	
1,3,4,2,2,4,2	b-D-Galp	44%	4.54	3.60	3.74	4.15	3.66	3.77
1,3,4,2,2,4,2,4	b-D-Manp	59%	4.89	4.12	3.76	3.77	3.53	3.76-3.98
1,3,4,2,2,4,2,4,3	a-D-Glcp	62%	5.43	3.85	3.85	3.44	3.92	3.73-3.87
1,3,4,2,2,4,2,4,3,3	b-D-Galp	81%	4.56	3.49	3.60	3.82	3.64	3.67
