Lineage	Residue	Trust	C1	C2	C3	C4	C5	C6	C7	C8
	Me	100%	58.5
1	b-D-GlcpNAc	50%	104.2	55.3	82.6	70.0	77.2	62.1	175.6	23.5
1,3	b-D-GlcpNAc	100%	102.9	57.0	75.4	78.6	75.9	62.1	175.6	23.5
1,3,4	a-D-Galp	50%	98.9	72.8	74.1	70.0	72.2	62.4
1,3,4,3	S	50%
1,3,4,2	a-D-Glcp	50%	96.8	81.4	72.3	70.2	72.7	65.1
1,3,4,2,6	S	50%
1,3,4,2,2	b-D-GlcpNAc	25%	104.0	57.0	75.4	78.2	75.1	64.6	175.6	23.5
1,3,4,2,2,6	S	50%
1,3,4,2,2,4	a-D-GlcpNAc	50%	99.1	64.3	70.8	70.8	72.0	64.6	175.4	23.2
1,3,4,2,2,4,6	S	50%
1,3,4,2,2,4,2	b-D-Galp	100%	105.5	71.7	74.6	78.6	75.6	62.2
1,3,4,2,2,4,2,4	b-D-Manp	100%	102.7	71.3	82.9	67.3	77.4	62.3
1,3,4,2,2,4,2,4,3	a-D-Glcp	100%	101.6	72.0	83.9	69.5	72.9	62.0
1,3,4,2,2,4,2,4,3,3	b-D-Galp	100%	104.5	71.8	74.1	70.0	76.3	62.2
