Linkage	Residue	Trust	C1	C2	C3	C4	C5	C6	C7	C8	C9
	Me	76%	56.2
1	a-D-GalpA	71%	100.9	77.9	69.2	78.4	71.6	175.8
1,4	a-D-GalpA	94%	99.4	68.6	69.9	71.2	72.6	176.5
1,2	b-D-GalpA	47%	106.0	72.9	72.6	79.0	74.5	172.6
1,2,4	a-D-GlcpN	34%	99.1	54.6	71.4	70.6	72.7	65.5
1,2,4,2	Ac	83%	175.3	23.3
1,2,4,6	S	
1,2,4,2	b-D-Xylp	9%	103.7	74.3	76.2	70.6	65.5
1,2,4,2,3	a-Neup	42%	174.7	102.0	37.7	69.8	53.1	74.1	69.8	73.1	64.1
1,2,4,2,3,5	Ac	83%	54.9	25.1
1,2,4,2,3,4	b-D-Glcp	58%	103.5	74.3	76.4	70.5	76.9	61.9
