Linkage	Residue	Trust	C1	C2	C3	C4	C5	C6	C7	C8	C9
	Me	83%	57.7
1	b-D-ManpA	25%	101.5	79.9	73.0	69.5	77.0	176.5
1,2	b-D-ManpA	64%	102.3	71.7	73.6	69.5	76.6	176.5
1,3	a-D-Fucp	17%	100.5	69.4	74.2	72.6	68.2	16.4
1,3,2	a-D-ManpA	59%	96.2	70.0	70.4	69.5	73.2	175.8
1,3,3	a-Neup	54%	177.2	101.1	38.5	75.6	50.8	74.1	69.8	73.1	64.1
1,3,3,5	Ac	83%	54.9	25.1
1,3,3,4	a-D-Xylp	10%	98.5	72.0	72.9	73.2	61.4
1,3,3,4,4	a-D-Galp	37%	99.0	68.3	75.3	68.0	71.8	65.6
1,3,3,4,4,6	S	
1,3,3,4,4,3	a-D-Glcp	64%	93.0	77.0	72.4	71.6	72.1	61.4
1,3,3,4,4,3,2	b-D-Manp	76%	102.1	71.3	73.1	68.7	76.8	61.9
