Linkage	Residue	Trust	C1	C2	C3	C4	C5	C6
	Me	76%	56.2
1	a-D-GalpA	31%	99.5	72.7	71.5	71.4	72.0	174.6
1,2	a-D-GalpA	67%	96.4	68.5	69.9	71.1	72.1	175.0
1,3	a-L-Fucp	24%	100.5	69.4	74.2	72.4	68.3	16.4
1,3,3	a-D-Xylp	59%	104.2	71.1	74.3	73.7	61.2
1,3,2	a-D-Fucp	48%	103.2	77.8	69.4	72.9	68.2	16.5
1,3,2,2	b-D-ManpA	38%	102.7	71.3	73.0	74.5	77.0	174.8
1,3,2,2,4	a-D-GlcpN	67%	99.9	53.7	81.3	71.5	72.7	61.5
1,3,2,2,4,2	Ac	83%	175.3	23.3
1,3,2,2,4,3	a-D-GalpA	58%	101.9	77.8	70.1	71.4	72.5	174.8
1,3,2,2,4,3,2	b-D-ManpA	44%	102.6	77.4	73.1	69.5	77.0	176.5
1,3,2,2,4,3,2,2	b-D-GlcpN	72%	102.0	56.9	75.0	71.2	77.0	62.0
1,3,2,2,4,3,2,2,2	Ac	88%	175.6	23.4
