Linkage	Residue	Trust	C1	C2	C3	C4	C5	C6
	a-D-GlcpN	59%	91.6	54.5	72.0	71.1	73.2	61.9
2	Ac	83%	175.3	23.3
2	a-D-Galp	35%	99.1	69.1	75.6	75.8	71.2	62.9
2,3	S	
2,4	b-D-Glcp	62%	102.9	79.0	75.9	71.2	75.4	65.1
2,4,6	S	
2,4,2	a-L-Fucp	59%	100.2	69.3	78.5	70.7	67.8	16.3
2,4,2,3	b-D-GlcpN	76%	104.0	56.4	73.8	79.4	76.7	61.1
2,4,2,3,2	Ac	88%	175.6	23.4
2,4,2,3,4	b-D-Galp	79%	102.2	72.9	76.5	68.3	72.5	61.7
2,4,2,3,4,3	S	
2,4,2,3,4,2	a-D-Glcp	64%	94.4	75.4	73.7	69.6	72.6	64.6
2,4,2,3,4,2,6	S	
2,4,2,3,4,2,2	a-D-Glcp	63%	96.9	71.8	73.4	79.5	71.5	64.4
2,4,2,3,4,2,2,6	S	
2,4,2,3,4,2,2,4	b-D-GlcpN	65%	102.2	56.6	75.5	77.6	75.6	69.4
2,4,2,3,4,2,2,4,2	Ac	88%	175.6	23.4
2,4,2,3,4,2,2,4,6	S	
2,4,2,3,4,2,2,4,4	a-D-Glcp	58%	99.3	76.8	74.2	72.2	74.0	64.9
2,4,2,3,4,2,2,4,4,6	S	
2,4,2,3,4,2,2,4,4,2	a-D-Manp	47%	101.4	72.1	72.0	78.1	73.9	62.9
2,4,2,3,4,2,2,4,4,2,4	b-D-ManpA	39%	101.1	70.9	74.3	69.5	77.0	175.1
2,4,2,3,4,2,2,4,4,2,4,2	a-L-Fucp	53%	99.5	73.2	78.6	72.4	68.2	16.5
2,4,2,3,4,2,2,4,4,2,4,2,3	a-D-Xylp	39%	104.2	79.9	72.8	72.3	61.4
2,4,2,3,4,2,2,4,4,2,4,2,3,2	b-D-Glcp	70%	103.6	74.8	76.4	70.5	76.9	61.9
