Linkage	Residue	Trust	H1	H2	H3	H4	H5	H6
	a-D-GlcpN	31%	5.24	3.74	3.84	3.55	3.83	3.79-3.87
2	Ac	98%	-	2.05
2	a-D-Galp	38%	5.22	3.89	4.43	4.42	4.01	3.73-3.79
2,3	S	
2,4	b-D-Glcp	45%	4.62	3.37	3.68	3.41	3.71	4.08-4.15
2,4,6	S	
2,4,2	a-L-Fucp	52%	5.25	3.88	4	3.87	4.20	1.20
2,4,2,3	b-D-GlcpN	67%	4.68	3.74	3.75	3.96	3.59	3.86-3.99
2,4,2,3,2	Ac	98%	-	2.03
2,4,2,3,4	b-D-Galp	76%	4.69	3.89	4.24	4.23	3.86	3.76-3.77
2,4,2,3,4,3	S	
2,4,2,3,4,2	a-D-Glcp	57%	5.60	3.75	3.88	3.61	3.98	4.08-4.17
2,4,2,3,4,2,6	S	
2,4,2,3,4,2,2	a-D-Glcp	64%	5.09	3.61	3.84	3.67	4.30	4.06
2,4,2,3,4,2,2,6	S	
2,4,2,3,4,2,2,4	b-D-GlcpN	64%	4.55	3.73	3.81	3.70	3.66	4.02-4.22
2,4,2,3,4,2,2,4,2	Ac	98%	-	2.03
2,4,2,3,4,2,2,4,6	S	
2,4,2,3,4,2,2,4,4	a-D-Glcp	42%	5.18	3.59	3.87	3.47	3.67	4.06-4.15
2,4,2,3,4,2,2,4,4,6	S	
2,4,2,3,4,2,2,4,4,2	a-D-Manp	52%	5.09	4.03	3.98	3.90	3.87	3.79-3.90
2,4,2,3,4,2,2,4,4,2,4	b-D-ManpA	26%	4.61	3.99	3.45	3.74	3.76	-
2,4,2,3,4,2,2,4,4,2,4,2	a-L-Fucp	29%	5.08	3.88	3.87	3.90	4.37	1.21
2,4,2,3,4,2,2,4,4,2,4,2,3	a-D-Xylp	13%	5.10	3.61	3.83	3.66	3.67-3.76
2,4,2,3,4,2,2,4,4,2,4,2,3,2	b-D-Glcp	68%	4.55	3.30	3.51	3.38	3.45	3.74-3.89
