Linkage	Residue	Trust	C1	C2	C3	C4	C5	C6	C7	C8	C9
	b-D-Fucp	63%	97.2	71.8	73.1	79.1	71.7	16.7
4	a-D-GlcpN	30%	99.2	54.3	74.0	70.4	72.7	65.4
4,2	Ac	83%	175.3	23.3
4,6	S	
4,3	a-Neup	26%	175.3	102.0	40.7	69.8	53.2	74.1	69.8	73.1	64.1
4,3,5	Ac	83%	54.9	25.1
4,3,4	a-Neup	33%	174.5	102.0	40.7	69.8	53.1	74.1	69.8	73.1	64.1
4,3,4,5	Ac	83%	54.9	25.1
4,3,4,4	b-D-Galp	40%	104.2	77.5	78.6	71.5	75.5	61.8
4,3,4,4,3	S	
4,3,4,4,2	b-D-Galp	58%	107.0	78.5	73.2	70.6	75.2	59.5
4,3,4,4,2,2	a-D-Galp	55%	97.5	69.7	77.5	68.0	70.8	65.6
4,3,4,4,2,2,6	S	
4,3,4,4,2,2,3	a-D-Xylp	20%	98.5	79.9	72.9	72.3	62.0
4,3,4,4,2,2,3,2	b-D-GlcpA	52%	103.6	75.2	76.9	73.4	77.6	176.3
4,3,4,4,2,2,3,3	b-D-ManpA	38%	101.5	81.8	72.2	69.5	77.2	176.4
4,3,4,4,2,2,3,3,2	b-D-Galp	25%	105.2	71.6	76.3	77.5	75.8	62.3
4,3,4,4,2,2,3,3,2,4	b-D-Fucp	74%	105.2	72.6	74.1	72.4	71.9	16.1
4,3,4,4,2,2,3,3,2,3	a-D-Fucp	58%	104.1	69.5	70.8	82.4	67.9	16.8
4,3,4,4,2,2,3,3,2,3,4	b-D-Fucp	33%	105.5	72.7	73.7	71.8	71.7	16.3
4,3,4,4,2,2,3,3,2,3,4,2	a-D-Fucp	71%	100.5	69.3	71.0	73.1	68.8	16.5
