Linkage	Residue	Trust	H1	H2	H3	H4	H5	H6	H7	H8	H9
	b-D-Fucp	47%	4.60	3.60	3.79	4.21	3.82	1.34
4	a-D-GlcpN	18%	4.93	3.77	3.86	3.60	4.04	4.08-4.17
4,2	Ac	98%	-	2.05
4,6	S	
4,3	a-Neup	34%	-	-	1.76-2.73	3.73	3.86	3.74	3.58	3.86	3.64-3.87
4,3,5	Ac	99%	-	2.03
4,3,4	a-Neup	34%	-	-	1.76-2.73	3.73	3.86	3.74	3.58	3.86	3.64-3.87
4,3,4,5	Ac	99%	-	2.03
4,3,4,4	b-D-Galp	42%	4.53	3.62	4.31	4.06	3.69	3.74-3.82
4,3,4,4,3	S	
4,3,4,4,2	b-D-Galp	47%	4.53	3.62	3.76	4.01	3.97	3.56
4,3,4,4,2,2	a-D-Galp	58%	5.41	4.05	3.99	4.06	4.45	4-4.03
4,3,4,4,2,2,6	S	
4,3,4,4,2,2,3	a-D-Xylp	16%	5.10	3.61	3.70	3.79	3.60
4,3,4,4,2,2,3,2	b-D-GlcpA	61%	4.55	3.48	3.51	3.55	3.73	-
4,3,4,4,2,2,3,3	b-D-ManpA	29%	4.61	3.99	3.61	3.74	3.54	-
4,3,4,4,2,2,3,3,2	b-D-Galp	9%	4.50	3.61	3.76	4.05	3.73	3.78
4,3,4,4,2,2,3,3,2,4	b-D-Fucp	69%	4.71	3.57	3.67	3.77	3.91	1.24
4,3,4,4,2,2,3,3,2,3	a-D-Fucp	67%	5.16	3.89	4.04	3.70	4.03	1.40
4,3,4,4,2,2,3,3,2,3,4	b-D-Fucp	28%	4.65	3.65	3.68	3.35	3.85	1.21
4,3,4,4,2,2,3,3,2,3,4,2	a-D-Fucp	54%	5.32	3.84	3.87	3.79	4.30	1.22
