Linkage	Residue	Trust	H1	H2	H3	H4	H5	H6
	Me	95%	3.33
1	a-D-Xylp	9%	4.76	3.55	3.70	3.66	3.67-3.76
1,4	a-D-Xylp	33%	5.10	3.55	3.59	3.62	3.55-3.69
1,3	a-D-Fucp	58%	5.12	3.95	3.94	3.54	4.29	1.22
1,3,2	b-D-Glcp	42%	4.62	3.37	3.58	3.61	3.56	4.08-4.15
1,3,2,6	S	
1,3,2,2	a-D-Glcp	65%	5.80	3.71	3.85	3.53	3.91	4.08-4.10
1,3,2,2,6	S	
1,3,2,2,2	a-D-Galp	67%	5.24	4.02	4.09	4.42	4.24	3.57-3.93
1,3,2,2,2,3	S	
1,3,2,2,2,4	b-D-GalpA	34%	4.55	3.62	3.72	4.24	4.01	-
1,3,2,2,2,4,2	a-D-GlcpN	42%	5.01	4.01	3.88	3.72	4.12	4.08-4.15
1,3,2,2,2,4,2,2	Ac	98%	-	2.05
1,3,2,2,2,4,2,6	S	
1,3,2,2,2,4,2,4	b-D-Fucp	61%	4.70	3.70	3.72	3.58	3.85	1.27
1,3,2,2,2,4,2,4,2	a-D-Fucp	54%	5.32	3.84	4.02	4.08	4.26	1.30
1,3,2,2,2,4,2,4,2,4	a-D-GlcpA	64%	5.02	3.60	3.86	3.61	4.39	-
