Linkage	Residue	Trust	C1	C2	C3	C4	C5	C6
	a-D-Fucp	61%	100.6	77.2	69.3	71.8	68.7	16.9
2	a-D-Fucp	54%	103.0	70.7	75.5	69.4	68.7	16.9
2,3	a-D-ManpA	49%	96.2	80.4	71.9	73.3	73.1	175.8
2,3,2	a-D-GlcpN	55%	96.1	54.4	81.4	69.4	72.7	65.4
2,3,2,2	Ac	83%	175.3	23.3
2,3,2,6	S	
2,3,2,3	b-D-ManpA	19%	101.5	70.9	73.0	74.5	75.1	176.0
2,3,2,3,3	b-D-Manp	70%	98.4	72.1	74.0	68.0	77.5	62.1
2,3,2,3,4	b-D-Galp	66%	102.9	78.7	74.6	70.2	75.8	65.3
2,3,2,3,4,6	S	
2,3,2,3,4,2	b-D-GlcpN	62%	101.9	56.8	75.5	80.9	77.0	61.4
2,3,2,3,4,2,2	Ac	88%	175.6	23.4
2,3,2,3,4,2,4	a-D-GlcpN	67%	97.9	54.5	71.0	80.7	71.6	60.7
2,3,2,3,4,2,4,2	Ac	83%	175.3	23.3
2,3,2,3,4,2,4,4	b-D-GlcpN	71%	102.0	55.7	81.9	71.8	77.2	65.7
2,3,2,3,4,2,4,4,2	Ac	88%	175.6	23.4
2,3,2,3,4,2,4,4,6	S	
2,3,2,3,4,2,4,4,3	a-D-Xylp	11%	98.5	72.1	72.9	72.3	61.4
2,3,2,3,4,2,4,4,3,2	b-D-Manp	63%	102.4	71.3	74.0	68.0	77.5	62.1
