Linkage	Residue	Trust	H1	H2	H3	H4	H5	H6
	a-D-Fucp	73%	4.85	3.74	3.72	3.35	4.33	1.26
2	a-D-Fucp	51%	4.85	3.88	4.01	4.03	4.33	1.26
2,3	a-D-ManpA	49%	5.29	4.01	4.06	3.74	4.21	-
2,3,2	a-D-GlcpN	38%	5.15	3.76	3.97	3.62	4.04	4.08-4.16
2,3,2,2	Ac	98%	-	2.05
2,3,2,6	S	
2,3,2,3	b-D-ManpA	19%	4.79	3.99	3.69	3.83	4.05	-
2,3,2,3,3	b-D-Manp	66%	4.83	4.07	3.64	3.57	3.38	3.72-3.92
2,3,2,3,4	b-D-Galp	64%	4.49	3.83	3.72	3.88	3.83	4-4.02
2,3,2,3,4,6	S	
2,3,2,3,4,2	b-D-GlcpN	63%	4.87	3.74	3.93	3.67	3.93	3.70-3.83
2,3,2,3,4,2,2	Ac	98%	-	2.03
2,3,2,3,4,2,4	a-D-GlcpN	41%	5.34	4.13	3.84	3.40	3.94	3.52-3.71
2,3,2,3,4,2,4,2	Ac	98%	-	2.05
2,3,2,3,4,2,4,4	b-D-GlcpN	69%	4.61	3.83	3.78	3.70	3.48	4.09-4.16
2,3,2,3,4,2,4,4,2	Ac	98%	-	2.03
2,3,2,3,4,2,4,4,6	S	
2,3,2,3,4,2,4,4,3	a-D-Xylp	4%	5.10	3.61	3.70	3.66	3.67-3.76
2,3,2,3,4,2,4,4,3,2	b-D-Manp	68%	4.78	4.10	3.64	3.57	3.38	3.72-3.92
