Linkage	Residue	Trust	C1	C2	C3	C4	C5	C6
	Me	84%	58.1
1	b-D-GlcpA	43%	101.0	80.0	75.3	81.4	76.0	174.5
1,4	b-D-GlcpA	61%	98.4	73.5	76.9	73.4	77.6	175.3
1,2	a-D-GlcpN	44%	100.2	54.7	74.4	79.7	72.7	62.7
1,2,2	Ac	83%	175.3	23.3
1,2,6	S	
1,2,4	a-D-GlcpN	51%	98.1	55.3	78.4	72.0	76.7	65.4
1,2,4,2	Ac	83%	175.3	23.3
1,2,4,6	S	
1,2,4,3	a-D-ManpA	55%	102.0	71.8	72.8	76.7	77.1	174.4
1,2,4,3,4	a-D-Xylp	13%	98.5	76.9	72.9	73.2	61.4
1,2,4,3,4,2	a-D-GalpA	69%	95.8	69.0	70.0	71.3	72.6	175.9
1,2,4,3,4,4	b-D-ManpA	34%	101.5	89.3	77.8	69.5	77.0	176.5
1,2,4,3,4,4,2	a-D-Glcp	51%	99.9	77.9	72.7	70.5	72.3	64.9
1,2,4,3,4,4,2,6	S	
1,2,4,3,4,4,2,2	a-D-GlcpN	43%	98.8	55.0	72.7	70.4	72.6	66.7
1,2,4,3,4,4,2,2,2	Ac	83%	175.3	23.3
1,2,4,3,4,4,2,2,6	S	
1,2,4,3,4,4,2,2,4	a-D-ManpA	59%	99.7	80.4	71.6	73.3	73.7	175.9
1,2,4,3,4,4,2,2,4,2	a-D-Glcp	62%	100.5	82.2	70.7	75.9	73.0	60.9
1,2,4,3,4,4,2,2,4,2,2	b-D-Glcp	63%	104.9	74.3	75.9	80.3	76.2	61.9
1,2,4,3,4,4,2,2,4,2,2,6	S	
1,2,4,3,4,4,2,2,4,2,2,4	b-D-Galp	61%	103.4	76.5	73.3	70.4	75.8	66.0
1,2,4,3,4,4,2,2,4,2,2,4,6	S	
1,2,4,3,4,4,2,2,4,2,2,4,2	a-D-Galp	56%	97.9	67.7	75.6	75.8	71.2	61.6
1,2,4,3,4,4,2,2,4,2,2,4,2,3	S	
1,2,4,3,4,4,2,2,4,2,2,4,2,4	b-D-Xylp	63%	104.1	73.4	76.7	70.8	66.2
