Lineage	Residue	Trust	C1	C2	C3	C4	C5	C6
	Me	92%	58.4
1	b-D-GlcpA	45%	102.8	78.3	75.3	81.3	76.0	174.5
1,4	b-D-GlcpA	87%	102.2	73.2	76.5	72.5	75.9	174.6
1,2	a-D-GlcpN	40%	100.0	54.8	74.0	79.5	71.0	62.9
1,2,2	Ac	98%	175.3	23.2
1,2,6	S		175.4
1,2,4	a-D-GlcpN	57%	99.2	54.5	78.7	71.8	73.1	65.1
1,2,4,2	Ac	98%	175.3	23.2
1,2,4,6	S		175.4
1,2,4,3	a-D-ManpA	64%	101.9	71.6	71.9	78.0	75.1	176.7
1,2,4,3,4	a-D-Xylp	37%	98.9	76.8	70.7	77.6	60.3
1,2,4,3,4,2	a-D-GalpA	90%	97.6	69.4	70.3	71.6	72.7	176.3
1,2,4,3,4,4	b-D-ManpA	46%	100.2	82.4	75.8	69.8	77.4	176.8
1,2,4,3,4,4,2	a-D-Glcp	51%	99.4	77.1	72.5	70.4	72.7	65.0
1,2,4,3,4,4,2,6	S		
1,2,4,3,4,4,2,2	a-D-GlcpN	48%	97.7	55.2	72.5	78.2	71.6	65.6
1,2,4,3,4,4,2,2,2	Ac	98%	175.3	23.2
1,2,4,3,4,4,2,2,6	S		175.4
1,2,4,3,4,4,2,2,4	a-D-ManpA	70%	99.7	80.5	71.5	70.7	74.0	176.6
1,2,4,3,4,4,2,2,4,2	a-D-Glcp	90%	101.7	81.7	72.6	72.7	73.0	61.7
1,2,4,3,4,4,2,2,4,2,2	b-D-Glcp	63%	104.8	74.3	75.9	80.3	76.2	61.9
1,2,4,3,4,4,2,2,4,2,2,6	S		
1,2,4,3,4,4,2,2,4,2,2,4	b-D-Galp	73%	103.5	76.7	73.1	70.2	75.4	65.9
1,2,4,3,4,4,2,2,4,2,2,4,6	S		
1,2,4,3,4,4,2,2,4,2,2,4,2	a-D-Galp	87%	98.9	67.9	75.4	70.9	69.3	68.0
1,2,4,3,4,4,2,2,4,2,2,4,2,3	S		
1,2,4,3,4,4,2,2,4,2,2,4,2,4	b-D-Xylp	92%	104.0	73.8	76.9	70.4	66.3
