Linkage	Residue	Trust	H1	H2	H3	H4	H5	H6
	Me	98%	3.57
1	b-D-GlcpA	20%	4.57	3.41	3.61	3.74	3.95	-
1,4	b-D-GlcpA	65%	4.51	3.32	3.60	3.55	3.89	-
1,2	a-D-GlcpN	53%	5.01	4.01	3.94	3.87	3.85	3.63
1,2,2	Ac	98%	-	2.05
1,2,6	S	
1,2,4	a-D-GlcpN	46%	5.13	3.76	3.85	3.59	3.83	4.08-4.16
1,2,4,2	Ac	98%	-	2.05
1,2,4,6	S	
1,2,4,3	a-D-ManpA	33%	5.05	3.95	3.87	3.87	4.17	-
1,2,4,3,4	a-D-Xylp	5%	5.10	3.59	3.70	3.93	3.67-3.76
1,2,4,3,4,2	a-D-GalpA	38%	5.38	3.85	3.92	4.21	4.50	-
1,2,4,3,4,4	b-D-ManpA	26%	4.61	3.99	4.75	3.74	3.67	-
1,2,4,3,4,4,2	a-D-Glcp	25%	5.18	3.59	3.96	3.51	3.87	4.06-4.15
1,2,4,3,4,4,2,6	S	
1,2,4,3,4,4,2,2	a-D-GlcpN	41%	5.01	4.01	3.83	3.86	4.02	4-4.17
1,2,4,3,4,4,2,2,2	Ac	98%	-	2.05
1,2,4,3,4,4,2,2,6	S	
1,2,4,3,4,4,2,2,4	a-D-ManpA	40%	5.27	3.91	3.96	3.74	4.02	-
1,2,4,3,4,4,2,2,4,2	a-D-Glcp	42%	5.18	3.59	3.84	3.37	3.76	3.80
1,2,4,3,4,4,2,2,4,2,2	b-D-Glcp	76%	4.72	3.35	3.60	3.63	3.65	4.11-4.18
1,2,4,3,4,4,2,2,4,2,2,6	S	
1,2,4,3,4,4,2,2,4,2,2,4	b-D-Galp	71%	4.65	3.70	3.74	4.05	3.87	4.06
1,2,4,3,4,4,2,2,4,2,2,4,6	S	
1,2,4,3,4,4,2,2,4,2,2,4,2	a-D-Galp	59%	5.38	3.97	4.43	4.42	4.01	3.70
1,2,4,3,4,4,2,2,4,2,2,4,2,3	S	
1,2,4,3,4,4,2,2,4,2,2,4,2,4	b-D-Xylp	41%	4.84	3.39	3.43	3.63	3.34-3.94
