Lineage	Residue	Trust	C1	C2	C3	C4	C5	C6	C7	C8
	Me	100%	58.5
1	b-D-GlcpA	13%	105.6	76.0	73.1	78.1	75.7	174.4
1,4	b-D-GlcpA	100%	103.2	73.1	76.5	72.3	75.7	174.4
1,2	a-D-GlcpNAc	25%	97.7	55.3	72.3	78.2	70.7	64.6	175.4	23.2
1,2,6	S	50%
1,2,4	a-D-GlcpNAc	63%	99.7	54.1	78.8	71.7	72.0	64.6	175.4	23.2
1,2,4,6	S	50%
1,2,4,3	a-D-ManpA	63%	101.9	71.3	71.7	78.6	73.5	178.0
1,2,4,3,4	a-D-Xylp	38%	98.9	76.5	70.7	77.6	60.3
1,2,4,3,4,2	a-D-GalpA	100%	98.4	69.7	70.4	71.7	72.7	176.4
1,2,4,3,4,4	b-D-ManpA	50%	100.2	78.4	74.9	70.0	77.5	177.2
1,2,4,3,4,4,2	a-D-Glcp	50%	98.7	76.6	72.2	70.2	72.7	65.1
1,2,4,3,4,4,2,6	S	50%
1,2,4,3,4,4,2,2	a-D-GlcpNAc	50%	95.7	55.3	72.3	78.2	70.7	64.6	175.4	23.2
1,2,4,3,4,4,2,2,6	S	50%
1,2,4,3,4,4,2,2,4	a-D-ManpA	50%	99.8	81.0	71.5	70.4	74.6	178.0
1,2,4,3,4,4,2,2,4,2	a-D-Glcp	100%	101.8	81.6	73.0	70.9	73.0	62.0
1,2,4,3,4,4,2,2,4,2,2	b-D-Glcp	0%	104.8	74.1	75.6	75.9	75.0	65.2
1,2,4,3,4,4,2,2,4,2,2,6	S	50%
1,2,4,3,4,4,2,2,4,2,2,4	b-D-Galp	75%	103.5	76.9	73.0	70.0	75.2	65.8
1,2,4,3,4,4,2,2,4,2,2,4,6	S	50%
1,2,4,3,4,4,2,2,4,2,2,4,2	a-D-Galp	100%	99.3	68.0	75.4	70.0	69.2	69.5
1,2,4,3,4,4,2,2,4,2,2,4,2,3	S	50%
1,2,4,3,4,4,2,2,4,2,2,4,2,4	b-D-Xylp	100%	104.0	74.0	76.9	70.3	66.3
