Linkage	Residue	Trust	C1	C2	C3	C4	C5	C6	C7	C8	C9
	Me	83%	56.0
1	a-D-GlcpN	50%	98.2	54.5	72.1	71.1	73.1	61.8
1,2	Ac	83%	175.3	23.3
1,2	a-D-GlcpN	54%	96.1	54.8	79.1	69.6	73.2	61.8
1,2,2	Ac	83%	175.3	23.3
1,2,3	a-L-Fucp	54%	100.6	68.9	74.2	73.2	68.1	16.7
1,2,3,3	b-Neup	38%	175.1	96.9	40.2	67.4	54.2	70.7	69.8	73.1	64.1
1,2,3,3,5	Ac	83%	176.3	23.6
1,2,3,3,4	b-D-Glcp	45%	103.5	82.8	77.6	71.2	76.2	65.1
1,2,3,3,4,6	S	
1,2,3,3,4,2	b-D-GlcpN	54%	102.2	57.0	84.3	69.6	75.9	66.0
1,2,3,3,4,2,2	Ac	88%	175.6	23.4
1,2,3,3,4,2,6	S	
1,2,3,3,4,2,3	b-D-Manp	28%	101.8	71.1	75.4	81.3	77.0	61.6
1,2,3,3,4,2,3,4	a-D-ManpA	67%	100.6	73.9	72.5	69.5	73.2	175.8
1,2,3,3,4,2,3,3	b-D-Fucp	46%	103.9	72.9	73.1	72.5	71.7	16.4
1,2,3,3,4,2,3,3,4	a-D-GlcpN	34%	99.1	54.6	71.4	70.6	72.7	65.5
1,2,3,3,4,2,3,3,4,2	Ac	83%	175.3	23.3
1,2,3,3,4,2,3,3,4,6	S	
1,2,3,3,4,2,3,3,4,2	a-D-Manp	54%	101.2	71.0	71.4	67.7	74.1	61.9
