Linkage	Residue	Trust	C1	C2	C3	C4	C5	C6
	Me	84%	58.1
1	b-D-GalpA	71%	104.4	70.3	81.2	68.1	76.2	174.7
1,3	b-D-GalpA	33%	103.7	76.0	68.6	81.0	75.7	180.1
1,3,2	b-D-GlcpA	65%	101.1	74.5	77.4	73.4	77.6	176.3
1,3,4	b-D-Galp	49%	103.0	81.2	69.7	69.3	75.8	65.3
1,3,4,6	S	
1,3,4,2	b-D-GalpA	35%	102.4	71.2	73.6	80.3	75.7	174.3
1,3,4,2,4	a-D-Glcp	75%	100.6	72.9	74.1	70.5	73.1	61.6
1,3,4,2,2	b-D-GlcpN	61%	102.7	57.1	75.3	79.8	77.2	61.0
1,3,4,2,2,2	Ac	88%	175.6	23.4
1,3,4,2,2,4	b-D-Glcp	60%	103.3	74.1	86.1	70.2	77.2	65.3
1,3,4,2,2,4,6	S	
1,3,4,2,2,4,3	b-D-Xylp	67%	104.8	75.0	78.1	70.4	67.1
