Linkage	Residue	Trust	H1	H2	H3	H4	H5	H6
	Me	95%	3.41
1	a-D-GlcpN	71%	4.84	3.66	3.94	3.87	3.85	3.63
1,2	Ac	98%	-	2.05
1,4	a-D-GlcpN	29%	5.13	3.76	3.86	3.60	3.89	3.63
1,4,2	Ac	98%	-	2.05
1,4,3	b-L-Fucp	14%	4.76	3.54	4.06	3.79	3.82	1.32
1,4,3,4	a-D-Fucp	24%	5.10	3.89	3.91	3.90	4.47	1.33
1,4,3,4,4	a-D-Fucp	81%	5.19	3.81	3.87	3.85	4.30	1.21
1,4,3,4,2	a-D-GlcpN	39%	5.01	4.01	3.83	3.72	4.02	3.76-3.83
1,4,3,4,2,2	Ac	98%	-	2.05
1,4,3,4,2,6	S	
1,4,3,4,2,4	b-D-Manp	14%	4.75	4.03	3.72	3.69	3.46	3.70-3.92
1,4,3,4,2,4,4	b-L-Fucp	7%	4.65	3.54	3.68	3.79	3.82	1.32
1,4,3,4,2,4,4,4	a-D-GlcpN	65%	4.93	3.91	3.76	3.53	3.90	3.67-3.79
1,4,3,4,2,4,4,4,2	Ac	98%	-	2.05
