Linkage	Residue	Trust	C1	C2	C3	C4	C5	C6	C7	C8	C9
	Me	84%	58.1
1	b-D-GlcpA	60%	104.8	73.4	85.8	69.9	77.3	176.2
1,3	b-D-GlcpA	55%	104.1	73.8	75.9	78.0	77.0	175.2
1,3,4	a-D-ManpA	37%	100.8	78.6	72.6	73.3	73.1	175.8
1,3,4,2	b-D-ManpA	45%	100.1	71.3	71.8	74.5	77.0	176.2
1,3,4,2,4	a-D-ManpA	53%	101.7	74.6	79.1	69.5	73.3	175.0
1,3,4,2,4,3	b-D-Xylp	35%	101.7	73.2	76.2	77.3	65.5
1,3,4,2,4,3,4	b-D-Xylp	93%	102.8	73.7	76.5	70.1	66.1
1,3,4,2,4,3,3	a-D-Glcp	29%	99.1	72.5	74.5	69.6	74.2	62.0
1,3,4,2,4,3,3,3	a-Neup	48%	174.7	101.9	37.7	69.8	53.1	74.1	69.8	73.1	64.1
1,3,4,2,4,3,3,3,5	Ac	83%	54.9	25.1
1,3,4,2,4,3,3,3,4	b-D-GalpA	41%	103.7	78.3	75.4	72.0	77.2	175.2
1,3,4,2,4,3,3,3,4,2	a-L-Fucp	55%	101.0	69.9	70.9	82.4	67.9	16.7
1,3,4,2,4,3,3,3,4,2,4	b-D-GlcpA	77%	104.6	74.0	74.9	80.7	75.0	172.8
1,3,4,2,4,3,3,3,4,2,4,4	b-D-Glcp	60%	101.2	78.3	75.8	69.9	76.8	65.1
1,3,4,2,4,3,3,3,4,2,4,4,6	S	
1,3,4,2,4,3,3,3,4,2,4,4,2	a-D-Galp	58%	98.0	69.8	74.7	67.6	71.9	65.6
1,3,4,2,4,3,3,3,4,2,4,4,2,6	S	
1,3,4,2,4,3,3,3,4,2,4,4,2,3	a-D-Manp	56%	99.7	70.5	80.2	65.7	74.7	61.7
1,3,4,2,4,3,3,3,4,2,4,4,2,3,3	b-D-GlcpN	68%	103.8	57.0	75.0	71.2	75.7	62.6
1,3,4,2,4,3,3,3,4,2,4,4,2,3,3,2	Ac	88%	175.6	23.4
