Linkage	Residue	Trust	C1	C2	C3	C4	C5	C6
	b-D-Glcp	47%	103.3	81.0	75.7	77.0	76.5	61.3
4	b-D-Glcp	70%	103.4	74.0	76.5	70.4	76.9	61.8
2	b-D-GalpA	48%	105.3	76.5	74.4	71.2	75.7	174.8
2,2	a-D-Glcp	52%	98.1	72.9	74.1	78.9	70.7	63.5
2,2,6	S	
2,2,4	b-D-Glcp	44%	102.0	74.4	76.3	70.7	76.2	65.1
2,2,4,6	S	
2,2,4,2	b-D-ManpA	15%	101.5	70.9	73.0	74.5	77.0	175.4
2,2,4,2,2	a-D-GlcpA	62%	101.1	73.0	73.7	72.5	73.2	175.8
2,2,4,2,4	a-D-Galp	52%	99.8	68.9	76.5	66.8	71.2	61.3
2,2,4,2,4,3	a-D-GalpA	62%	96.8	69.6	69.9	78.4	71.5	172.5
2,2,4,2,4,3,4	a-D-GlcpA	73%	100.4	72.6	74.0	72.5	73.2	174.3
