Linkage	Residue	Trust	C1	C2	C3	C4	C5	C6	C7	C8	C9
	Me	76%	56.2
1	a-L-Fucp	61%	100.8	67.8	78.5	81.2	68.8	16.9
1,4	a-L-Fucp	67%	100.4	69.3	70.8	72.9	67.5	16.3
1,3	b-D-GlcpN	63%	103.9	55.8	79.6	70.9	77.0	62.1
1,3,2	Ac	88%	175.6	23.4
1,3,3	a-D-GlcpN	58%	99.6	54.7	70.1	79.4	71.4	60.4
1,3,3,2	Ac	83%	175.3	23.3
1,3,3,4	b-D-GlcpA	59%	103.6	81.6	77.1	72.5	75.8	175.9
1,3,3,4,2	b-D-Glcp	55%	103.7	74.6	84.8	70.1	77.3	65.3
1,3,3,4,2,6	S	
1,3,3,4,2,3	b-D-ManpA	49%	97.8	89.3	72.8	69.5	78.7	177.8
1,3,3,4,2,3,2	a-D-Glcp	60%	105.5	73.2	80.8	68.7	72.7	61.2
1,3,3,4,2,3,2,3	a-L-Fucp	55%	99.6	68.4	74.2	72.8	67.2	16.1
1,3,3,4,2,3,2,3,3	b-Neup	49%	175.1	96.9	37.1	72.9	50.8	70.7	69.8	73.1	64.1
1,3,3,4,2,3,2,3,3,5	Ac	83%	176.3	23.6
1,3,3,4,2,3,2,3,3,4	a-D-GlcpA	60%	95.7	72.6	73.7	72.5	73.2	175.8
