Linkage	Residue	Trust	H1	H2	H3	H4	H5	H6	H7	H8	H9
	Me	97%	3.42
1	a-L-Fucp	24%	4.82	3.88	3.94	3.91	4.49	1.31
1,4	a-L-Fucp	81%	5.19	3.81	3.87	3.85	4.30	1.21
1,3	b-D-GlcpN	58%	4.68	3.58	3.74	3.69	3.46	3.76-3.94
1,3,2	Ac	98%	-	2.03
1,3,3	a-D-GlcpN	57%	5.40	3.86	3.77	3.64	3.71	3.76-3.81
1,3,3,2	Ac	98%	-	2.05
1,3,3,4	b-D-GlcpA	57%	4.62	3.65	3.60	3.68	3.92	-
1,3,3,4,2	b-D-Glcp	31%	4.98	3.36	3.75	3.66	3.46	4.08-4.15
1,3,3,4,2,6	S	
1,3,3,4,2,3	b-D-ManpA	57%	4.84	4.22	4.75	3.74	3.75	-
1,3,3,4,2,3,2	a-D-Glcp	37%	5.03	3.58	3.78	3.54	3.92	3.78-3.83
1,3,3,4,2,3,2,3	a-L-Fucp	34%	5.39	3.88	3.94	3.87	4.76	1.20
1,3,3,4,2,3,2,3,3	b-Neup	52%	-	-	1.82-2.27	4.01	4.02	4.25	3.58	3.86	3.64-3.87
1,3,3,4,2,3,2,3,3,5	Ac	95%	-	2.05
1,3,3,4,2,3,2,3,3,4	a-D-GlcpA	47%	5.06	3.55	3.78	3.61	4.20	-
