Linkage	Residue	Trust	C1	C2	C3	C4	C5	C6	C7	C8	C9
	a-D-Galp	83%	93.1	69.9	69.2	78.6	71.3	61.4
4	a-D-Galp	68%	100.2	69.7	69.1	78.6	71.3	61.5
4,4	a-D-GlcpA	44%	100.5	74.2	77.1	78.1	73.1	171.6
4,4,4	a-D-Galp	71%	99.7	69.1	70.4	70.3	72.0	62.2
4,4,2	a-D-Xylp	52%	99.9	78.9	72.8	70.8	61.8
4,4,2,2	b-D-Galp	51%	103.5	72.9	78.6	70.5	75.7	65.3
4,4,2,2,6	S	
4,4,2,2,3	a-D-Manp	57%	102.9	71.0	73.6	78.1	76.1	61.7
4,4,2,2,3,4	b-D-Manp	45%	103.2	79.6	73.5	76.9	77.0	62.1
4,4,2,2,3,4,4	a-D-Glcp	77%	101.2	73.0	74.1	70.7	73.9	61.9
4,4,2,2,3,4,2	b-D-GalpA	17%	103.7	71.2	73.6	77.4	75.7	174.5
4,4,2,2,3,4,2,3	b-D-ManpA	53%	102.5	71.3	73.6	69.5	76.6	176.5
4,4,2,2,3,4,2,4	a-D-Galp	53%	99.5	74.0	69.4	70.4	71.8	66.0
4,4,2,2,3,4,2,4,6	S	
4,4,2,2,3,4,2,4,2	a-D-Galp	60%	108.2	75.2	77.4	70.3	71.9	62.1
4,4,2,2,3,4,2,4,2,2	a-D-Galp	88%	96.6	69.3	70.4	70.5	72.1	62.0
4,4,2,2,3,4,2,4,2,3	b-D-Galp	63%	105.4	70.6	78.4	78.8	75.7	62.2
4,4,2,2,3,4,2,4,2,3,4	a-L-Fucp	68%	99.8	68.6	71.0	73.1	68.8	16.3
4,4,2,2,3,4,2,4,2,3,3	a-D-Galp	60%	96.8	68.6	74.3	70.2	71.8	62.1
4,4,2,2,3,4,2,4,2,3,3,3	b-Neup	54%	175.1	96.9	41.1	69.2	53.3	70.7	69.8	73.3	64.2
4,4,2,2,3,4,2,4,2,3,3,3,5	Ac	83%	176.3	23.6
