Linkage	Residue	Trust	H1	H2	H3	H4	H5	H6	H7	H8	H9
	a-D-Galp	64%	5.28	3.81	3.92	4.03	4.01	3.79-3.86
4	a-D-Galp	65%	5.01	3.84	3.85	3.99	4.01	3.84
4,4	a-D-GlcpA	52%	5.02	3.75	3.75	3.78	4.27	-
4,4,4	a-D-Galp	59%	5.39	3.86	3.89	3.95	3.94	3.70
4,4,2	a-D-Xylp	38%	5.10	3.61	3.83	3.64	3.58-3.71
4,4,2,2	b-D-Galp	37%	4.53	3.60	3.80	3.98	3.67	4.01
4,4,2,2,6	S	
4,4,2,2,3	a-D-Manp	58%	5.05	3.89	3.99	3.84	3.90	3.75-3.88
4,4,2,2,3,4	b-D-Manp	39%	4.80	4.53	3.72	3.82	3.54	3.74-3.85
4,4,2,2,3,4,4	a-D-Glcp	91%	5.28	3.55	3.67	3.40	3.72	3.75-3.85
4,4,2,2,3,4,2	b-D-GalpA	9%	4.55	3.60	3.78	4.30	4.18	-
4,4,2,2,3,4,2,3	b-D-ManpA	50%	4.90	3.99	3.66	3.74	3.67	-
4,4,2,2,3,4,2,4	a-D-Galp	41%	5.02	3.90	4.02	4.05	4.28	4-4.04
4,4,2,2,3,4,2,4,6	S	
4,4,2,2,3,4,2,4,2	a-D-Galp	58%	5.30	3.90	4.22	4.28	3.91	3.76
4,4,2,2,3,4,2,4,2,2	a-D-Galp	84%	5.23	3.85	3.91	3.98	4.18	3.75-3.74
4,4,2,2,3,4,2,4,2,3	b-D-Galp	37%	4.69	3.76	3.76	4.05	3.73	3.75
4,4,2,2,3,4,2,4,2,3,4	a-L-Fucp	63%	5.12	3.66	3.87	3.79	4.35	1.19
4,4,2,2,3,4,2,4,2,3,3	a-D-Galp	48%	5.16	3.89	3.96	4.11	4.24	3.73-3.75
4,4,2,2,3,4,2,4,2,3,3,3	b-Neup	55%	-	-	1.82-2.27	3.66	3.82	4.23	3.58	3.87	3.64-3.87
4,4,2,2,3,4,2,4,2,3,3,3,5	Ac	95%	-	2.05
