Linkage	Residue	Trust	H1	H2	H3	H4	H5	H6
	Me	97%	3.56
1	b-D-Galp	44%	4.86	3.64	3.87	4.07	3.67	3.77-3.78
1,2	b-D-Galp	59%	5.14	3.38	3.66	4.12	3.97	3.56
1,2,3	a-D-Fucp	86%	5.14	3.94	4.06	4.02	4.34	1.20
1,2,3,3	b-D-GlcpN	34%	4.69	3.60	3.66	3.66	3.44	3.77-3.91
1,2,3,3,2	Ac	98%	-	2.03
1,2,3,3,2	b-D-Galp	45%	4.54	3.60	4.21	4.34	3.76	3.73-3.75
1,2,3,3,2,3	S	
1,2,3,3,2,4	b-D-Glcp	56%	4.38	4.36	3.78	3.65	3.50	4.08-4.15
1,2,3,3,2,4,6	S	
1,2,3,3,2,4,2	b-D-Galp	40%	4.53	3.62	3.76	4.28	3.61	3.85-3.94
1,2,3,3,2,4,2,2	a-D-Galp	81%	5.38	3.94	4.06	4.26	4.37	3.75
1,2,3,3,2,4,2,2,3	b-D-GlcpA	83%	4.69	3.44	3.77	3.77	3.76	-
1,2,3,3,2,4,2,2,3,4	a-D-ManpA	37%	5.27	3.91	3.96	3.74	3.92	-
1,2,3,3,2,4,2,2,3,4,2	a-D-Glcp	44%	5.02	3.49	3.74	3.44	3.89	3.77-3.85
