Linkage	Residue	Trust	C1	C2	C3	C4	C5	C6
	a-D-Glcp	61%	100.8	72.1	80.8	71.9	73.7	62.2
3	a-D-Glcp	49%	101.6	73.0	72.7	79.1	71.2	61.4
3,4	b-D-Manp	61%	101.9	71.4	82.3	67.0	77.3	61.5
3,4,3	a-D-Xylp	13%	98.5	71.4	72.9	73.2	61.4
3,4,3,3	a-D-GalpA	66%	101.7	69.2	70.0	71.3	72.6	175.9
3,4,3,4	a-D-Xylp	3%	98.5	72.0	72.9	73.2	61.4
3,4,3,4,4	b-D-Glcp	72%	104.9	74.3	76.4	70.5	76.9	62.3
3,4,3,4,3	a-D-Fucp	28%	100.5	72.2	74.2	69.5	68.3	16.4
3,4,3,4,3,2	a-D-GalpA	73%	95.8	69.2	70.6	71.3	72.6	175.9
3,4,3,4,3,3	a-D-GlcpA	46%	97.7	76.9	71.1	77.9	73.1	175.4
3,4,3,4,3,3,2	a-D-Xylp	51%	96.6	72.6	74.2	73.7	61.2
3,4,3,4,3,3,4	b-D-GalpA	46%	4.9	4.0	78.6	70.5	75.7	174.6
3,4,3,4,3,3,4,3	a-D-Manp	67%	103.0	70.5	71.4	67.7	74.1	61.9
