Linkage	Residue	Trust	C1	C2	C3	C4	C5	C6	C7	C8	C9
	Me	87%	58.0
1	b-D-Galp	64%	97.9	84.6	73.4	78.2	76.7	61.5
1,2	b-D-Galp	68%	107.0	72.3	73.8	69.5	75.2	59.5
1,4	a-D-GlcpN	57%	99.9	55.3	74.0	71.0	73.3	61.4
1,4,2	Ac	83%	175.3	23.3
1,4,3	b-Neup	33%	175.5	96.9	40.2	67.4	54.2	70.7	69.8	73.1	64.1
1,4,3,5	Ac	83%	176.3	23.6
1,4,3,4	b-D-ManpA	13%	101.5	70.9	73.0	74.5	77.0	174.8
1,4,3,4,4	b-D-Glcp	75%	103.0	74.4	76.4	70.5	76.9	61.9
1,4,3,4,2	a-D-Glcp	56%	99.9	73.1	72.0	76.3	71.5	65.1
1,4,3,4,2,6	S	
1,4,3,4,2,4	b-D-Galp	55%	103.6	79.0	74.0	70.4	75.3	65.3
1,4,3,4,2,4,6	S	
1,4,3,4,2,4,2	b-D-Galp	52%	107.0	72.3	75.3	63.3	75.2	65.3
1,4,3,4,2,4,2,6	S	
1,4,3,4,2,4,2,3	b-D-ManpA	9%	101.5	70.9	73.0	74.5	77.0	175.6
1,4,3,4,2,4,2,3,3	b-D-Manp	70%	98.4	72.1	74.0	68.0	77.5	62.1
1,4,3,4,2,4,2,3,4	a-L-Fucp	53%	99.1	78.4	69.4	72.9	68.2	16.5
1,4,3,4,2,4,2,3,4,2	b-D-GalpA	37%	106.0	71.2	73.6	71.2	75.7	174.8
1,4,3,4,2,4,2,3,4,2,2	b-D-ManpA	36%	101.5	77.4	74.6	69.5	77.0	176.5
1,4,3,4,2,4,2,3,4,2,2,2	a-D-ManpA	60%	101.8	71.2	71.3	69.5	73.2	175.8
