Linkage	Residue	Trust	C1	C2	C3	C4	C5	C6	C7	C8	C9
	Me	0%	58.1
1	b-Neup	50%	175.5	96.9	41.1	69.2	53.3	70.7	69.8	73.3	64.2
1,5	Ac	83%	176.3	23.6
1,2	a-D-Glcp	39%	99.2	71.0	81.3	70.7	72.4	65.1
1,2,6	S	
1,2,3	a-D-GlcpN	56%	99.2	50.8	73.4	73.9	76.8	64.5
1,2,3,2	Ac	83%	175.3	23.3
1,2,3,4	a-D-Galp	63%	99.8	69.3	80.5	70.1	76.6	65.6
1,2,3,4,6	S	
1,2,3,4,3	b-D-GalpA	13%	103.7	71.2	73.6	71.6	75.7	172.5
1,2,3,4,3,4	b-L-Fucp	66%	105.0	72.4	73.7	72.4	71.9	16.1
1,2,3,4,3,2	a-D-ManpA	22%	98.9	77.6	76.5	73.3	73.1	175.0
1,2,3,4,3,2,3	b-D-Xylp	70%	101.7	73.9	76.9	70.8	66.2
1,2,3,4,3,2,2	a-D-Glcp	63%	96.2	76.3	71.8	69.6	71.2	64.6
1,2,3,4,3,2,2,6	S	
1,2,3,4,3,2,2,2	a-D-Glcp	60%	99.4	71.8	73.4	76.3	71.8	65.1
1,2,3,4,3,2,2,2,6	S	
1,2,3,4,3,2,2,2,4	b-D-Galp	63%	103.0	66.2	80.3	68.7	71.1	60.4
1,2,3,4,3,2,2,2,4,6	S	
1,2,3,4,3,2,2,2,4,3	a-D-Manp	48%	102.3	70.2	74.1	73.3	66.5	61.3
1,2,3,4,3,2,2,2,4,3,3	b-L-Fucp	27%	98.2	71.6	74.9	72.5	71.7	16.6
1,2,3,4,3,2,2,2,4,3,3,3	a-Neup	63%	173.8	99.8	39.4	70.0	53.3	74.4	69.8	73.3	64.2
1,2,3,4,3,2,2,2,4,3,3,3,5	Ac	83%	54.9	25.1
