Linkage	Residue	Trust	C1	C2	C3	C4	C5	C6	C7	C8	C9
	Me	84%	58.1
1	b-D-GalpA	55%	103.7	78.3	81.2	68.1	76.2	173.4
1,3	b-D-GalpA	66%	105.1	73.4	73.6	71.3	76.0	180.3
1,2	b-D-GlcpN	58%	102.7	57.1	75.3	79.4	77.2	62.2
1,2,2	Ac	88%	175.6	23.4
1,2,4	b-D-GalpA	58%	104.4	70.3	81.2	68.1	75.7	174.6
1,2,4,3	b-D-Fucp	55%	104.2	72.3	83.3	73.0	71.7	16.7
1,2,4,3,3	b-D-Galp	42%	106.5	71.7	73.7	69.8	75.7	61.9
1,2,4,3,3,2	a-D-ManpA	43%	101.5	70.9	70.2	73.3	72.6	176.0
1,2,4,3,3,2,4	b-D-Galp	34%	104.5	71.8	76.2	69.6	75.8	65.4
1,2,4,3,3,2,4,6	S	
1,2,4,3,3,2,4,3	b-Neup	50%	175.1	96.9	40.2	67.4	52.5	70.7	69.0	72.9	63.7
1,2,4,3,3,2,4,3,5	Ac	83%	176.3	23.6
1,2,4,3,3,2,4,3,4	b-D-Galp	50%	104.2	71.3	78.4	74.8	75.3	61.9
1,2,4,3,3,2,4,3,4,3	S	
1,2,4,3,3,2,4,3,4,4	b-D-Glcp	41%	103.0	80.0	75.4	70.6	78.8	65.1
1,2,4,3,3,2,4,3,4,4,6	S	
1,2,4,3,3,2,4,3,4,4,2	a-D-GlcpN	62%	97.0	55.1	76.3	69.8	74.2	62.6
1,2,4,3,3,2,4,3,4,4,2,2	Ac	83%	175.3	23.3
1,2,4,3,3,2,4,3,4,4,2,3	b-D-GlcpN	72%	102.3	56.8	73.9	77.9	76.4	62.1
1,2,4,3,3,2,4,3,4,4,2,3,2	Ac	88%	175.6	23.4
1,2,4,3,3,2,4,3,4,4,2,3,4	a-D-Glcp	45%	104.9	72.8	71.2	79.6	74.0	61.9
1,2,4,3,3,2,4,3,4,4,2,3,4,4	b-D-ManpA	66%	101.1	71.8	74.6	69.5	77.5	178.1
1,2,4,3,3,2,4,3,4,4,2,3,4,2	b-D-Glcp	54%	103.1	82.5	74.1	68.8	73.5	63.7
1,2,4,3,3,2,4,3,4,4,2,3,4,2,6	S	
1,2,4,3,3,2,4,3,4,4,2,3,4,2,2	b-D-Glcp	58%	103.8	74.7	82.9	69.8	76.2	65.0
1,2,4,3,3,2,4,3,4,4,2,3,4,2,2,6	S	
1,2,4,3,3,2,4,3,4,4,2,3,4,2,2,3	a-L-Fucp	63%	99.6	69.0	71.0	73.1	68.8	17.1
