Linkage	Residue	Trust	H1	H2	H3	H4	H5	H6	H7	H8	H9
	Me	97%	3.42
1	a-D-Fucp	67%	4.82	3.86	4.01	3.90	4.40	1.36
1,4	a-D-Fucp	23%	5.12	3.89	3.91	3.91	4.33	1.35
1,4,4	b-D-GlcpN	39%	4.71	3.85	3.57	3.49	3.43	3.54-3.74
1,4,4,2	Ac	98%	-	2.03
1,4,4,4	b-D-GlcpN	26%	4.69	3.60	3.66	3.41	3.42	4.06-4.13
1,4,4,4,2	Ac	98%	-	2.03
1,4,4,4,6	S	
1,4,4,4,2	b-D-Galp	33%	4.54	3.60	3.76	3.94	3.67	3.75-3.78
1,4,4,4,2,3	a-L-Fucp	25%	5.10	3.89	4.04	3.83	4.24	1.12
1,4,4,4,2,3,2	a-D-Fucp	31%	5.01	3.88	3.99	3.87	4.52	1.21
1,4,4,4,2,3,2,3	a-D-GlcpN	40%	5.20	3.78	3.83	3.66	3.90	3.75-3.82
1,4,4,4,2,3,2,3,2	Ac	98%	-	2.05
1,4,4,4,2,3,2,3,2	a-D-Glcp	21%	5.19	3.58	3.81	3.44	3.96	4.08-4.16
1,4,4,4,2,3,2,3,2,6	S	
1,4,4,4,2,3,2,3,2,3	a-Neup	34%	-	-	1.76-2.73	3.73	3.86	3.74	3.58	3.86	3.64-3.87
1,4,4,4,2,3,2,3,2,3,5	Ac	99%	-	2.03
1,4,4,4,2,3,2,3,2,3,4	b-D-Galp	37%	4.54	3.60	3.83	4.16	3.69	4.01
1,4,4,4,2,3,2,3,2,3,4,6	S	
1,4,4,4,2,3,2,3,2,3,4,3	b-D-GalpA	59%	4.78	3.63	3.16	4.34	3.85	-
1,4,4,4,2,3,2,3,2,3,4,3,4	b-D-GlcpN	74%	4.53	3.69	3.54	3.56	3.59	3.76-3.92
1,4,4,4,2,3,2,3,2,3,4,3,4,2	Ac	98%	-	2.03
