Lineage	Residue	Trust	C1	C2	C3	C4	C5	C6
	b-D-GlcpA	94%	97.2	74.9	75.1	81.3	76.0	174.5
4	b-D-GlcpA	47%	103.1	80.7	75.1	80.9	78.3	175.1
4,2	a-D-GlcpA	92%	99.3	72.1	73.7	72.5	72.3	173.9
4,4	b-D-GlcpN	89%	102.0	55.7	83.6	69.7	76.9	62.0
4,4,2	Ac	99%	175.6	23.5
4,4,3	b-D-Xylp	55%	103.0	78.6	75.7	69.7	66.3
4,4,3,2	a-D-Glcp	89%	98.9	81.1	73.3	70.9	73.2	62.0
4,4,3,2,2	b-D-Galp	68%	104.4	77.5	78.8	70.3	76.4	61.9
4,4,3,2,2,3	S		
4,4,3,2,2,2	b-D-Galp	82%	104.9	71.2	83.9	69.5	75.2	65.6
4,4,3,2,2,2,6	S		
4,4,3,2,2,2,3	b-D-Xylp	66%	104.9	81.5	76.5	70.3	66.1
4,4,3,2,2,2,3,2	b-D-GlcpN	50%	102.2	56.4	73.7	79.6	76.1	65.1
4,4,3,2,2,2,3,2,2	Ac	99%	175.6	23.5
4,4,3,2,2,2,3,2,6	S		87.8
4,4,3,2,2,2,3,2,4	b-D-Galp	81%	104.1	71.6	73.2	77.8	74.2	64.3
4,4,3,2,2,2,3,2,4,6	S		
4,4,3,2,2,2,3,2,4,4	a-D-GlcpN	56%	99.8	64.3	71.6	71.0	73.2	65.5
4,4,3,2,2,2,3,2,4,4,2	Ac	98%	175.3	23.2
4,4,3,2,2,2,3,2,4,4,6	S		175.4
4,4,3,2,2,2,3,2,4,4,2	b-D-ManpA	56%	102.7	71.3	74.5	78.2	76.6	176.9
4,4,3,2,2,2,3,2,4,4,2,4	a-D-Fucp	92%	100.5	69.2	70.5	73.0	68.0	16.6
