Linkage	Residue	Trust	H1	H2	H3	H4	H5	H6
	b-D-GlcpA	81%	4.67	3.32	3.63	3.73	3.96	-
4	b-D-GlcpA	65%	4.66	3.44	3.68	3.77	3.77	-
4,2	a-D-GlcpA	51%	5.53	3.54	3.77	3.61	4.20	-
4,4	b-D-GlcpN	71%	4.56	3.80	3.84	3.56	3.51	3.77-3.92
4,4,2	Ac	98%	-	2.03
4,4,3	b-D-Xylp	65%	4.69	3.45	3.57	3.85	3.38-4.15
4,4,3,2	a-D-Glcp	34%	5.18	3.59	4.05	3.70	3.99	3.79-3.85
4,4,3,2,2	b-D-Galp	44%	4.87	3.62	4.31	4.06	3.64	3.79-3.82
4,4,3,2,2,3	S	
4,4,3,2,2,2	b-D-Galp	40%	5.14	3.60	3.83	4.26	3.78	4.01
4,4,3,2,2,2,6	S	
4,4,3,2,2,2,3	b-D-Xylp	48%	4.73	3.63	3.48	3.63	3.29-3.99
4,4,3,2,2,2,3,2	b-D-GlcpN	63%	4.76	3.80	3.75	3.76	3.68	4.11-4.18
4,4,3,2,2,2,3,2,2	Ac	98%	-	2.03
4,4,3,2,2,2,3,2,6	S	
4,4,3,2,2,2,3,2,4	b-D-Galp	93%	4.52	3.63	3.90	4.20	3.84	3.98-4.04
4,4,3,2,2,2,3,2,4,6	S	
4,4,3,2,2,2,3,2,4,4	a-D-GlcpN	25%	5.20	3.78	3.83	3.61	4.20	4.06
4,4,3,2,2,2,3,2,4,4,2	Ac	98%	-	2.05
4,4,3,2,2,2,3,2,4,4,6	S	
4,4,3,2,2,2,3,2,4,4,2	b-D-ManpA	7%	4.61	3.99	3.83	3.83	3.88	-
4,4,3,2,2,2,3,2,4,4,2,4	a-D-Fucp	48%	5.40	3.74	3.87	3.79	4.30	1.22
