Lineage	Residue	Trust	C1	C2	C3	C4	C5	C6	C7	C8
	b-D-GlcpA	100%	97.3	75.1	75.1	81.3	76.0	174.4
4	b-D-GlcpA	38%	103.9	76.5	73.1	78.1	75.7	174.4
4,2	a-D-GlcpA	100%	99.2	72.0	73.6	72.5	72.2	173.5
4,4	b-D-GlcpNAc	100%	102.1	55.8	83.8	69.8	77.0	62.1	175.6	23.5
4,4,3	b-D-Xylp	50%	104.6	78.7	75.6	70.3	66.3
4,4,3,2	a-D-Glcp	100%	98.2	81.6	73.0	70.9	73.0	62.0
4,4,3,2,2	b-D-Galp	50%	104.0	77.5	79.0	69.7	76.3	62.2
4,4,3,2,2,3	S	50%
4,4,3,2,2,2	b-D-Galp	88%	104.6	70.9	84.0	69.6	75.2	65.8
4,4,3,2,2,2,6	S	50%
4,4,3,2,2,2,3	b-D-Xylp	25%	103.7	81.5	76.9	70.3	66.3
4,4,3,2,2,2,3,2	b-D-GlcpNAc	0%	103.2	57.0	74.1	76.8	75.4	64.6	175.6	23.5
4,4,3,2,2,2,3,2,6	S	50%
4,4,3,2,2,2,3,2,4	b-D-Galp	75%	103.7	71.8	73.6	78.3	75.4	65.1
4,4,3,2,2,2,3,2,4,6	S	50%
4,4,3,2,2,2,3,2,4,4	a-D-GlcpNAc	25%	98.3	64.3	70.8	70.8	72.0	64.6	175.4	23.2
4,4,3,2,2,2,3,2,4,4,6	S	50%
4,4,3,2,2,2,3,2,4,4,2	b-D-ManpA	63%	102.7	71.3	74.5	78.2	76.4	177.2
4,4,3,2,2,2,3,2,4,4,2,4	a-D-Fucp	100%	101.0	69.2	70.4	73.0	67.9	16.7
