Linkage	Residue	Trust	C1	C2	C3	C4	C5	C6
	a-D-GalpA	70%	93.8	70.4	71.0	81.9	71.5	175.7
4	b-D-Galp	58%	104.7	71.5	83.4	69.6	75.3	64.3
4,6	S	
4,3	b-D-GalpA	49%	105.9	74.3	82.7	68.1	75.7	174.7
4,3,3	b-D-Xylp	60%	105.1	74.0	76.9	70.8	66.2
4,3,2	b-D-Galp	44%	104.8	72.3	77.8	78.6	75.8	61.5
4,3,2,6	S	
4,3,2,4	b-D-GlcpN	47%	102.5	56.4	74.1	71.0	78.0	62.3
4,3,2,4,2	Ac	88%	175.6	23.4
4,3,2,4,2	a-D-GlcpA	33%	99.7	74.5	76.7	77.4	73.1	175.6
4,3,2,4,2,3	b-D-GlcpA	57%	105.5	75.9	76.9	73.4	77.6	176.3
4,3,2,4,2,4	b-D-Glcp	71%	104.1	71.7	85.8	69.2	73.7	60.8
4,3,2,4,2,4,3	b-D-GlcpN	55%	102.4	56.4	72.8	77.6	76.3	61.6
4,3,2,4,2,4,3,2	Ac	88%	175.6	23.4
4,3,2,4,2,4,3,4	a-D-Xylp	55%	100.7	72.6	76.8	70.2	61.2
