Linkage	Residue	Trust	H1	H2	H3	H4	H5	H6
	Me	97%	3.42
1	a-L-Fucp	23%	4.82	3.88	3.94	3.91	3.98	1.03
1,3	a-L-Fucp	44%	5.05	3.86	3.87	3.79	4.24	1.19
1,4	a-D-Glcp	41%	5.03	3.58	3.95	3.61	3.88	4.06-4.14
1,4,6	S	
1,4,3	a-D-ManpA	44%	5.25	4	3.84	3.74	4.21	-
1,4,3,2	b-D-Galp	41%	4.53	3.62	3.72	3.88	3.83	4-4.02
1,4,3,2,6	S	
1,4,3,2,2	b-D-GlcpN	65%	4.87	3.74	3.75	3.73	3.39	3.65-3.95
1,4,3,2,2,2	Ac	98%	-	2.03
1,4,3,2,2,6	S	
1,4,3,2,2,4	a-D-Galp	60%	5.67	3.94	4.03	3.97	3.88	4-4.04
1,4,3,2,2,4,6	S	
1,4,3,2,2,4,2	a-D-GlcpA	56%	5.05	3.69	4.06	3.78	4.08	-
1,4,3,2,2,4,2,4	b-D-GlcpN	61%	4.57	3.75	3.71	3.63	3.56	3.74-3.93
1,4,3,2,2,4,2,4,2	Ac	98%	-	2.03
1,4,3,2,2,4,2,4,3	b-D-Galp	88%	4.41	3.52	3.64	3.91	3.62	3.77-3.81
