Linkage	Residue	Trust	C1	C2	C3	C4	C5	C6	C7	C8	C9
	Me	77%	55.6
1	a-D-ManpA	46%	101.3	70.5	71.5	73.3	72.9	175.9
1,4	a-D-ManpA	42%	101.7	74.6	78.9	73.3	73.1	175.9
1,4,3	b-D-GlcpA	31%	104.8	74.3	76.1	73.0	76.7	176.3
1,4,3,3	b-Neup	33%	175.5	96.9	40.2	67.4	54.2	70.7	69.8	73.1	64.1
1,4,3,3,5	Ac	83%	176.3	23.6
1,4,3,3,4	b-D-Galp	42%	104.2	71.4	77.8	76.1	75.0	61.5
1,4,3,3,4,4	b-D-GlcpN	62%	102.2	56.8	72.9	77.6	74.9	64.8
1,4,3,3,4,4,2	Ac	88%	175.6	23.4
1,4,3,3,4,4,6	S	
1,4,3,3,4,4,4	a-D-Galp	60%	104.9	75.2	73.7	68.6	73.0	62.8
1,4,3,3,4,4,4,3	S	
1,4,3,3,4,4,4,2	b-D-Fucp	19%	98.2	72.7	73.7	82.1	71.7	16.4
1,4,3,3,4,4,4,2,4	b-D-Galp	69%	104.8	72.6	73.8	69.5	76.0	61.9
1,4,3,3,4,4,4,2,2	a-D-GlcpA	53%	98.4	72.6	73.6	81.3	73.0	175.9
1,4,3,3,4,4,4,2,2,4	b-D-ManpA	64%	101.1	71.5	73.6	69.5	76.6	176.5
