Linkage	Residue	Trust	H1	H2	H3	H4	H5	H6	H7	H8	H9
	Me	98%	3.57
1	b-D-GalpA	29%	4.44	3.77	4.01	4.22	4.14	-
1,2	b-D-GalpA	46%	4.72	3.60	3.74	4.45	4.43	-
1,2,4	b-D-Galp	64%	5.06	3.90	3.95	3.84	3.77	4
1,2,4,6	S	
1,2,4,2	b-D-Glcp	48%	4.70	3.54	3.62	3.57	3.64	3.80-3.90
1,2,4,2,6	S	
1,2,4,2,4	a-D-GlcpN	24%	5.27	3.77	3.86	3.60	3.76	4.08-4.17
1,2,4,2,4,2	Ac	98%	-	2.05
1,2,4,2,4,6	S	
1,2,4,2,4,3	b-Neup	34%	-	-	1.82-2.27	4.15	3.82	4.25	3.58	3.86	3.64-3.87
1,2,4,2,4,3,5	Ac	95%	-	2.05
1,2,4,2,4,3,4	a-L-Fucp	28%	5.10	3.89	3.91	3.98	4.41	1.27
1,2,4,2,4,3,4,4	b-D-Glcp	88%	4.58	3.38	3.51	3.39	3.43	3.64-3.87
1,2,4,2,4,3,4,2	a-D-Fucp	38%	5.01	3.87	4.04	3.94	4.19	1.25
1,2,4,2,4,3,4,2,4	b-D-Galp	52%	5.06	3.90	4.31	3.78	3.73	3.77-3.81
1,2,4,2,4,3,4,2,4,3	S	
1,2,4,2,4,3,4,2,4,2	b-D-GlcpA	81%	4.72	3.55	3.91	3.79	3.68	-
