Linkage	Residue	Trust	C1	C2	C3	C4	C5	C6	C7	C8	C9
	Me	84%	58.1
1	b-L-Fucp	64%	102.2	80.3	78.1	72.4	72.3	16.1
1,2	b-L-Fucp	32%	103.0	72.8	74.9	72.5	71.7	16.6
1,2,3	a-Neup	45%	177.2	101.1	39.3	69.8	53.1	74.1	69.8	73.1	64.1
1,2,3,5	Ac	83%	54.9	25.1
1,2,3,4	b-D-Glcp	45%	103.5	74.2	84.0	68.7	76.9	65.3
1,2,3,4,6	S	
1,2,3,4,3	b-D-GlcpN	64%	101.8	56.0	80.3	72.4	76.7	61.7
1,2,3,4,3,2	Ac	88%	175.6	23.4
1,2,3,4,3,3	a-D-GlcpN	42%	99.0	54.6	71.4	71.5	73.0	61.2
1,2,3,4,3,3,2	Ac	83%	175.3	23.3
1,2,3,4,3,3,2	b-D-Glcp	41%	103.5	80.4	87.1	70.1	77.5	62.9
1,2,3,4,3,3,2,3	b-D-Xylp	67%	104.8	75.0	78.1	70.4	67.1
1,2,3,4,3,3,2,2	b-D-Glcp	68%	103.4	79.0	76.4	71.3	76.7	61.8
1,2,3,4,3,3,2,2,2	a-L-Fucp	69%	99.9	77.3	70.6	73.3	67.9	16.2
1,2,3,4,3,3,2,2,2,2	a-D-Fucp	69%	103.5	71.9	69.0	73.1	68.8	16.5
