Lineage	Residue	Trust	C1	C2	C3	C4	C5	C6	C7	C8	C9
	Me	92%	58.2
1	b-L-Fucp	63%	102.4	80.0	77.3	72.5	72.2	16.1
1,2	b-L-Fucp	37%	103.0	72.8	80.0	72.4	71.8	16.6
1,2,3	a-Neup	60%	175.5	101.5	40.0	78.5	51.8	73.4	69.5	73.0	63.9
1,2,3,5	Ac	57%	90.7	24.6
1,2,3,4	b-D-Glcp	63%	103.8	73.7	85.6	68.5	76.3	65.3
1,2,3,4,6	S		
1,2,3,4,3	b-D-GlcpN	87%	102.7	55.8	80.5	72.0	76.9	62.0
1,2,3,4,3,2	Ac	99%	175.6	23.5
1,2,3,4,3,3	a-D-GlcpN	61%	99.2	64.3	70.8	71.5	73.1	61.3
1,2,3,4,3,3,2	Ac	98%	175.3	23.2
1,2,3,4,3,3,2	b-D-Glcp	88%	103.3	81.1	86.5	69.5	77.2	62.2
1,2,3,4,3,3,2,3	b-D-Xylp	89%	104.4	74.2	77.2	70.4	66.5
1,2,3,4,3,3,2,2	b-D-Glcp	88%	102.9	80.7	77.4	71.1	77.0	62.0
1,2,3,4,3,3,2,2,2	a-L-Fucp	91%	100.1	77.7	69.8	73.1	67.8	16.4
1,2,3,4,3,3,2,2,2,2	a-D-Fucp	90%	102.1	69.8	70.1	73.0	68.0	16.6
