Linkage	Residue	Trust	H1	H2	H3	H4	H5	H6	H7	H8	H9
	Me	98%	3.57
1	b-L-Fucp	55%	4.84	4.18	4.65	3.69	3.85	1.24
1,2	b-L-Fucp	16%	4.65	3.54	3.69	3.73	3.82	1.20
1,2,3	a-Neup	34%	-	-	1.76-2.73	3.73	3.86	3.74	3.58	3.86	3.64-3.87
1,2,3,5	Ac	99%	-	2.03
1,2,3,4	b-D-Glcp	40%	4.61	3.36	3.67	3.58	3.49	4.08-4.15
1,2,3,4,6	S	
1,2,3,4,3	b-D-GlcpN	70%	4.88	3.75	3.68	3.59	3.45	3.75-3.91
1,2,3,4,3,2	Ac	98%	-	2.03
1,2,3,4,3,3	a-D-GlcpN	35%	5.20	3.78	3.83	3.38	3.63	3.81
1,2,3,4,3,3,2	Ac	98%	-	2.05
1,2,3,4,3,3,2	b-D-Glcp	40%	4.62	3.37	4.09	3.75	3.80	4.01-4.46
1,2,3,4,3,3,2,3	b-D-Xylp	81%	5.15	3.91	4.04	4.07	3.62-4.18
1,2,3,4,3,3,2,2	b-D-Glcp	52%	4.62	3.37	3.68	3.40	3.43	3.60-3.89
1,2,3,4,3,3,2,2,2	a-L-Fucp	38%	5.10	3.89	4.04	3.78	4.30	1.22
1,2,3,4,3,3,2,2,2,2	a-D-Fucp	64%	5.01	3.87	4.23	3.79	4.30	1.22
