Lineage	Residue	Trust	C1	C2	C3	C4	C5	C6	C7	C8	C9	C10	C11
	Me	100%	58.3
1	b-L-Fucp	38%	102.8	78.6	74.0	72.5	71.9	16.7
1,2	b-L-Fucp	13%	104.2	70.4	80.0	71.5	71.9	16.7
1,2,3	a-Neup5Ac	63%	174.1	101.6	40.3	78.5	51.4	73.4	69.2	72.6	63.6	175.9	23.5
1,2,3,4	b-D-Glcp	63%	103.8	73.4	86.1	68.4	76.0	65.2
1,2,3,4,6	S	50%
1,2,3,4,3	b-D-GlcpNAc	100%	102.9	55.8	80.5	71.9	77.0	62.1	175.6	23.5
1,2,3,4,3,3	a-D-GlcpNAc	50%	99.3	64.3	70.8	71.4	73.3	61.9	175.4	23.2
1,2,3,4,3,3,2	b-D-Glcp	100%	103.3	81.2	86.5	69.4	77.2	62.1
1,2,3,4,3,3,2,3	b-D-Xylp	100%	104.3	74.0	76.9	70.3	66.3
1,2,3,4,3,3,2,2	b-D-Glcp	100%	102.8	81.0	77.7	71.0	77.1	62.2
1,2,3,4,3,3,2,2,2	a-L-Fucp	100%	100.2	77.7	69.5	73.0	67.8	16.5
1,2,3,4,3,3,2,2,2,2	a-D-Fucp	100%	101.6	69.2	70.4	73.0	67.9	16.7
