Linkage	Residue	Trust	C1	C2	C3	C4	C5	C6
	Me	84%	58.1
1	b-D-Fucp	47%	103.2	73.8	74.8	82.1	71.6	16.8
1,4	b-D-Fucp	66%	105.0	72.4	73.7	72.4	71.9	16.1
1,2	a-D-GlcpN	34%	100.2	54.7	72.8	77.5	72.7	60.8
1,2,2	Ac	83%	175.3	23.3
1,2,6	S	
1,2,4	a-D-GalpA	33%	99.2	69.2	71.5	68.4	72.1	174.1
1,2,4,3	a-D-GalpA	67%	97.0	68.9	70.1	71.3	72.1	180.3
1,2,4,2	b-D-GlcpN	59%	103.8	56.7	81.7	72.5	77.1	62.7
1,2,4,2,2	Ac	88%	175.6	23.4
1,2,4,2,3	a-D-ManpA	47%	102.1	71.3	70.5	73.3	71.4	174.7
1,2,4,2,3,4	b-D-GlcpA	59%	98.4	73.5	76.9	73.4	77.6	176.3
