Linkage	Residue	Trust	C1	C2	C3	C4	C5	C6	C7	C8	C9
	Me	83%	58.4
1	b-D-GlcpN	73%	101.5	55.8	82.8	70.2	76.3	62.1
1,2	Ac	88%	175.6	23.4
1,3	b-D-GlcpN	73%	102.2	56.7	74.2	79.4	75.6	61.4
1,3,2	Ac	88%	175.6	23.4
1,3,4	b-D-Galp	61%	104.2	71.8	73.1	78.1	76.4	61.2
1,3,4,3	S	
1,3,4,4	a-D-Galp	56%	101.2	70.0	74.5	75.5	71.5	61.8
1,3,4,4,3	S	
1,3,4,4,4	b-D-GlcpN	53%	102.2	56.8	72.9	77.6	76.1	64.8
1,3,4,4,4,2	Ac	88%	175.6	23.4
1,3,4,4,4,6	S	
1,3,4,4,4,4	a-D-Galp	49%	101.2	68.2	74.5	75.5	73.0	62.0
1,3,4,4,4,4,3	S	
1,3,4,4,4,4,4	b-D-GlcpN	59%	102.2	55.9	83.1	69.1	76.6	65.7
1,3,4,4,4,4,4,2	Ac	88%	175.6	23.4
1,3,4,4,4,4,4,6	S	
1,3,4,4,4,4,4,3	b-D-Xylp	4%	103.7	74.3	76.2	70.6	65.5
1,3,4,4,4,4,4,3,3	b-D-Fucp	66%	102.8	72.5	73.7	72.4	71.9	16.1
1,3,4,4,4,4,4,3,2	b-D-Glcp	53%	104.3	74.6	86.1	70.2	75.7	65.3
1,3,4,4,4,4,4,3,2,6	S	
1,3,4,4,4,4,4,3,2,3	b-D-Fucp	49%	102.9	69.5	74.1	68.2	71.7	15.7
1,3,4,4,4,4,4,3,2,3,3	a-D-Glcp	17%	99.3	72.7	74.4	70.6	72.4	62.2
1,3,4,4,4,4,4,3,2,3,3,2	b-L-Fucp	65%	102.8	71.3	73.7	71.8	71.9	15.9
1,3,4,4,4,4,4,3,2,3,3,3	a-Neup	48%	174.7	101.9	37.7	69.8	53.1	74.1	69.8	73.1	64.1
1,3,4,4,4,4,4,3,2,3,3,3,5	Ac	83%	54.9	25.1
1,3,4,4,4,4,4,3,2,3,3,3,4	b-D-Galp	40%	104.2	77.5	78.6	71.5	75.5	61.8
1,3,4,4,4,4,4,3,2,3,3,3,4,3	S	
1,3,4,4,4,4,4,3,2,3,3,3,4,2	b-D-Galp	43%	107.0	72.3	76.1	68.0	75.2	65.3
1,3,4,4,4,4,4,3,2,3,3,3,4,2,6	S	
1,3,4,4,4,4,4,3,2,3,3,3,4,2,3	a-D-Fucp	61%	101.3	70.0	78.4	69.8	67.9	16.4
1,3,4,4,4,4,4,3,2,3,3,3,4,2,3,3	a-D-Galp	67%	102.1	68.8	71.2	70.0	70.1	60.7
