Linkage	Residue	Trust	H1	H2	H3	H4	H5	H6	H7	H8	H9
	Me	95%	3.49
1	b-D-GlcpN	74%	4.48	3.77	3.79	3.51	3.45	3.75-3.93
1,2	Ac	98%	-	2.03
1,3	b-D-GlcpN	73%	4.59	3.67	3.75	3.75	3.62	3.82-3.98
1,3,2	Ac	98%	-	2.03
1,3,4	b-D-Galp	65%	4.56	3.60	3.77	4.06	3.80	3.78-3.83
1,3,4,3	S	
1,3,4,4	a-D-Galp	46%	4.86	3.72	3.97	4.27	3.91	3.79-3.85
1,3,4,4,3	S	
1,3,4,4,4	b-D-GlcpN	61%	4.90	3.75	3.75	3.73	3.39	3.65-3.95
1,3,4,4,4,2	Ac	98%	-	2.03
1,3,4,4,4,6	S	
1,3,4,4,4,4	a-D-Galp	47%	5.44	3.83	3.97	4.27	3.91	3.75-3.81
1,3,4,4,4,4,3	S	
1,3,4,4,4,4,4	b-D-GlcpN	49%	4.79	3.81	3.83	3.71	3.34	4.09-4.16
1,3,4,4,4,4,4,2	Ac	98%	-	2.03
1,3,4,4,4,4,4,6	S	
1,3,4,4,4,4,4,3	b-D-Xylp	7%	4.50	3.32	3.49	3.61	3.38-4.15
1,3,4,4,4,4,4,3,3	b-D-Fucp	72%	4.68	3.52	3.63	3.77	3.91	1.25
1,3,4,4,4,4,4,3,2	b-D-Glcp	56%	4.80	4.08	3.71	3.48	3.68	4.08-4.15
1,3,4,4,4,4,4,3,2,6	S	
1,3,4,4,4,4,4,3,2,3	b-D-Fucp	52%	4.62	3.66	3.65	4.08	3.82	1.14
1,3,4,4,4,4,4,3,2,3,3	a-D-Glcp	18%	5.18	3.59	3.81	3.50	3.97	3.73-3.88
1,3,4,4,4,4,4,3,2,3,3,2	b-L-Fucp	66%	4.46	3.50	3.62	3.82	3.91	1.22
1,3,4,4,4,4,4,3,2,3,3,3	a-Neup	34%	-	-	1.76-2.73	3.73	3.86	3.74	3.58	3.86	3.64-3.87
1,3,4,4,4,4,4,3,2,3,3,3,5	Ac	99%	-	2.03
1,3,4,4,4,4,4,3,2,3,3,3,4	b-D-Galp	42%	4.53	3.62	4.31	4.06	3.69	3.74-3.82
1,3,4,4,4,4,4,3,2,3,3,3,4,3	S	
1,3,4,4,4,4,4,3,2,3,3,3,4,2	b-D-Galp	40%	5.14	3.38	3.74	4.06	3.78	4.01
1,3,4,4,4,4,4,3,2,3,3,3,4,2,6	S	
1,3,4,4,4,4,4,3,2,3,3,3,4,2,3	a-D-Fucp	51%	5.09	4.06	3.95	3.78	4.34	1.20
1,3,4,4,4,4,4,3,2,3,3,3,4,2,3,3	a-D-Galp	81%	5.04	3.83	3.90	3.94	3.99	3.76-3.78
