Linkage	Residue	Trust	C1	C2	C3	C4	C5	C6	C7	C8	C9
	Me	0%	58.1
1	b-Neup	57%	174.5	102.1	40.9	78.0	51.4	70.7	69.8	71.9	64.6
1,5	Ac	83%	176.3	23.6
1,4	b-D-GlcpN	23%	102.2	56.4	74.1	70.7	76.0	64.0
1,4,2	Ac	88%	175.6	23.4
1,4,6	S	
1,4,2	b-D-Glcp	41%	103.5	73.2	81.3	69.6	77.0	62.0
1,4,2,3	a-Neup	43%	174.7	101.9	37.7	69.8	53.2	74.1	69.8	73.1	64.1
1,4,2,3,5	Ac	83%	54.9	25.1
1,4,2,3,4	a-Neup	42%	175.3	102.0	38.5	75.6	50.8	74.1	69.8	73.1	64.1
1,4,2,3,4,5	Ac	83%	54.9	25.1
1,4,2,3,4,4	a-D-Xylp	23%	98.5	72.0	72.9	68.9	61.4
1,4,2,3,4,4,3	b-D-Xylp	57%	103.1	74.2	75.6	77.3	64.1
1,4,2,3,4,4,3,4	b-D-Fucp	69%	102.7	71.8	73.7	72.4	71.9	16.1
