Linkage	Residue	Trust	H1	H2	H3	H4	H5	H6	H7	H8	H9
	Me	97%	3.42
1	a-D-Fucp	31%	5.10	3.89	3.91	3.90	4.47	1.33
1,4	a-D-Fucp	81%	5.19	3.81	3.87	3.85	4.30	1.21
1,2	b-D-GlcpN	22%	4.69	3.60	3.66	3.57	3.55	4.06-4.13
1,2,2	Ac	98%	-	2.03
1,2,6	S	
1,2,2	b-D-GlcpN	29%	4.70	3.58	3.69	3.60	3.54	4.09-4.16
1,2,2,2	Ac	98%	-	2.03
1,2,2,6	S	
1,2,2,3	a-D-Xylp	0%	5.10	3.55	3.70	3.66	3.67-3.76
1,2,2,3,3	a-D-GlcpN	51%	5.07	3.97	3.98	3.78	4.07	3.82-3.92
1,2,2,3,3,2	Ac	98%	-	2.05
1,2,2,3,3,4	b-D-Galp	53%	4.71	3.67	3.77	3.93	3.68	3.75-3.79
1,2,2,3,3,4,3	S	
1,2,2,3,3,4,2	a-D-GlcpN	31%	5.20	3.78	3.83	3.43	3.98	3.75-3.89
1,2,2,3,3,4,2,2	Ac	98%	-	2.05
1,2,2,3,3,4,2,2	b-D-GlcpN	31%	4.70	3.58	3.90	3.62	3.69	4.09-4.16
1,2,2,3,3,4,2,2,2	Ac	98%	-	2.03
1,2,2,3,3,4,2,2,6	S	
1,2,2,3,3,4,2,2,3	b-D-Glcp	71%	4.61	3.44	3.68	4.36	3.49	3.68-3.86
1,2,2,3,3,4,2,2,3,3	a-D-Glcp	55%	5.53	3.72	3.88	3.47	3.83	3.76-3.86
1,2,2,3,3,4,2,2,3,3,2	a-D-GalpA	54%	5.21	3.87	4.06	4.39	4.50	-
1,2,2,3,3,4,2,2,3,3,2,4	a-D-ManpA	9%	4.94	4.05	3.80	3.76	4.38	-
1,2,2,3,3,4,2,2,3,3,2,4,4	b-D-Xylp	61%	4.42	3.30	3.43	3.63	3.34-3.94
1,2,2,3,3,4,2,2,3,3,2,4,3	b-Neup	34%	-	-	1.82-2.27	4.15	3.82	4.25	3.58	3.86	3.64-3.87
1,2,2,3,3,4,2,2,3,3,2,4,3,5	Ac	95%	-	2.05
1,2,2,3,3,4,2,2,3,3,2,4,3,4	b-D-Glcp	44%	4.61	3.36	3.51	3.38	3.45	3.74-3.89
