Linkage	Residue	Trust	H1	H2	H3	H4	H5	H6	H7	H8	H9
	Me	97%	3.42
1	a-D-GalpA	71%	5	3.92	4.12	4.52	4.66	-
1,4	a-D-GalpA	18%	4.83	4.02	4.04	4.41	4.54	-
1,4,3	b-D-Galp	79%	4.72	3.64	3.65	3.92	3.69	3.77-3.87
1,4,4	b-L-Fucp	25%	4.65	3.54	3.62	3.70	3.82	1.17
1,4,4,3	a-D-GalpA	30%	5.20	3.90	4.42	4.28	4.52	-
1,4,4,3,3	a-Neup	34%	-	-	1.76-2.73	3.73	3.86	3.74	3.58	3.86	3.64-3.87
1,4,4,3,3,5	Ac	99%	-	2.03
1,4,4,3,3,4	b-L-Fucp	14%	4.65	3.54	3.69	3.73	3.82	1.24
1,4,4,3,3,4,3	b-Neup	34%	-	-	1.82-2.27	4.15	3.82	4.25	3.58	3.86	3.64-3.87
1,4,4,3,3,4,3,5	Ac	95%	-	2.05
1,4,4,3,3,4,3,4	b-D-Glcp	43%	4.61	3.36	3.64	3.71	3.68	4.11-4.18
1,4,4,3,3,4,3,4,6	S	
1,4,4,3,3,4,3,4,4	b-D-Galp	58%	4.62	3.62	4.31	4.06	3.72	3.75-3.78
1,4,4,3,3,4,3,4,4,3	S	
1,4,4,3,3,4,3,4,4,2	b-D-Galp	36%	4.53	3.62	3.93	4.20	3.97	3.56
1,4,4,3,3,4,3,4,4,2,3	a-D-GlcpA	66%	5.07	3.65	3.69	3.58	4.20	-
1,4,4,3,3,4,3,4,4,2,2	a-D-Galp	58%	5.23	4.05	4.43	4.42	4.01	3.72-3.83
1,4,4,3,3,4,3,4,4,2,2,3	S	
1,4,4,3,3,4,3,4,4,2,2,4	b-D-Galp	68%	4.63	3.58	3.89	4.20	3.84	3.94-4.03
1,4,4,3,3,4,3,4,4,2,2,4,6	S	
1,4,4,3,3,4,3,4,4,2,2,4,4	a-D-GlcpN	61%	4.88	4.10	3.62	3.62	4.20	4.06
1,4,4,3,3,4,3,4,4,2,2,4,4,2	Ac	98%	-	2.05
1,4,4,3,3,4,3,4,4,2,2,4,4,6	S	
1,4,4,3,3,4,3,4,4,2,2,4,4,3	b-D-Xylp	60%	4.48	3.24	3.56	3.69	3.40-4.12
1,4,4,3,3,4,3,4,4,2,2,4,4,3,4	a-L-Fucp	79%	5.06	3.91	3.92	3.79	4.59	1.21
