Linkage	Residue	Trust	C1	C2	C3	C4	C5	C6	C7	C8	C9
	a-D-GlcpA	49%	98.6	72.7	71.1	80.2	71.1	173.5
2	a-D-GlcpA	85%	97.1	72.6	74.1	73.2	73.6	175.8
4	b-D-Xylp	28%	104.6	74.6	76.2	72.9	65.5
4,4	a-D-GalpA	17%	99.6	68.8	71.5	70.4	72.1	176.2
4,4,3	b-Neup	35%	175.1	96.9	40.2	67.4	54.2	70.7	69.8	73.1	64.1
4,4,3,5	Ac	83%	176.3	23.6
4,4,3,4	b-Neup	47%	174.5	96.9	37.1	72.9	50.8	70.7	69.8	73.1	64.1
4,4,3,4,5	Ac	83%	176.3	23.6
4,4,3,4,4	a-D-Galp	51%	95.7	77.9	70.1	70.2	71.8	66.0
4,4,3,4,4,6	S	
4,4,3,4,4,2	b-D-Fucp	53%	106.0	72.5	74.8	82.1	71.6	17.2
4,4,3,4,4,2,4	b-D-Glcp	58%	103.6	76.5	77.6	69.3	77.3	61.9
4,4,3,4,4,2,4,3	b-D-Manp	51%	101.7	76.8	72.8	68.3	76.5	62.0
4,4,3,4,4,2,4,3,2	a-D-ManpA	54%	100.5	80.4	70.9	73.3	73.2	175.8
4,4,3,4,4,2,4,3,2,2	a-D-GlcpN	75%	94.6	54.3	72.1	71.0	73.2	61.7
4,4,3,4,4,2,4,3,2,2,2	Ac	83%	175.3	23.3
