Linkage	Residue	Trust	C1	C2	C3	C4	C5	C6
	Me	0%	58.1
1	b-D-Xylp	73%	101.9	73.9	74.8	77.3	63.9
1,4	b-D-Xylp	54%	102.8	73.7	75.8	72.9	65.2
1,4,4	b-D-GlcpN	46%	102.2	56.0	81.4	72.5	76.1	65.7
1,4,4,2	Ac	88%	175.6	23.4
1,4,4,6	S	
1,4,4,3	a-D-Manp	43%	101.6	73.9	70.5	77.5	73.0	62.0
1,4,4,3,4	b-D-ManpA	61%	101.1	71.9	74.3	69.5	76.6	176.5
1,4,4,3,2	a-D-GlcpN	54%	96.1	54.4	71.4	81.7	72.1	64.6
1,4,4,3,2,2	Ac	83%	175.3	23.3
1,4,4,3,2,6	S	
1,4,4,3,2,4	b-D-ManpA	41%	101.1	71.3	73.0	73.3	77.2	174.2
1,4,4,3,2,4,3	a-D-GlcpN	34%	100.5	54.6	71.4	71.0	72.8	64.0
1,4,4,3,2,4,3,2	Ac	83%	175.3	23.3
1,4,4,3,2,4,3,2	b-D-Xylp	8%	103.7	74.3	76.2	72.9	65.5
1,4,4,3,2,4,3,2,4	a-D-GalpA	60%	101.2	69.1	70.0	71.3	72.6	175.9
