Linkage	Residue	Trust	C1	C2	C3	C4	C5	C6
	Me	84%	58.1
1	b-D-GlcpA	64%	104.0	73.7	75.3	81.6	76.2	176.0
1,4	b-D-Galp	62%	103.4	76.5	72.8	70.6	75.4	65.3
1,4,6	S	
1,4,2	a-D-Galp	57%	94.4	78.5	74.5	68.3	70.8	61.6
1,4,2,3	S	
1,4,2,2	a-D-Glcp	52%	97.0	72.5	73.8	72.4	73.3	64.9
1,4,2,2,6	S	
1,4,2,2,4	b-L-Fucp	45%	103.7	71.7	74.9	69.7	71.7	16.6
1,4,2,2,4,3	b-D-GlcpA	41%	104.7	80.0	75.9	71.4	76.7	173.1
1,4,2,2,4,3,2	a-D-GlcpN	62%	100.5	53.4	81.2	69.3	72.7	61.6
1,4,2,2,4,3,2,2	Ac	83%	175.3	23.3
1,4,2,2,4,3,2,3	b-D-Fucp	65%	104.4	71.1	83.3	73.0	71.7	16.5
1,4,2,2,4,3,2,3,3	b-D-Glcp	61%	105.2	81.2	75.7	70.6	76.2	61.9
1,4,2,2,4,3,2,3,3,2	a-D-GalpA	62%	98.4	69.8	71.0	81.9	71.5	175.3
1,4,2,2,4,3,2,3,3,2,4	b-D-Galp	65%	103.3	73.0	76.8	68.3	75.3	61.9
1,4,2,2,4,3,2,3,3,2,4,3	S	
1,4,2,2,4,3,2,3,3,2,4,2	a-D-Glcp	37%	97.9	72.6	98.5	64.1	72.4	62.8
1,4,2,2,4,3,2,3,3,2,4,2,3	a-D-GalpA	70%	98.5	70.0	70.4	71.3	72.6	175.9
1,4,2,2,4,3,2,3,3,2,4,2,4	a-D-Galp	65%	97.2	74.0	71.2	70.6	69.9	66.0
1,4,2,2,4,3,2,3,3,2,4,2,4,6	S	
1,4,2,2,4,3,2,3,3,2,4,2,4,2	a-D-Xylp	16%	98.5	72.5	72.9	73.7	61.4
1,4,2,2,4,3,2,3,3,2,4,2,4,2,3	a-D-GalpA	50%	101.2	68.0	79.8	70.6	72.2	175.5
1,4,2,2,4,3,2,3,3,2,4,2,4,2,3,3	b-D-GalpA	73%	104.7	71.8	72.6	78.9	74.6	175.4
1,4,2,2,4,3,2,3,3,2,4,2,4,2,3,3,4	a-D-Galp	47%	101.4	69.0	76.1	70.6	72.2	62.4
1,4,2,2,4,3,2,3,3,2,4,2,4,2,3,3,4,3	a-D-GlcpA	84%	101.5	68.1	69.8	70.6	72.2	175.3
