Linkage	Residue	Trust	C1	C2	C3	C4	C5	C6	C7	C8	C9
	Me	84%	58.1
1	b-D-GalpA	49%	103.7	73.8	81.2	68.1	76.2	174.7
1,3	b-D-GalpA	66%	105.1	73.4	73.6	71.3	76.0	180.3
1,2	a-D-GlcpN	49%	100.5	53.4	82.0	69.3	72.7	65.4
1,2,2	Ac	83%	175.3	23.3
1,2,6	S	
1,2,3	b-D-Fucp	62%	105.0	71.9	73.4	77.9	71.7	16.4
1,2,3,4	a-D-GlcpN	54%	99.4	54.6	78.4	72.0	72.8	61.3
1,2,3,4,2	Ac	83%	175.3	23.3
1,2,3,4,3	a-D-Manp	13%	101.4	74.0	74.5	67.5	73.9	61.5
1,2,3,4,3,2	a-D-Xylp	52%	101.3	73.0	77.4	71.0	61.2
1,2,3,4,3,3	a-Neup	31%	175.3	102.0	40.7	69.8	53.1	74.1	69.8	73.1	64.1
1,2,3,4,3,3,5	Ac	83%	54.9	25.1
1,2,3,4,3,3,4	b-D-Manp	41%	101.1	72.2	73.3	78.2	76.7	62.2
1,2,3,4,3,3,4,4	b-D-GalpA	49%	104.4	70.4	73.6	77.4	75.7	174.9
1,2,3,4,3,3,4,4,3	b-D-GalpA	66%	105.1	73.4	73.6	71.3	76.0	180.3
1,2,3,4,3,3,4,4,4	a-D-GalpA	55%	100.5	72.7	68.2	71.4	71.7	175.8
1,2,3,4,3,3,4,4,4,2	a-D-GlcpA	42%	97.1	72.6	73.5	72.5	73.1	175.9
1,2,3,4,3,3,4,4,4,2,3	b-D-Manp	66%	101.7	72.0	74.0	68.0	77.5	62.9
