Linkage	Residue	Trust	C1	C2	C3	C4	C5	C6	C7	C8	C9
	Me	87%	58.0
1	b-D-Galp	63%	103.8	73.0	83.7	70.2	76.3	61.6
1,3	b-D-Galp	52%	105.5	71.6	73.1	78.1	75.9	60.9
1,3,2	a-D-Manp	75%	101.2	71.4	71.4	67.7	72.6	62.1
1,3,4	a-D-Glcp	57%	102.0	81.8	73.6	71.2	72.2	64.9
1,3,4,6	S	
1,3,4,2	b-D-GlcpN	65%	102.0	56.8	73.0	80.5	75.3	60.8
1,3,4,2,2	Ac	88%	175.6	23.4
1,3,4,2,4	b-D-GlcpN	60%	102.2	56.4	74.8	71.7	77.2	62.0
1,3,4,2,4,2	Ac	88%	175.6	23.4
1,3,4,2,4,2	b-D-Galp	35%	104.2	71.6	76.4	78.3	75.5	61.7
1,3,4,2,4,2,3	S	
1,3,4,2,4,2,4	a-D-Galp	47%	101.3	69.6	72.8	69.1	71.0	65.7
1,3,4,2,4,2,4,6	S	
1,3,4,2,4,2,4,3	a-Neup	63%	173.8	99.8	39.4	70.0	53.3	74.4	69.8	73.3	64.2
1,3,4,2,4,2,4,3,5	Ac	83%	54.9	25.1
