Linkage	Residue	Trust	C1	C2	C3	C4	C5	C6	C7	C8	C9
	b-D-Manp	77%	95.0	71.9	72.5	78.3	76.0	62.3
4	b-D-Manp	38%	101.4	69.2	75.4	78.4	77.0	62.0
4,3	b-D-GalpA	67%	104.9	72.7	73.6	71.1	76.0	174.8
4,4	a-D-ManpA	56%	100.4	73.9	72.5	79.5	72.9	175.9
4,4,4	b-D-ManpA	44%	101.1	69.3	79.1	69.5	77.0	175.8
4,4,4,3	b-D-Galp	20%	104.2	71.6	76.3	69.6	75.8	62.3
4,4,4,3,3	a-L-Fucp	65%	104.1	71.1	71.0	73.1	68.8	16.5
4,4,4,3,2	b-D-GalpA	57%	101.1	72.3	81.2	68.1	76.2	174.6
4,4,4,3,2,3	b-D-GalpA	51%	104.4	77.4	73.1	71.3	75.7	180.3
4,4,4,3,2,3,2	a-D-Galp	61%	99.4	68.2	70.7	79.7	71.5	59.8
4,4,4,3,2,3,2,6	S	
4,4,4,3,2,3,2,4	b-D-GalpA	45%	102.7	70.4	75.8	71.1	76.0	175.8
4,4,4,3,2,3,2,4,3	a-Neup	63%	174.0	100.9	38.5	75.6	50.8	73.9	69.6	73.1	64.0
4,4,4,3,2,3,2,4,3,5	Ac	83%	54.9	25.1
4,4,4,3,2,3,2,4,3,4	a-D-Galp	68%	96.3	69.5	70.4	70.3	72.0	62.1
