Linkage	Residue	Trust	C1	C2	C3	C4	C5	C6	C7	C8	C9
	b-D-Xylp	74%	105.3	74.8	85.1	68.9	66.9
3	b-D-Xylp	30%	105.5	75.4	76.2	71.3	67.2
3,3	a-Neup	30%	174.7	102.0	40.7	69.8	53.2	74.1	69.8	73.1	64.1
3,3,5	Ac	83%	54.9	25.1
3,3,4	b-Neup	42%	173.6	96.9	37.5	72.7	54.2	70.7	69.8	73.1	64.1
3,3,4,5	Ac	83%	176.3	23.6
3,3,4,4	a-D-GlcpN	26%	96.2	54.6	71.4	70.6	72.7	65.5
3,3,4,4,2	Ac	83%	175.3	23.3
3,3,4,4,6	S	
3,3,4,4,2	b-D-Galp	28%	104.2	71.6	76.3	70.4	75.8	65.3
3,3,4,4,2,6	S	
3,3,4,4,2,3	a-L-Fucp	52%	98.7	69.0	71.4	76.8	67.9	16.5
3,3,4,4,2,3,3	a-D-GlcpN	57%	99.3	55.2	72.6	73.9	73.3	60.4
3,3,4,4,2,3,3,2	Ac	83%	175.3	23.3
3,3,4,4,2,3,3,4	a-D-Glcp	62%	99.5	72.8	73.5	76.3	71.5	65.1
3,3,4,4,2,3,3,4,6	S	
3,3,4,4,2,3,3,4,4	b-D-Galp	49%	104.0	72.1	76.3	69.7	75.2	65.3
3,3,4,4,2,3,3,4,4,6	S	
3,3,4,4,2,3,3,4,4,3	b-L-Fucp	55%	105.0	72.2	83.4	73.0	71.7	16.8
3,3,4,4,2,3,3,4,4,3,3	b-L-Fucp	66%	104.8	73.4	73.7	72.4	71.9	16.1
