Linkage	Residue	Trust	H1	H2	H3	H4	H5	H6	H7	H8	H9
	b-D-Xylp	81%	4.30	3.52	3.62	3.76	3.24-4.11
3	b-D-Xylp	24%	4.67	3.31	3.49	3.61	3.30-3.96
3,3	a-Neup	34%	-	-	1.76-2.73	3.73	3.86	3.74	3.58	3.86	3.64-3.87
3,3,5	Ac	99%	-	2.03
3,3,4	b-Neup	41%	-	-	1.82-2.27	4.03	3.82	4.25	3.58	3.86	3.64-3.87
3,3,4,5	Ac	95%	-	2.05
3,3,4,4	a-D-GlcpN	21%	5.20	3.78	3.83	3.57	3.96	4.08-4.15
3,3,4,4,2	Ac	98%	-	2.05
3,3,4,4,6	S	
3,3,4,4,2	b-D-Galp	24%	4.54	3.60	3.76	3.86	3.67	4.01
3,3,4,4,2,6	S	
3,3,4,4,2,3	a-L-Fucp	40%	4.97	3.88	3.69	3.95	4.50	1.19
3,3,4,4,2,3,3	a-D-GlcpN	68%	5.22	3.96	5.22	4.01	3.97	3.88
3,3,4,4,2,3,3,2	Ac	98%	-	2.05
3,3,4,4,2,3,3,4	a-D-Glcp	51%	5.24	3.51	3.80	3.80	3.92	4.11-4.18
3,3,4,4,2,3,3,4,6	S	
3,3,4,4,2,3,3,4,4	b-D-Galp	22%	4.47	3.60	3.76	4.01	3.79	4.01
3,3,4,4,2,3,3,4,4,6	S	
3,3,4,4,2,3,3,4,4,3	b-L-Fucp	45%	4.89	3.94	3.82	4.02	3.82	1.24
3,3,4,4,2,3,3,4,4,3,3	b-L-Fucp	61%	4.66	3.64	3.62	3.77	3.91	1.25
