Linkage	Residue	Trust	C1	C2	C3	C4	C5	C6
	Me	84%	58.1
1	b-D-GalpA	58%	104.3	80.3	72.2	71.2	75.9	174.8
1,2	b-D-GalpA	50%	101.1	72.3	81.2	68.1	75.7	174.6
1,2,3	b-D-Fucp	25%	101.7	69.7	74.9	72.5	71.7	16.4
1,2,3,3	a-D-Glcp	70%	101.1	73.3	74.1	70.5	73.1	61.6
1,2,3,4	a-D-Glcp	62%	100.8	82.2	74.5	70.7	72.3	64.9
1,2,3,4,6	S	
1,2,3,4,2	b-D-Galp	54%	104.9	75.0	73.7	81.4	74.4	63.3
1,2,3,4,2,6	S	
1,2,3,4,2,4	b-D-Galp	73%	103.6	73.0	76.8	68.3	76.1	62.2
1,2,3,4,2,4,3	S	
1,2,3,4,2,4,2	a-D-Glcp	69%	94.4	75.4	73.7	70.4	72.6	62.1
1,2,3,4,2,4,2,2	a-D-Galp	63%	99.7	76.0	78.7	66.3	72.1	62.1
1,2,3,4,2,4,2,2,2	a-D-GalpA	82%	95.6	69.1	70.9	71.5	72.6	173.8
1,2,3,4,2,4,2,2,3	a-D-Manp	41%	100.0	76.6	71.3	79.0	74.1	62.3
1,2,3,4,2,4,2,2,3,4	b-D-Fucp	67%	102.2	70.9	73.3	72.4	71.9	16.1
1,2,3,4,2,4,2,2,3,2	a-L-Fucp	56%	103.9	69.3	72.6	75.7	69.8	18.8
1,2,3,4,2,4,2,2,3,2,2	b-L-Fucp	63%	102.8	71.3	73.7	72.4	71.9	16.9
