Linkage	Residue	Trust	H1	H2	H3	H4	H5	H6
	Me	98%	3.57
1	b-D-GalpA	29%	4.44	3.77	4.01	4.22	4.14	-
1,2	b-D-GalpA	39%	4.69	3.60	3.56	4.34	4.18	-
1,2,3	b-D-Fucp	25%	4.48	3.62	3.69	3.79	3.82	1.14
1,2,3,3	a-D-Glcp	56%	5.15	3.65	3.74	3.44	3.89	3.77-3.85
1,2,3,4	a-D-Glcp	55%	5.11	3.45	4.05	3.70	3.56	4.06-4.15
1,2,3,4,6	S	
1,2,3,4,2	b-D-Galp	54%	4.72	3.66	3.72	4.23	3.74	3.72-3.79
1,2,3,4,2,6	S	
1,2,3,4,2,4	b-D-Galp	65%	4.69	3.62	4.24	4.23	3.68	3.76-3.79
1,2,3,4,2,4,3	S	
1,2,3,4,2,4,2	a-D-Glcp	66%	5.55	3.73	3.88	3.50	3.98	3.75-3.89
1,2,3,4,2,4,2,2	a-D-Galp	60%	5.08	4.27	4.02	4.09	4.14	3.77-3.87
1,2,3,4,2,4,2,2,2	a-D-GalpA	85%	5.05	3.84	3.88	4.38	4.54	-
1,2,3,4,2,4,2,2,3	a-D-Manp	6%	5.16	4.13	3.91	3.71	3.70	3.71-3.83
1,2,3,4,2,4,2,2,3,4	b-D-Fucp	43%	4.61	3.69	3.70	3.77	3.91	1.25
1,2,3,4,2,4,2,2,3,2	a-L-Fucp	38%	5.10	3.89	3.91	3.82	4.21	1.23
1,2,3,4,2,4,2,2,3,2,2	b-L-Fucp	36%	4.65	3.54	3.62	3.77	3.91	1.26
