Linkage	Residue	Trust	C1	C2	C3	C4	C5	C6	C7	C8	C9
	Me	84%	58.1
1	b-D-GalpA	71%	104.4	70.3	81.2	68.1	76.2	174.7
1,3	b-D-GalpA	37%	105.9	74.3	73.6	70.5	76.0	174.5
1,3,2	b-D-Galp	64%	104.9	72.3	73.8	69.5	76.0	61.5
1,3,3	b-D-Manp	39%	101.9	71.0	75.6	67.6	76.6	62.2
1,3,3,3	a-Neup	35%	173.2	102.0	40.7	69.8	53.1	74.1	69.8	73.1	64.1
1,3,3,3,5	Ac	83%	54.9	25.1
1,3,3,3,4	b-D-Glcp	41%	103.5	82.5	75.5	68.8	76.5	64.0
1,3,3,3,4,6	S	
1,3,3,3,4,2	b-D-Glcp	54%	103.8	74.7	84.8	70.1	76.2	65.0
1,3,3,3,4,2,6	S	
1,3,3,3,4,2,3	b-D-Manp	54%	101.7	80.0	72.8	68.3	76.5	62.0
1,3,3,3,4,2,3,2	b-D-ManpA	18%	101.5	70.9	73.0	69.5	76.2	174.4
1,3,3,3,4,2,3,2,2	b-D-Galp	66%	105.2	72.8	73.8	69.5	76.0	61.9
1,3,3,3,4,2,3,2,3	b-D-Glcp	59%	102.6	73.2	84.2	70.6	76.3	61.2
1,3,3,3,4,2,3,2,3,3	a-D-Glcp	65%	99.2	78.2	72.7	70.7	72.2	61.5
1,3,3,3,4,2,3,2,3,3,2	b-D-Galp	72%	105.1	75.0	73.4	78.2	76.8	61.5
1,3,3,3,4,2,3,2,3,3,2,4	a-D-GlcpN	71%	99.1	54.1	70.4	80.4	71.7	64.4
1,3,3,3,4,2,3,2,3,3,2,4,2	Ac	83%	175.3	23.3
1,3,3,3,4,2,3,2,3,3,2,4,6	S	
1,3,3,3,4,2,3,2,3,3,2,4,4	b-D-GlcpN	74%	102.0	55.7	81.9	71.8	77.2	62.2
1,3,3,3,4,2,3,2,3,3,2,4,4,2	Ac	88%	175.6	23.4
1,3,3,3,4,2,3,2,3,3,2,4,4,3	a-D-Xylp	47%	100.3	72.7	73.6	73.7	61.2
