Linkage	Residue	Trust	C1	C2	C3	C4	C5	C6
	Me	77%	55.6
1	a-D-ManpA	49%	101.3	70.2	70.2	73.3	72.6	176.0
1,4	b-D-Galp	47%	103.6	83.1	69.7	71.6	75.8	65.3
1,4,6	S	
1,4,2	b-D-Xylp	38%	107.6	76.8	76.2	72.1	68.4
1,4,2,3	a-D-GlcpN	53%	96.8	55.6	73.4	73.9	68.4	60.9
1,4,2,3,2	Ac	83%	175.3	23.3
1,4,2,3,4	a-D-Glcp	36%	104.9	72.9	74.5	69.1	73.4	61.9
1,4,2,3,4,3	b-D-GlcpA	61%	105.5	74.4	77.0	73.4	77.6	176.3
1,4,2,3,4,2	b-D-Galp	57%	107.4	75.0	73.7	81.4	74.4	61.4
1,4,2,3,4,2,6	S	
1,4,2,3,4,2,4	b-D-Glcp	47%	103.7	75.0	76.0	76.7	76.1	65.4
1,4,2,3,4,2,4,6	S	
1,4,2,3,4,2,4,4	a-D-GlcpN	40%	98.2	54.6	71.4	70.6	73.1	65.5
1,4,2,3,4,2,4,4,2	Ac	83%	175.3	23.3
1,4,2,3,4,2,4,4,6	S	
1,4,2,3,4,2,4,4,2	b-D-Galp	55%	104.2	71.9	73.8	69.5	76.0	61.9
