Linkage	Residue	Trust	H1	H2	H3	H4	H5	H6
	Me	95%	3.40
1	a-D-ManpA	56%	4.65	4.07	3.95	3.94	4.51	-
1,4	b-D-Galp	54%	4.62	3.62	3.95	3.93	3.83	4-4.02
1,4,6	S	
1,4,2	b-D-Xylp	21%	4.61	3.31	3.49	3.61	3.25-3.78
1,4,2,3	a-D-GlcpN	57%	5.07	3.97	5.22	4.01	4	3.84-3.86
1,4,2,3,2	Ac	98%	-	2.05
1,4,2,3,4	a-D-Glcp	32%	4.97	3.59	3.81	3.60	3.60	3.80-3.86
1,4,2,3,4,3	b-D-GlcpA	63%	4.91	3.36	3.51	3.55	3.73	-
1,4,2,3,4,2	b-D-Galp	51%	4.60	3.66	3.88	4.23	3.82	3.72-3.84
1,4,2,3,4,2,6	S	
1,4,2,3,4,2,4	b-D-Glcp	55%	4.79	3.40	3.62	3.60	3.64	3.80-3.90
1,4,2,3,4,2,4,6	S	
1,4,2,3,4,2,4,4	a-D-GlcpN	32%	5.20	3.78	3.83	3.43	3.76	4.08-4.15
1,4,2,3,4,2,4,4,2	Ac	98%	-	2.05
1,4,2,3,4,2,4,4,6	S	
1,4,2,3,4,2,4,4,2	b-D-Galp	45%	4.54	3.61	3.65	3.92	3.68	3.76-3.79
