Linkage	Residue	Trust	H1	H2	H3	H4	H5	H6
	Me	98%	3.57
1	b-D-GalpA	29%	4.44	3.77	4.01	4.22	4.14	-
1,2	b-D-GalpA	9%	4.69	3.60	3.78	4.30	4.18	-
1,2,3	a-D-Fucp	64%	5.23	3.90	4.03	3.79	4.30	1.22
1,2,4	a-D-GlcpN	34%	5.20	3.78	3.83	3.58	4.30	3.79-3.87
1,2,4,2	Ac	98%	-	2.05
1,2,4,2	a-D-Galp	23%	5.22	3.89	3.97	3.71	4.18	3.70-3.72
1,2,4,2,3	S	
1,2,4,2,4	a-D-GlcpN	31%	5.20	3.78	3.83	3.73	4.35	4.08-4.15
1,2,4,2,4,2	Ac	98%	-	2.05
1,2,4,2,4,6	S	
1,2,4,2,4,2	b-D-Galp	40%	4.54	3.60	4.24	4.32	3.81	3.80-3.81
1,2,4,2,4,2,4	b-D-GlcpN	39%	4.69	3.60	3.66	3.54	3.40	3.79-3.93
1,2,4,2,4,2,4,2	Ac	98%	-	2.03
1,2,4,2,4,2,4,2	a-D-Galp	24%	5.22	3.89	3.85	4.03	4.01	3.79-3.86
1,2,4,2,4,2,4,2,4	a-D-Galp	59%	5.03	4	4.07	4.16	4.18	4-4.03
1,2,4,2,4,2,4,2,4,6	S	
1,2,4,2,4,2,4,2,4,3	b-D-GalpA	38%	5.09	3.72	4.01	4.22	4.14	-
1,2,4,2,4,2,4,2,4,3,2	b-D-GlcpA	55%	4.69	3.45	3.69	3.80	3.83	-
1,2,4,2,4,2,4,2,4,3,2,3	a-D-Fucp	14%	5.36	3.88	3.94	3.91	4.30	1.24
1,2,4,2,4,2,4,2,4,3,2,3,3	b-D-Manp	57%	4.90	4.04	3.64	3.57	3.38	3.72-3.77
1,2,4,2,4,2,4,2,4,3,2,3,4	a-D-GlcpN	56%	5.02	3.92	3.94	3.87	3.85	3.63
1,2,4,2,4,2,4,2,4,3,2,3,4,2	Ac	98%	-	2.05
1,2,4,2,4,2,4,2,4,3,2,3,4,6	S	
1,2,4,2,4,2,4,2,4,3,2,3,4,4	a-D-GlcpN	49%	5.13	3.64	5.22	4.01	4	3.77-3.96
1,2,4,2,4,2,4,2,4,3,2,3,4,4,2	Ac	98%	-	2.05
1,2,4,2,4,2,4,2,4,3,2,3,4,4,4	a-D-Galp	40%	5.21	3.90	3.97	3.93	3.74	4-4.04
1,2,4,2,4,2,4,2,4,3,2,3,4,4,4,6	S	
1,2,4,2,4,2,4,2,4,3,2,3,4,4,4,2	b-D-ManpA	84%	4.79	4.10	3.64	3.74	3.78	-
