Linkage	Residue	Trust	C1	C2	C3	C4	C5	C6
	Me	83%	56.0
1	a-D-GlcpN	60%	101.1	55.0	74.4	78.6	76.2	62.7
1,2	Ac	83%	175.3	23.3
1,4	a-D-GlcpN	45%	98.1	54.6	74.0	71.0	76.7	61.8
1,4,2	Ac	83%	175.3	23.3
1,4,2	a-D-Galp	43%	99.1	70.3	70.8	79.8	71.5	62.4
1,4,2,6	S	
1,4,2,4	b-D-Galp	69%	103.1	73.0	76.7	73.2	75.7	61.7
1,4,2,4,3	S	
1,4,2,4,2	a-D-Fucp	50%	100.2	72.3	69.3	72.9	68.9	15.6
1,4,2,4,2,2	a-D-GlcpN	52%	98.8	55.0	81.4	69.4	72.7	65.4
1,4,2,4,2,2,2	Ac	83%	175.3	23.3
1,4,2,4,2,2,6	S	
1,4,2,4,2,2,3	b-D-ManpA	63%	101.5	71.3	72.7	76.7	77.1	174.4
1,4,2,4,2,2,3,4	a-D-GalpA	44%	97.3	74.1	69.7	81.9	72.1	175.3
1,4,2,4,2,2,3,4,2	a-D-Fucp	69%	103.5	68.5	69.9	73.1	68.8	16.5
1,4,2,4,2,2,3,4,4	b-D-Fucp	47%	103.0	81.2	74.1	72.4	71.7	16.5
1,4,2,4,2,2,3,4,4,2	b-D-Galp	22%	104.9	71.6	76.3	77.7	75.8	61.9
1,4,2,4,2,2,3,4,4,2,3	b-D-ManpA	60%	102.5	71.3	73.6	69.5	76.2	176.4
1,4,2,4,2,2,3,4,4,2,4	a-D-Xylp	11%	98.5	72.1	72.9	72.3	61.4
1,4,2,4,2,2,3,4,4,2,4,2	a-D-GlcpN	33%	98.8	54.6	71.4	70.6	72.7	65.5
1,4,2,4,2,2,3,4,4,2,4,2,2	Ac	83%	175.3	23.3
1,4,2,4,2,2,3,4,4,2,4,2,6	S	
1,4,2,4,2,2,3,4,4,2,4,2,2	b-D-Galp	39%	104.2	77.5	78.6	71.5	75.8	61.7
1,4,2,4,2,2,3,4,4,2,4,2,2,3	S	
1,4,2,4,2,2,3,4,4,2,4,2,2,2	b-D-Galp	54%	107.0	72.3	73.7	75.9	75.2	64.8
1,4,2,4,2,2,3,4,4,2,4,2,2,2,6	S	
1,4,2,4,2,2,3,4,4,2,4,2,2,2,4	b-D-ManpA	62%	102.8	71.6	73.6	69.5	75.8	176.5
