Linkage	Residue	Trust	C1	C2	C3	C4	C5	C6
	Me	83%	55.7
1	a-D-Galp	54%	94.9	73.7	69.1	78.9	71.9	62.0
1,2	a-D-Galp	88%	96.6	69.3	70.4	70.5	72.1	62.0
1,4	a-D-Xylp	9%	98.5	70.0	72.9	73.2	61.4
1,4,3	b-D-Glcp	68%	104.0	75.0	76.4	70.5	76.9	61.9
1,4,4	b-D-GlcpN	48%	102.2	55.6	82.1	71.4	76.1	65.7
1,4,4,2	Ac	88%	175.6	23.4
1,4,4,6	S	
1,4,4,3	a-D-Galp	73%	98.4	73.6	70.2	70.0	71.9	61.6
1,4,4,3,2	a-D-Xylp	13%	98.5	72.4	72.9	73.2	61.4
1,4,4,3,2,4	a-D-Glcp	46%	99.2	77.9	72.7	70.5	70.0	64.9
1,4,4,3,2,4,6	S	
1,4,4,3,2,4,2	a-D-GlcpN	83%	94.5	54.4	72.4	71.1	72.4	61.9
1,4,4,3,2,4,2,2	Ac	83%	175.3	23.3
