Linkage	Residue	Trust	C1	C2	C3	C4	C5	C6	C7	C8	C9
	b-D-ManpA	43%	100.5	70.9	80.8	79.5	77.4	175.9
4	b-D-ManpA	67%	101.1	71.3	73.6	69.5	76.6	176.5
3	b-D-Manp	21%	99.5	71.1	75.4	69.8	76.6	62.3
3,3	a-D-Glcp	81%	102.7	72.8	74.6	71.2	74.1	62.0
3,4	a-D-GlcpN	50%	98.5	54.2	77.9	71.5	72.7	65.4
3,4,2	Ac	83%	175.3	23.3
3,4,6	S	
3,4,3	a-D-GlcpN	39%	99.4	54.2	74.0	72.1	72.6	61.3
3,4,3,2	Ac	83%	175.3	23.3
3,4,3,3	a-Neup	46%	174.4	102.0	38.0	75.6	50.8	74.1	69.8	73.1	64.1
3,4,3,3,5	Ac	83%	54.9	25.1
3,4,3,3,4	a-D-Galp	41%	97.4	67.9	77.8	68.0	71.8	65.6
3,4,3,3,4,6	S	
3,4,3,3,4,3	a-D-Xylp	66%	104.2	79.9	75.6	74.3	62.0
3,4,3,3,4,3,2	b-D-GlcpA	52%	103.6	75.2	74.9	81.5	76.9	174.6
3,4,3,3,4,3,2,4	b-D-GlcpN	63%	101.1	56.3	74.2	79.4	75.0	60.5
3,4,3,3,4,3,2,4,2	Ac	88%	175.6	23.4
3,4,3,3,4,3,2,4,4	b-D-Galp	54%	102.3	71.6	76.5	69.9	72.5	61.7
3,4,3,3,4,3,2,4,4,3	S	
3,4,3,3,4,3,2,4,4,2	b-L-Fucp	42%	103.0	72.8	74.9	70.9	71.7	16.4
3,4,3,3,4,3,2,4,4,2,3	a-L-Fucp	20%	100.5	69.4	70.7	78.5	68.2	15.4
3,4,3,3,4,3,2,4,4,2,3,2	b-D-GalpA	63%	106.0	72.9	73.6	71.1	76.0	174.8
3,4,3,3,4,3,2,4,4,2,3,4	b-D-Galp	54%	103.6	75.2	69.8	69.9	69.5	65.4
3,4,3,3,4,3,2,4,4,2,3,4,6	S	
3,4,3,3,4,3,2,4,4,2,3,4,2	a-D-Glcp	52%	97.9	72.7	73.7	70.1	72.6	65.1
3,4,3,3,4,3,2,4,4,2,3,4,2,6	S	
3,4,3,3,4,3,2,4,4,2,3,4,2,3	b-D-ManpA	35%	101.4	72.0	74.1	74.5	77.0	176.2
3,4,3,3,4,3,2,4,4,2,3,4,2,3,4	a-L-Fucp	70%	99.4	69.2	71.0	73.1	68.8	16.5
