Linkage	Residue	Trust	H1	H2	H3	H4	H5	H6
	b-D-Xylp	70%	4.46	3.27	3.27	3.27	3.37-3.69
4	b-D-Xylp	8%	4.27	3.31	3.49	3.61	3.68-3.81
4,3	a-L-Fucp	59%	5.15	4.10	3.82	3.65	4.27	1.19
4,3,2	a-D-GlcpN	56%	5.20	4.04	5.22	4.01	3.97	3.77
4,3,2,2	Ac	98%	-	2.05
4,3,2,6	S	
4,3,2,4	a-D-GlcpA	48%	5.27	3.82	3.82	3.63	4.02	-
4,3,2,4,3	b-D-GlcpN	33%	4.86	3.74	3.57	3.49	3.43	3.54-3.74
4,3,2,4,3,2	Ac	98%	-	2.03
4,3,2,4,3,4	b-D-GlcpN	55%	4.55	3.80	3.69	3.49	3.44	4.09-4.16
4,3,2,4,3,4,2	Ac	98%	-	2.03
4,3,2,4,3,4,6	S	
4,3,2,4,3,4,3	a-D-ManpA	27%	5.24	4.06	3.92	3.76	4.23	-
4,3,2,4,3,4,3,4	b-D-Fucp	63%	4.46	3.55	3.62	3.77	3.91	1.25
