Linkage	Residue	Trust	C1	C2	C3	C4	C5	C6
	b-D-GlcpN	56%	96.2	56.4	75.1	71.2	76.8	61.2
2	Ac	88%	175.6	23.4
2	a-D-Glcp	37%	99.2	72.5	72.0	77.6	71.1	64.9
2,6	S	
2,4	b-D-Fucp	57%	105.3	71.5	77.4	73.0	71.7	16.8
2,4,3	b-D-GlcpA	46%	104.7	78.1	76.9	73.3	76.7	176.2
2,4,3,2	a-D-Galp	32%	99.0	78.2	74.2	70.0	71.8	61.8
2,4,3,2,3	b-D-Xylp	64%	105.1	74.0	75.6	74.3	66.2
2,4,3,2,2	b-D-Galp	66%	105.2	79.5	73.8	70.2	75.7	65.3
2,4,3,2,2,6	S	
2,4,3,2,2,2	b-D-GlcpN	62%	101.9	56.8	75.5	79.6	77.0	65.1
2,4,3,2,2,2,2	Ac	88%	175.6	23.4
2,4,3,2,2,2,6	S	
2,4,3,2,2,2,4	b-D-Galp	78%	104.0	70.8	78.5	66.1	76.4	65.3
2,4,3,2,2,2,4,6	S	
2,4,3,2,2,2,4,3	a-D-Fucp	66%	98.7	69.9	79.2	73.1	67.9	16.4
2,4,3,2,2,2,4,3,3	a-D-Manp	71%	102.9	71.0	71.9	78.0	72.9	61.9
2,4,3,2,2,2,4,3,3,4	b-D-Manp	68%	101.0	71.4	73.8	67.6	78.2	61.6
