Linkage	Residue	Trust	H1	H2	H3	H4	H5	H6
	b-D-GlcpN	37%	4.71	3.57	3.67	3.42	3.46	3.73-3.90
2	Ac	98%	-	2.03
2	a-D-Glcp	29%	5.18	3.58	3.79	3.80	4.12	4.07-4.15
2,6	S	
2,4	b-D-Fucp	57%	4.54	3.54	3.69	4.02	3.82	1.24
2,4,3	b-D-GlcpA	13%	4.58	3.41	3.55	3.55	3.72	-
2,4,3,2	a-D-Galp	27%	5.20	3.90	4.25	4.23	4.10	3.74-3.87
2,4,3,2,3	b-D-Xylp	59%	4.75	3.36	3.43	3.63	3.34-3.94
2,4,3,2,2	b-D-Galp	54%	4.42	3.62	3.72	3.88	3.69	4-4.02
2,4,3,2,2,6	S	
2,4,3,2,2,2	b-D-GlcpN	65%	4.76	3.80	3.75	3.76	3.68	4.11-4.18
2,4,3,2,2,2,2	Ac	98%	-	2.03
2,4,3,2,2,2,6	S	
2,4,3,2,2,2,4	b-D-Galp	77%	4.53	3.69	3.82	4.22	3.84	3.98-4.04
2,4,3,2,2,2,4,6	S	
2,4,3,2,2,2,4,3	a-D-Fucp	73%	5.26	4.21	3.87	3.86	4.34	1.20
2,4,3,2,2,2,4,3,3	a-D-Manp	61%	5.07	4.06	3.99	3.91	3.90	3.78-3.86
2,4,3,2,2,2,4,3,3,4	b-D-Manp	58%	4.68	3.98	3.86	3.57	3.51	3.66-3.84
