Linkage	Residue	Trust	C1	C2	C3	C4	C5	C6
	a-L-Fucp	51%	93.6	70.0	70.3	75.4	67.7	16.9
4	a-D-GlcpN	34%	99.1	54.6	71.4	70.6	72.7	65.5
4,2	Ac	83%	175.3	23.3
4,6	S	
4,2	b-D-Galp	34%	104.2	71.4	77.8	78.6	75.8	61.5
4,2,6	S	
4,2,4	b-D-GlcpN	50%	103.2	57.6	71.0	80.2	76.1	61.4
4,2,4,2	Ac	88%	175.6	23.4
4,2,4,6	S	
4,2,4,4	a-D-GlcpN	37%	98.2	54.6	71.4	70.6	73.5	64.6
4,2,4,4,2	Ac	83%	175.3	23.3
4,2,4,4,6	S	
4,2,4,4,2	a-D-Glcp	29%	99.1	72.5	73.3	77.4	71.5	61.6
4,2,4,4,2,4	a-D-Xylp	35%	100.0	72.6	73.3	73.2	61.4
4,2,4,4,2,4,4	a-D-Glcp	40%	99.2	80.5	71.9	69.8	70.0	64.9
4,2,4,4,2,4,4,6	S	
4,2,4,4,2,4,4,2	b-D-GalpA	56%	107.4	75.0	78.8	67.5	75.7	174.6
4,2,4,4,2,4,4,2,3	a-D-Fucp	68%	104.1	68.9	70.1	73.1	68.8	16.5
