Linkage	Residue	Trust	H1	H2	H3	H4	H5	H6	H7	H8	H9
	b-D-GalpA	22%	4.72	3.62	3.75	4.47	4.18	-
2	b-D-GalpA	60%	4.69	3.60	3.73	4.22	4.15	-
4	b-D-ManpA	26%	4.85	4.48	3.69	3.83	3.84	-
4,2	a-D-GalpA	40%	5.21	3.83	3.92	4.21	4.50	-
4,4	b-D-Glcp	35%	4.62	3.37	3.57	3.41	3.39	3.74-3.94
4,4,2	b-D-Manp	27%	4.78	4.12	3.75	3.64	3.44	3.75-3.90
4,4,2,3	b-L-Fucp	21%	4.65	3.65	3.69	3.95	3.82	1.26
4,4,2,3,2	b-D-Manp	70%	4.68	4.14	3.64	3.57	3.64	3.73-3.97
4,4,2,3,3	a-D-GlcpN	27%	5.20	3.78	3.83	3.55	3.90	3.79-3.90
4,4,2,3,3,2	Ac	98%	-	2.05
4,4,2,3,3,2	b-D-GalpA	29%	4.55	3.60	3.56	4.34	4.18	-
4,4,2,3,3,2,3	b-D-Glcp	24%	4.59	3.36	3.58	3.46	3.49	3.75-3.86
4,4,2,3,3,2,3,3	b-Neup	50%	-	-	1.82-2.27	4.01	4.01	4.25	3.64	3.87	3.64-3.89
4,4,2,3,3,2,3,3,5	Ac	95%	-	2.05
4,4,2,3,3,2,3,3,4	a-D-Galp	35%	5.21	3.90	3.97	4.11	4.14	3.75-3.76
4,4,2,3,3,2,3,3,4,3	S	
4,4,2,3,3,2,3,3,4,2	b-D-GlcpN	60%	4.76	3.80	3.93	3.67	3.93	3.70-3.83
4,4,2,3,3,2,3,3,4,2,2	Ac	98%	-	2.03
4,4,2,3,3,2,3,3,4,2,4	a-D-GlcpN	28%	5.20	3.78	3.83	3.41	3.71	4.08-4.15
4,4,2,3,3,2,3,3,4,2,4,2	Ac	98%	-	2.05
4,4,2,3,3,2,3,3,4,2,4,6	S	
4,4,2,3,3,2,3,3,4,2,4,2	a-L-Fucp	29%	5.10	3.89	3.87	3.79	4.30	1.22
