Linkage	Residue	Trust	C1	C2	C3	C4	C5	C6	C7	C8	C9
	Me	83%	57.8
1	a-D-Xylp	65%	100.0	72.7	73.2	70.4	65.1
1,2	a-D-Xylp	31%	99.9	71.1	72.9	73.2	62.6
1,2,4	b-D-GlcpN	15%	102.2	56.4	77.9	70.6	76.1	62.3
1,2,4,2	Ac	88%	175.6	23.4
1,2,4,3	b-Neup	47%	174.5	96.9	37.1	72.9	50.8	70.7	69.8	73.1	64.1
1,2,4,3,5	Ac	83%	176.3	23.6
1,2,4,3,4	a-D-Galp	31%	95.7	69.2	70.2	78.3	71.8	62.0
1,2,4,3,4,2	a-D-Fucp	76%	103.5	69.3	70.4	73.1	68.8	16.5
1,2,4,3,4,4	a-D-ManpA	29%	98.9	70.7	81.3	73.3	73.1	177.0
1,2,4,3,4,4,3	a-D-GalpA	68%	101.6	69.3	70.0	71.3	72.6	175.9
1,2,4,3,4,4,4	a-D-Glcp	37%	100.1	72.8	73.8	70.1	72.4	65.1
1,2,4,3,4,4,4,6	S	
1,2,4,3,4,4,4,3	b-D-ManpA	38%	101.4	72.0	79.1	69.5	77.0	175.8
1,2,4,3,4,4,4,3,3	b-D-Fucp	50%	104.4	73.8	72.3	72.4	71.7	16.1
1,2,4,3,4,4,4,3,3,2	a-D-GlcpN	64%	100.5	55.2	72.1	71.0	73.2	63.2
1,2,4,3,4,4,4,3,3,2,2	Ac	83%	175.3	23.3
