Linkage	Residue	Trust	H1	H2	H3	H4	H5	H6
	a-L-Fucp	73%	5.32	3.90	3.82	3.65	4.27	1.19
2	a-D-GlcpN	46%	5.20	3.76	3.62	3.62	3.90	4.08-4.16
2,2	Ac	98%	-	2.05
2,6	S	
2,3	b-D-Fucp	47%	4.49	3.54	3.79	3.88	3.82	1.24
2,3,3	a-D-ManpA	32%	5.01	4.18	3.91	3.76	4.38	-
2,3,3,3	a-D-ManpA	33%	5.20	4.21	4.03	3.76	4.17	-
2,3,3,3,3	a-D-Galp	54%	5.23	3.84	3.89	4	4.12	3.74-3.75
2,3,3,3,2	b-D-Galp	42%	4.44	3.58	3.72	4.12	3.74	3.79-3.86
2,3,3,3,2,6	S	
2,3,3,3,2,4	b-D-Galp	65%	4.69	3.62	4.24	4.23	3.68	3.76-3.79
2,3,3,3,2,4,3	S	
2,3,3,3,2,4,2	a-D-Glcp	34%	5.38	3.58	3.78	3.54	3.99	4.06-4.14
2,3,3,3,2,4,2,6	S	
2,3,3,3,2,4,2,3	a-L-Fucp	44%	5.10	3.89	3.80	3.78	4.72	1.21
2,3,3,3,2,4,2,3,2	a-D-ManpA	32%	5.08	4.05	3.83	3.74	4.21	-
