Linkage	Residue	Trust	C1	C2	C3	C4	C5	C6
	Me	84%	58.1
1	b-D-GalpA	58%	103.4	78.3	75.0	81.0	76.8	174.8
1,4	b-D-GalpA	67%	102.0	71.2	73.6	71.1	76.0	174.8
1,2	b-D-GlcpN	44%	102.7	56.4	75.3	71.4	77.2	65.6
1,2,2	Ac	88%	175.6	23.4
1,2,6	S	
1,2,2	a-D-Galp	28%	99.1	69.1	74.5	81.6	71.8	60.9
1,2,2,3	S	
1,2,2,4	a-D-GlcpN	43%	98.7	54.6	72.0	70.7	71.7	65.5
1,2,2,4,2	Ac	83%	175.3	23.3
1,2,2,4,6	S	
1,2,2,4,2	b-D-Glcp	46%	103.5	73.9	75.9	73.8	74.9	68.9
1,2,2,4,2,6	S	
1,2,2,4,2,4	a-D-GlcpA	42%	97.1	77.6	71.2	79.8	72.5	175.1
1,2,2,4,2,4,3	a-D-Manp	69%	92.4	69.9	71.4	67.7	74.1	61.9
1,2,2,4,2,4,4	a-D-Glcp	60%	99.2	77.0	73.6	71.7	73.2	64.9
1,2,2,4,2,4,4,6	S	
1,2,2,4,2,4,4,2	b-D-Manp	65%	97.0	89.3	77.8	68.0	75.8	62.4
1,2,2,4,2,4,4,2,2	a-D-Galp	58%	102.8	74.0	72.1	70.4	74.0	66.0
1,2,2,4,2,4,4,2,2,6	S	
1,2,2,4,2,4,4,2,2,2	a-D-Galp	61%	108.2	75.2	70.8	70.9	70.1	62.8
1,2,2,4,2,4,4,2,2,2,3	S	
1,2,2,4,2,4,4,2,2,2,2	a-D-Galp	55%	96.6	69.3	74.5	78.7	71.9	61.3
1,2,2,4,2,4,4,2,2,2,2,3	S	
1,2,2,4,2,4,4,2,2,2,2,4	a-D-Galp	66%	101.2	69.7	70.7	79.3	71.2	62.4
1,2,2,4,2,4,4,2,2,2,2,4,4	b-D-Galp	79%	104.7	72.2	73.7	69.6	75.9	61.8
