Linkage	Residue	Trust	H1	H2	H3	H4	H5	H6
	Me	98%	3.57
1	b-D-GalpA	21%	4.57	3.62	3.75	4.45	4.43	-
1,4	b-D-GalpA	44%	4.78	3.83	3.73	4.22	4.15	-
1,2	b-D-GlcpN	25%	4.69	3.60	3.66	3.57	3.41	4.06-4.13
1,2,2	Ac	98%	-	2.03
1,2,6	S	
1,2,2	a-D-Galp	23%	5.22	3.89	3.97	3.71	4.18	3.70-3.72
1,2,2,3	S	
1,2,2,4	a-D-GlcpN	31%	5.20	3.78	3.83	3.73	4.35	4.08-4.15
1,2,2,4,2	Ac	98%	-	2.05
1,2,2,4,6	S	
1,2,2,4,2	b-D-Glcp	21%	4.61	3.36	3.50	3.56	3.49	3.76-4.04
1,2,2,4,2,6	S	
1,2,2,4,2,4	a-D-GlcpA	45%	5.07	3.72	3.95	3.73	3.98	-
1,2,2,4,2,4,3	a-D-Manp	58%	5.08	4	3.86	3.70	3.78	3.74-3.94
1,2,2,4,2,4,4	a-D-Glcp	32%	5.18	3.59	3.89	3.41	3.73	4.10-4.18
1,2,2,4,2,4,4,6	S	
1,2,2,4,2,4,4,2	b-D-Manp	58%	4.54	5.34	4.75	3.78	3.56	3.80-4.18
1,2,2,4,2,4,4,2,2	a-D-Galp	58%	5.72	3.96	4.02	4.05	3.84	4-4.04
1,2,2,4,2,4,4,2,2,6	S	
1,2,2,4,2,4,4,2,2,2	a-D-Galp	73%	5.30	3.85	3.78	4.06	3.75	3.87
1,2,2,4,2,4,4,2,2,2,3	S	
1,2,2,4,2,4,4,2,2,2,2	a-D-Galp	34%	5.21	3.85	4.79	4.04	4.04	3.79-3.87
1,2,2,4,2,4,4,2,2,2,2,3	S	
1,2,2,4,2,4,4,2,2,2,2,4	a-D-Galp	78%	4.97	3.94	3.97	4.25	4.37	3.70-3.84
1,2,2,4,2,4,4,2,2,2,2,4,4	b-D-Galp	83%	4.63	3.56	3.68	3.83	3.72	3.73-3.79
