Linkage	Residue	Trust	C1	C2	C3	C4	C5	C6
	Me	87%	58.0
1	b-D-Galp	49%	105.3	78.1	73.4	71.4	76.9	61.8
1,2	a-D-Glcp	63%	97.9	72.7	73.7	79.5	70.0	64.4
1,2,6	S	
1,2,4	b-D-GlcpN	39%	102.0	56.4	74.1	70.7	76.3	65.6
1,2,4,2	Ac	88%	175.6	23.4
1,2,4,6	S	
1,2,4,2	a-D-Galp	25%	99.1	69.1	74.5	78.5	71.8	61.5
1,2,4,2,3	S	
1,2,4,2,4	a-D-Fucp	41%	101.0	68.7	79.3	80.0	68.3	17.1
1,2,4,2,4,4	a-D-GlcpA	71%	100.4	73.1	73.7	72.5	72.2	173.3
1,2,4,2,4,3	b-D-GlcpA	59%	104.8	74.2	77.1	77.9	77.0	175.2
1,2,4,2,4,3,4	a-D-Xylp	52%	100.0	72.2	68.8	77.8	61.0
1,2,4,2,4,3,4,4	a-D-Manp	53%	101.2	72.4	68.8	79.0	70.0	62.2
1,2,4,2,4,3,4,4,4	b-D-GalpA	66%	102.2	70.9	73.3	71.1	76.0	174.8
