Linkage	Residue	Trust	H1	H2	H3	H4	H5	H6
	Me	97%	3.56
1	b-D-Galp	72%	4.67	3.69	3.76	3.96	3.71	3.77-3.78
1,2	a-D-Glcp	42%	5.38	3.61	3.84	3.67	4.30	4.06
1,2,6	S	
1,2,4	b-D-GlcpN	19%	4.69	3.60	3.66	3.57	3.53	4.06-4.13
1,2,4,2	Ac	98%	-	2.03
1,2,4,6	S	
1,2,4,2	a-D-Galp	14%	5.22	3.89	4.79	4.12	4.07	3.75-3.77
1,2,4,2,3	S	
1,2,4,2,4	a-D-Fucp	36%	5.01	3.93	4.02	3.91	4.30	1.30
1,2,4,2,4,4	a-D-GlcpA	64%	5.02	3.60	3.86	3.61	4.39	-
1,2,4,2,4,3	b-D-GlcpA	59%	4.71	3.43	3.76	3.81	3.88	-
1,2,4,2,4,3,4	a-D-Xylp	52%	5.25	3.69	4	3.91	3.69
1,2,4,2,4,3,4,4	a-D-Manp	32%	5.09	3.89	3.90	3.73	3.69	3.83-3.95
1,2,4,2,4,3,4,4,4	b-D-GalpA	40%	4.61	3.69	3.70	4.22	4.15	-
