Linkage	Residue	Trust	H1	H2	H3	H4	H5	H6	H7	H8	H9
	Me	95%	3.48
1	a-Neup	64%	-	-	1.76-2.73	3.69	3.82	3.62	3.58	3.87	3.64-3.87
1,5	Ac	99%	-	2.03
1,2	a-D-GlcpN	34%	5.23	3.73	3.95	3.54	3.89	3.89-3.97
1,2,2	Ac	98%	-	2.05
1,2,6	S	
1,2,4	a-L-Fucp	66%	5.01	4.03	3.83	3.85	4.59	1.30
1,2,4,3	a-D-GlcpA	70%	5.20	3.60	3.94	3.72	4.11	-
1,2,4,3,4	b-D-Fucp	44%	4.52	3.54	3.70	4	3.82	1.32
1,2,4,3,4,4	a-D-Glcp	55%	5.11	3.45	4.05	3.70	3.56	4.06-4.15
1,2,4,3,4,4,6	S	
1,2,4,3,4,4,2	b-D-Galp	57%	4.60	3.66	3.75	4.08	3.91	3.99
1,2,4,3,4,4,2,6	S	
1,2,4,3,4,4,2,4	a-D-ManpA	56%	5.05	3.84	4.07	3.74	4.21	-
1,2,4,3,4,4,2,4,2	a-L-Fucp	53%	5.17	3.93	3.87	3.79	4.30	1.22
