Linkage	Residue	Trust	C1	C2	C3	C4	C5	C6
	b-D-GlcpN	76%	95.8	56.9	84.1	69.9	76.8	61.9
2	Ac	88%	175.6	23.4
3	b-D-Fucp	64%	104.4	70.1	79.1	69.9	71.7	16.6
3,3	a-D-GlcpA	63%	101.4	72.4	72.3	80.8	71.0	175.3
3,3,4	b-D-GlcpN	53%	102.6	56.4	71.0	80.9	72.1	61.4
3,3,4,2	Ac	88%	175.6	23.4
3,3,4,4	a-D-GlcpN	59%	98.5	53.1	82.0	69.3	77.3	65.4
3,3,4,4,2	Ac	83%	175.3	23.3
3,3,4,4,6	S	
3,3,4,4,3	b-D-Glcp	57%	102.0	78.5	82.9	70.8	76.8	61.9
3,3,4,4,3,2	a-D-Glcp	83%	98.2	72.5	73.7	70.9	72.9	61.6
3,3,4,4,3,3	a-D-Galp	74%	96.4	73.7	70.6	70.2	71.0	61.5
3,3,4,4,3,3,2	a-D-GalpA	82%	95.6	69.1	70.9	71.5	72.6	173.8
