Linkage	Residue	Trust	C1	C2	C3	C4	C5	C6
	b-D-Xylp	74%	105.3	74.8	85.1	68.9	66.9
3	b-D-Xylp	81%	104.5	73.8	75.0	78.0	64.1
3,4	b-D-Galp	64%	103.4	73.3	76.7	78.2	76.8	61.5
3,4,4	a-D-GlcpN	65%	98.5	54.7	79.1	69.5	73.3	65.4
3,4,4,2	Ac	83%	175.3	23.3
3,4,4,6	S	
3,4,4,3	a-L-Fucp	35%	100.3	69.4	70.7	81.5	68.1	16.8
3,4,4,3,4	b-D-GalpA	66%	102.0	73.8	69.8	71.1	76.0	174.8
3,4,4,3,2	a-D-Galp	59%	98.1	68.0	80.5	70.1	69.6	65.6
3,4,4,3,2,6	S	
3,4,4,3,2,3	b-D-GalpA	67%	104.6	73.4	74.1	71.1	76.0	174.8
