Lineage	Residue	Trust	C1	C2	C3	C4	C5	C6
	b-D-Xylp	72%	101.2	74.6	85.6	68.8	66.7
3	b-D-Xylp	90%	104.4	73.9	75.0	77.7	64.1
3,4	b-D-Galp	90%	103.2	71.9	73.9	78.4	76.6	61.5
3,4,4	a-D-GlcpN	81%	98.8	55.0	77.4	69.5	72.4	64.9
3,4,4,2	Ac	98%	175.3	23.2
3,4,4,6	S		175.4
3,4,4,3	a-L-Fucp	42%	100.1	78.0	70.0	81.6	67.7	16.7
3,4,4,3,4	b-D-GalpA	89%	104.2	71.2	73.4	71.4	75.9	173.9
3,4,4,3,2	a-D-Galp	80%	101.3	68.5	80.3	70.1	70.9	65.9
3,4,4,3,2,6	S		
3,4,4,3,2,3	b-D-GalpA	90%	105.4	71.1	74.3	71.4	75.9	173.9
