Lineage	Residue	Trust	C1	C2	C3	C4	C5	C6	C7	C8
	b-D-Xylp	63%	97.6	74.3	86.4	68.8	66.3
3	b-D-Xylp	88%	104.3	74.0	75.0	77.5	64.1
3,4	b-D-Galp	100%	103.2	71.7	73.6	78.6	76.5	61.5
3,4,4	a-D-GlcpNAc	88%	98.9	55.1	76.9	69.5	72.0	64.6	175.4	23.2
3,4,4,6	S	50%
3,4,4,3	a-L-Fucp	38%	99.8	78.0	70.0	81.9	66.1	16.1
3,4,4,3,4	b-D-GalpA	100%	105.0	70.4	74.3	71.6	75.9	173.8
3,4,4,3,2	a-D-Galp	88%	101.8	68.7	80.3	70.2	71.1	66.0
3,4,4,3,2,6	S	50%
3,4,4,3,2,3	b-D-GalpA	100%	105.9	70.4	74.3	71.6	75.9	173.8
