Linkage	Residue	Trust	C1	C2	C3	C4	C5	C6	C7	C8	C9
	b-D-Glcp	74%	101.9	81.0	73.7	69.8	76.7	61.7
2	b-D-Glcp	74%	102.7	82.9	76.1	70.2	76.7	61.8
2,2	b-D-GlcpA	64%	101.1	74.7	77.3	77.5	76.6	174.6
2,2,4	a-D-GlcpN	62%	99.9	53.7	81.3	71.8	73.0	61.7
2,2,4,2	Ac	83%	175.3	23.3
2,2,4,3	a-D-GalpA	69%	101.9	69.8	70.9	78.4	72.7	175.2
2,2,4,3,4	a-D-Fucp	35%	100.8	68.6	74.2	72.6	68.2	16.5
2,2,4,3,4,3	b-Neup	49%	175.1	96.9	37.1	72.9	50.8	70.7	69.8	73.1	64.1
2,2,4,3,4,3,5	Ac	83%	176.3	23.6
2,2,4,3,4,3,4	a-D-Glcp	48%	95.7	73.7	71.8	69.8	72.3	64.9
2,2,4,3,4,3,4,6	S	
2,2,4,3,4,3,4,2	a-D-GlcpA	60%	97.1	72.0	84.2	69.9	73.1	175.9
2,2,4,3,4,3,4,2,3	b-D-GalpA	43%	104.1	71.5	73.3	81.0	76.8	174.4
2,2,4,3,4,3,4,2,3,4	b-D-Galp	34%	104.4	71.6	76.4	68.7	75.8	62.4
2,2,4,3,4,3,4,2,3,4,3	S	
2,2,4,3,4,3,4,2,3,4,2	a-D-ManpA	62%	101.5	70.9	71.3	69.5	75.6	175.0
