Linkage	Residue	Trust	C1	C2	C3	C4	C5	C6
	Me	87%	58.0
1	b-D-Glcp	39%	103.5	74.5	85.8	69.2	77.0	62.0
1,3	b-D-Glcp	65%	104.4	74.5	76.9	71.0	76.3	62.1
1,2	b-D-ManpA	33%	101.5	71.7	81.5	69.5	77.0	175.8
1,2,3	a-D-ManpA	26%	101.9	71.2	?	73.3	73.1	175.9
1,2,3,4	a-L-Fucp	58%	96.9	76.0	69.3	72.9	68.2	16.5
1,2,3,4,2	a-D-Fucp	52%	103.2	79.7	69.4	72.9	68.2	16.5
1,2,3,4,2,2	b-D-GlcpN	49%	103.8	57.3	75.3	78.2	77.2	61.2
1,2,3,4,2,2,2	Ac	88%	175.6	23.4
1,2,3,4,2,2,6	S	
1,2,3,4,2,2,4	a-L-Fucp	70%	99.2	68.6	78.4	73.5	67.8	16.5
1,2,3,4,2,2,4,3	a-D-Glcp	55%	101.2	73.5	73.7	71.3	73.9	62.3
1,2,3,4,2,2,4,3,3	b-L-Fucp	63%	103.6	72.1	73.7	72.8	71.9	16.3
