Linkage	Residue	Trust	H1	H2	H3	H4	H5	H6
	a-D-GlcpA	59%	5.45	4.31	4.37	4.06	4.37	-
3	a-D-GlcpA	44%	5.35	3.58	3.78	3.61	4.20	-
2	b-D-Glcp	70%	4.70	3.41	3.64	3.57	3.50	4.08-4.15
2,6	S	
2,3	a-D-ManpA	50%	5.07	4.15	3.98	3.76	4.08	-
2,3,4	b-D-GlcpN	67%	4.57	3.84	3.70	3.50	3.47	3.74-3.94
2,3,4,2	Ac	98%	-	2.03
2,3,4,3	a-L-Fucp	23%	5.10	3.89	3.98	3.86	4.44	1.15
2,3,4,3,2	a-D-Galp	59%	5.39	3.87	4.43	4.42	4.01	3.72-3.83
2,3,4,3,2,3	S	
2,3,4,3,2,4	b-D-Galp	31%	4.53	3.62	3.77	3.99	3.72	3.71-3.85
2,3,4,3,2,4,3	S	
2,3,4,3,2,4,2	a-L-Fucp	38%	5.10	3.89	4.04	3.73	4.25	1.21
2,3,4,3,2,4,2,2	a-D-GlcpA	35%	5.38	3.65	3.87	4.06	4.24	-
2,3,4,3,2,4,2,2,3	a-D-Xylp	65%	5.07	3.48	3.59	3.62	3.55-3.69
