Linkage	Residue	Trust	C1	C2	C3	C4	C5	C6
	Me	76%	56.2
1	a-D-Fucp	60%	100.6	77.2	69.3	71.8	68.7	16.5
1,2	a-D-Fucp	61%	103.2	70.8	70.0	82.5	68.6	16.9
1,2,4	a-D-Glcp	46%	100.7	72.9	73.3	77.4	71.5	61.6
1,2,4,4	a-D-Xylp	6%	98.5	75.6	72.9	73.2	61.4
1,2,4,4,4	b-D-Glcp	72%	104.9	74.3	76.4	70.5	76.9	62.3
1,2,4,4,2	a-D-Glcp	53%	99.6	71.9	81.8	69.1	75.3	65.1
1,2,4,4,2,6	S	
1,2,4,4,2,3	b-D-Fucp	55%	97.9	84.6	72.0	72.4	71.7	16.1
1,2,4,4,2,3,2	a-D-Galp	42%	98.2	69.1	74.5	78.7	71.8	61.1
1,2,4,4,2,3,2,3	S	
1,2,4,4,2,3,2,4	a-D-Glcp	58%	100.4	76.8	73.7	72.2	71.9	64.9
1,2,4,4,2,3,2,4,6	S	
1,2,4,4,2,3,2,4,2	a-D-Manp	51%	101.4	79.5	72.0	67.8	73.9	62.9
1,2,4,4,2,3,2,4,2,2	a-D-Manp	76%	103.6	71.6	71.7	68.2	74.8	62.4
