Linkage	Residue	Trust	H1	H2	H3	H4	H5	H6
	Me	97%	3.42
1	a-D-Fucp	67%	4.85	3.74	3.72	3.35	4.33	1.24
1,2	a-D-Fucp	45%	4.85	3.88	4.01	3.90	4.40	1.26
1,2,4	a-D-Glcp	52%	5.02	3.52	3.85	3.65	3.82	3.78-3.95
1,2,4,4	a-D-Xylp	0%	5.10	3.47	3.70	3.98	3.67-3.76
1,2,4,4,4	b-D-Glcp	47%	5.10	3.49	3.51	3.38	3.45	3.56
1,2,4,4,2	a-D-Glcp	47%	5.38	3.79	3.87	3.61	3.40	4.06-4.14
1,2,4,4,2,6	S	
1,2,4,4,2,3	b-D-Fucp	57%	4.90	3.44	3.76	4.01	3.85	1.27
1,2,4,4,2,3,2	a-D-Galp	37%	5.38	3.91	4.79	4.19	4.04	3.79-3.80
1,2,4,4,2,3,2,3	S	
1,2,4,4,2,3,2,4	a-D-Glcp	31%	5.18	3.59	3.87	3.47	4.14	4.06-4.15
1,2,4,4,2,3,2,4,6	S	
1,2,4,4,2,3,2,4,2	a-D-Manp	37%	5.16	4.13	3.97	3.72	3.65	3.79-3.90
1,2,4,4,2,3,2,4,2,2	a-D-Manp	84%	5.07	4.05	3.84	3.66	3.76	3.75-3.88
