Linkage	Residue	Trust	H1	H2	H3	H4	H5	H6	H7	H8	H9
	a-D-Glcp	66%	5.18	3.65	3.97	3.74	3.86	3.78-3.89
3	a-D-Glcp	70%	5.58	3.69	3.89	3.57	3.99	3.76-3.86
3,2	a-D-Galp	75%	5.60	3.97	4.13	4	4.36	3.99
3,2,6	S	
3,2,2	a-D-Galp	30%	5.21	3.86	3.93	4.14	4.12	4-4.05
3,2,2,6	S	
3,2,2,4	b-L-Fucp	29%	4.65	3.54	3.69	3.81	3.82	1.25
3,2,2,4,3	a-L-Fucp	17%	5.10	3.89	4.04	3.83	4.29	1.22
3,2,2,4,3,2	a-D-GlcpA	7%	5.20	3.69	3.98	3.69	4.21	-
3,2,2,4,3,2,2	a-D-Galp	37%	5.04	3.83	3.92	4.07	4.21	3.82
3,2,2,4,3,2,2,2	a-L-Fucp	75%	5.15	3.84	3.89	3.88	4.22	1.27
3,2,2,4,3,2,2,4	a-D-Glcp	19%	5.18	3.59	3.78	3.57	4.14	4.06-4.15
3,2,2,4,3,2,2,4,6	S	
3,2,2,4,3,2,2,4,2	b-L-Fucp	25%	4.46	3.54	3.69	3.73	3.82	1.20
3,2,2,4,3,2,2,4,2,3	a-Neup	34%	-	-	1.76-2.73	3.73	3.86	3.74	3.58	3.86	3.64-3.87
3,2,2,4,3,2,2,4,2,3,5	Ac	99%	-	2.03
3,2,2,4,3,2,2,4,2,3,4	a-D-Manp	28%	5.16	4.13	3.91	3.82	3.95	3.77-3.93
3,2,2,4,3,2,2,4,2,3,4,3	b-D-Galp	28%	4.64	3.60	3.70	4.09	3.75	3.74-3.81
3,2,2,4,3,2,2,4,2,3,4,3,3	b-D-ManpA	65%	4.90	4.17	3.66	3.74	3.85	-
