Linkage	Residue	Trust	C1	C2	C3	C4	C5	C6
	b-D-Galp	59%	97.9	84.6	69.2	70.5	75.2	67.8
2	b-D-Galp	54%	105.6	72.3	76.0	63.5	75.2	59.5
2,3	a-D-Glcp	67%	94.2	79.9	70.2	68.0	70.2	59.8
2,3,2	b-D-Glcp	32%	103.5	74.5	76.9	69.3	70.8	61.6
2,3,2,3	b-D-ManpA	63%	97.8	73.3	72.8	69.5	78.7	177.8
2,3,2,2	b-D-Xylp	44%	103.9	82.8	76.2	76.7	66.0
2,3,2,2,2	b-D-Xylp	67%	106.2	75.5	76.9	71.1	64.5
2,3,2,2,4	b-D-Galp	50%	102.6	71.8	75.3	63.3	75.8	65.3
2,3,2,2,4,6	S	
2,3,2,2,4,3	b-D-ManpA	51%	103.5	81.8	72.9	69.5	76.2	176.4
2,3,2,2,4,3,2	b-D-Galp	66%	105.2	72.8	73.8	69.5	76.0	61.9
