Linkage	Residue	Trust	C1	C2	C3	C4	C5	C6	C7	C8	C9
	Me	76%	56.2
1	a-D-GalpA	60%	97.7	72.7	68.2	71.4	72.0	174.6
1,2	a-D-GalpA	14%	99.6	68.8	71.5	75.7	72.1	174.3
1,2,4	a-D-Glcp	79%	100.6	72.6	74.0	70.5	73.7	61.6
1,2,3	b-Neup	44%	175.1	96.9	37.5	72.7	54.2	70.7	69.8	73.1	64.1
1,2,3,5	Ac	83%	176.3	23.6
1,2,3,4	a-D-GlcpN	52%	94.3	54.1	82.0	69.3	72.7	65.4
1,2,3,4,2	Ac	83%	175.3	23.3
1,2,3,4,6	S	
1,2,3,4,3	b-D-GalpA	52%	103.8	71.5	84.0	68.5	75.7	174.8
1,2,3,4,3,3	b-D-Manp	58%	102.5	71.3	73.0	78.3	76.0	60.9
1,2,3,4,3,3,4	b-D-GlcpN	44%	101.6	56.4	74.1	71.9	77.1	62.6
1,2,3,4,3,3,4,2	Ac	88%	175.6	23.4
1,2,3,4,3,3,4,2	b-L-Fucp	51%	98.2	71.8	73.7	72.4	71.9	16.1
