Linkage	Residue	Trust	C1	C2	C3	C4	C5	C6	C7	C8	C9
	b-D-Manp	66%	94.4	81.8	80.8	66.4	77.5	62.1
3	b-D-Manp	67%	98.3	72.2	74.3	68.3	77.7	62.5
2	b-D-Galp	35%	105.2	72.8	76.2	69.6	75.8	65.4
2,6	S	
2,3	b-Neup	55%	175.1	96.9	37.1	72.9	50.8	70.7	69.0	72.9	63.7
2,3,5	Ac	83%	176.3	23.6
2,3,4	a-D-Glcp	50%	95.7	72.6	72.0	76.3	71.5	65.1
2,3,4,6	S	
2,3,4,4	b-D-Galp	70%	102.9	78.7	74.0	70.2	75.3	65.3
2,3,4,4,6	S	
2,3,4,4,2	b-D-GlcpN	77%	102.7	55.3	80.8	72.1	76.9	62.0
2,3,4,4,2,2	Ac	88%	175.6	23.4
2,3,4,4,2,3	a-D-GalpA	74%	101.9	68.3	80.5	70.6	72.6	174.9
2,3,4,4,2,3,3	b-D-Galp	69%	106.5	73.4	73.8	69.5	76.0	62.3
