Linkage	Residue	Trust	C1	C2	C3	C4	C5	C6
	a-D-Galp	61%	100.7	71.1	72.4	72.4	71.7	69.3
3	a-D-Galp	62%	97.8	69.2	69.7	70.8	71.3	62.2
2	b-D-Galp	66%	105.1	73.0	76.8	68.3	76.1	62.6
2,3	S	
2,2	a-D-Glcp	64%	97.9	78.2	73.7	70.7	72.6	64.9
2,2,6	S	
2,2,2	b-D-Galp	59%	107.4	75.0	73.7	78.3	74.4	65.3
2,2,2,6	S	
2,2,2,4	a-D-Galp	57%	99.5	73.5	69.9	69.9	71.0	65.7
2,2,2,4,6	S	
2,2,2,4,2	a-D-Xylp	30%	98.5	72.5	72.9	76.7	61.4
2,2,2,4,2,4	b-D-Galp	43%	105.3	71.8	76.1	68.0	75.8	65.3
2,2,2,4,2,4,6	S	
2,2,2,4,2,4,3	a-D-Glcp	67%	99.7	71.4	73.3	69.2	71.2	60.7
