Linkage	Residue	Trust	C1	C2	C3	C4	C5	C6
	Me	84%	58.1
1	b-D-GalpA	71%	104.4	70.3	81.2	68.1	76.2	174.7
1,3	b-D-GalpA	56%	103.4	70.2	81.2	68.1	76.0	174.5
1,3,3	b-D-Glcp	56%	105.7	97.2	76.5	78.3	75.7	61.9
1,3,3,4	a-D-Glcp	53%	100.6	72.3	81.8	69.3	72.5	65.1
1,3,3,4,6	S	
1,3,3,4,3	b-D-Fucp	35%	98.2	72.0	83.9	82.1	71.7	16.9
1,3,3,4,3,4	b-D-GlcpA	61%	104.3	75.3	77.2	73.4	77.6	176.3
1,3,3,4,3,3	b-D-Xylp	27%	105.1	74.3	76.2	70.8	65.5
1,3,3,4,3,3,2	b-D-Galp	35%	104.9	72.4	73.7	71.3	75.8	61.8
1,3,3,4,3,3,2,4	b-L-Fucp	36%	105.5	72.7	73.7	71.8	71.7	16.1
1,3,3,4,3,3,2,4,2	a-L-Fucp	59%	100.4	69.2	77.5	69.7	67.9	16.1
1,3,3,4,3,3,2,4,2,3	b-D-Glcp	45%	100.4	74.4	76.0	70.0	76.4	61.1
1,3,3,4,3,3,2,4,2,3,2	a-D-ManpA	54%	101.5	70.9	76.5	73.3	73.1	174.2
1,3,3,4,3,3,2,4,2,3,2,3	a-D-GlcpN	62%	100.5	54.0	72.1	71.0	76.4	62.0
1,3,3,4,3,3,2,4,2,3,2,3,2	Ac	83%	175.3	23.3
