Linkage	Residue	Trust	H1	H2	H3	H4	H5	H6
	Me	98%	3.57
1	b-D-GalpA	77%	4.30	3.68	3.56	4.34	4.05	-
1,3	b-D-GalpA	74%	4.66	3.80	3.56	4.34	4.08	-
1,3,3	b-D-Glcp	41%	4.52	3.47	3.78	3.85	3.81	3.78-3.92
1,3,3,4	a-D-Glcp	41%	5.24	3.89	3.87	3.54	3.78	4.06-4.14
1,3,3,4,6	S	
1,3,3,4,3	b-D-Fucp	28%	4.73	3.81	3.93	3.79	3.82	1.37
1,3,3,4,3,4	b-D-GlcpA	70%	4.79	3.47	3.62	3.55	3.73	-
1,3,3,4,3,3	b-D-Xylp	20%	4.50	3.32	3.48	3.64	3.32-3.94
1,3,3,4,3,3,2	b-D-Galp	24%	4.80	3.60	3.70	4.05	3.73	3.77-3.80
1,3,3,4,3,3,2,4	b-L-Fucp	29%	4.65	3.65	3.68	3.35	3.85	1.19
1,3,3,4,3,3,2,4,2	a-L-Fucp	35%	4.85	3.88	3.88	3.97	4.23	1.25
1,3,3,4,3,3,2,4,2,3	b-D-Glcp	34%	4.62	3.37	3.57	3.43	3.46	3.75-3.94
1,3,3,4,3,3,2,4,2,3,2	a-D-ManpA	43%	5.11	4.05	3.80	3.76	4.38	-
1,3,3,4,3,3,2,4,2,3,2,3	a-D-GlcpN	68%	4.85	4.29	3.76	4.46	4.04	3.72-3.94
1,3,3,4,3,3,2,4,2,3,2,3,2	Ac	98%	-	2.05
