Linkage	Residue	Trust	C1	C2	C3	C4	C5	C6	C7	C8	C9
	Me	92%	57.6
1	b-D-Manp	75%	101.5	80.0	73.3	68.5	77.3	62.2
1,2	b-D-Manp	41%	102.0	73.1	73.5	78.4	77.4	61.7
1,2,2	a-L-Fucp	67%	99.5	73.2	73.5	73.7	69.5	15.8
1,2,4	b-D-Galp	66%	103.9	71.6	72.7	78.3	75.2	65.3
1,2,4,6	S	
1,2,4,4	a-D-Galp	49%	99.3	69.1	74.5	78.7	71.5	61.1
1,2,4,4,3	S	
1,2,4,4,4	a-D-Glcp	70%	100.8	82.2	73.7	70.7	71.9	64.9
1,2,4,4,4,6	S	
1,2,4,4,4,2	b-D-Galp	56%	107.4	79.0	73.7	74.7	74.4	65.6
1,2,4,4,4,2,6	S	
1,2,4,4,4,2,2	b-D-Glcp	54%	102.8	77.9	77.8	70.8	77.6	65.9
1,2,4,4,4,2,2,6	S	
1,2,4,4,4,2,2,2	a-D-Glcp	65%	98.9	71.7	83.4	69.0	71.0	65.2
1,2,4,4,4,2,2,2,6	S	
1,2,4,4,4,2,2,2,3	b-D-Fucp	39%	97.9	84.6	83.9	72.5	71.7	16.7
1,2,4,4,4,2,2,2,3,2	a-D-Glcp	69%	98.1	72.8	74.1	70.5	73.1	63.2
1,2,4,4,4,2,2,2,3,3	b-D-GalpA	60%	103.2	70.5	78.8	67.5	75.7	174.6
1,2,4,4,4,2,2,2,3,3,3	a-D-Xylp	24%	104.2	71.1	72.9	72.3	61.4
1,2,4,4,4,2,2,2,3,3,3,3	a-Neup	58%	172.1	101.6	37.7	75.6	50.8	74.1	69.8	73.1	64.1
1,2,4,4,4,2,2,2,3,3,3,3,5	Ac	83%	54.9	25.1
1,2,4,4,4,2,2,2,3,3,3,3,4	a-D-Galp	25%	99.0	69.2	74.5	70.9	71.8	61.8
1,2,4,4,4,2,2,2,3,3,3,3,4,3	S	
1,2,4,4,4,2,2,2,3,3,3,3,4,2	a-L-Fucp	72%	103.7	71.1	71.2	73.1	69.9	17.9
