Lineage	Residue	Trust	C1	C2	C3	C4	C5	C6	C7	C8	C9
	a-D-Xylp	71%	96.0	75.0	73.0	70.4	62.3
2	a-D-Xylp	66%	96.9	73.0	78.8	69.1	62.6
2,3	a-L-Fucp	87%	98.1	76.4	69.1	72.7	67.7	16.4
2,3,2	b-D-Glcp	53%	99.5	83.1	81.9	69.7	77.3	62.4
2,3,2,3	a-L-Fucp	89%	100.2	69.2	70.5	73.0	68.0	16.8
2,3,2,2	b-D-Galp	59%	105.3	70.4	78.9	76.4	75.5	62.1
2,3,2,2,3	S		
2,3,2,2,4	b-D-Glcp	35%	103.1	73.7	82.6	70.4	76.1	65.2
2,3,2,2,4,6	S		
2,3,2,2,4,3	b-Neup	59%	175.7	101.4	39.0	73.7	52.2	71.1	69.6	72.5	64.3
2,3,2,2,4,3,5	Ac	86%	176.1	23.5
2,3,2,2,4,3,4	a-D-Galp	87%	99.8	68.8	80.2	70.1	72.1	62.3
2,3,2,2,4,3,4,3	b-D-GlcpA	47%	104.3	73.2	81.3	72.4	76.5	175.6
2,3,2,2,4,3,4,3,3	a-Neup	61%	174.4	101.7	39.0	78.5	51.8	73.4	69.5	73.0	63.9
2,3,2,2,4,3,4,3,3,5	Ac	57%	90.7	24.6
2,3,2,2,4,3,4,3,3,4	b-D-Galp	77%	104.4	71.7	73.4	78.3	75.4	65.1
2,3,2,2,4,3,4,3,3,4,6	S		
2,3,2,2,4,3,4,3,3,4,4	a-D-Galp	56%	99.4	72.8	74.1	68.9	71.6	61.6
2,3,2,2,4,3,4,3,3,4,4,3	S		
2,3,2,2,4,3,4,3,3,4,4,2	a-D-Galp	68%	97.1	69.5	70.5	79.6	70.9	64.5
2,3,2,2,4,3,4,3,3,4,4,2,6	S		
2,3,2,2,4,3,4,3,3,4,4,2,4	b-D-Glcp	56%	104.1	74.3	76.0	79.8	75.8	64.8
2,3,2,2,4,3,4,3,3,4,4,2,4,6	S		
2,3,2,2,4,3,4,3,3,4,4,2,4,4	b-D-GlcpN	55%	101.5	62.2	75.0	70.5	76.8	65.3
2,3,2,2,4,3,4,3,3,4,4,2,4,4,2	Ac	99%	175.6	23.5
2,3,2,2,4,3,4,3,3,4,4,2,4,4,6	S		175.6
2,3,2,2,4,3,4,3,3,4,4,2,4,4,2	a-L-Fucp	91%	100.4	69.3	70.5	73.0	68.0	16.6
