Linkage	Residue	Trust	C1	C2	C3	C4	C5	C6	C7	C8	C9
	a-D-Xylp	67%	100.0	72.7	73.2	70.4	62.4
2	a-D-Xylp	23%	98.5	72.5	72.9	73.7	62.6
2,3	a-L-Fucp	60%	96.3	78.4	69.4	72.0	67.3	15.9
2,3,2	b-D-Glcp	34%	103.5	74.5	76.9	69.9	77.4	62.5
2,3,2,3	a-L-Fucp	63%	99.6	69.0	71.0	73.1	68.8	17.1
2,3,2,2	b-D-Galp	57%	106.0	72.7	78.4	74.8	75.3	61.9
2,3,2,2,3	S	
2,3,2,2,4	b-D-Glcp	30%	103.0	73.7	77.0	70.6	76.2	65.1
2,3,2,2,4,6	S	
2,3,2,2,4,3	b-Neup	47%	174.5	96.9	37.1	72.9	50.8	70.7	69.8	73.1	64.1
2,3,2,2,4,3,5	Ac	83%	176.3	23.6
2,3,2,2,4,3,4	a-D-Galp	61%	95.7	68.2	80.4	69.7	71.4	61.9
2,3,2,2,4,3,4,3	b-D-GlcpA	52%	104.3	73.2	81.3	72.4	76.5	175.7
2,3,2,2,4,3,4,3,3	a-Neup	48%	174.7	101.9	37.7	69.8	53.1	74.1	69.8	73.1	64.1
2,3,2,2,4,3,4,3,3,5	Ac	83%	54.9	25.1
2,3,2,2,4,3,4,3,3,4	b-D-Galp	43%	104.2	71.7	72.9	78.3	75.8	65.3
2,3,2,2,4,3,4,3,3,4,6	S	
2,3,2,2,4,3,4,3,3,4,4	a-D-Galp	48%	99.5	69.2	74.5	68.5	71.5	61.5
2,3,2,2,4,3,4,3,3,4,4,3	S	
2,3,2,2,4,3,4,3,3,4,4,2	a-D-Galp	61%	96.7	69.3	70.3	78.5	71.8	61.4
2,3,2,2,4,3,4,3,3,4,4,2,6	S	
2,3,2,2,4,3,4,3,3,4,4,2,4	b-D-Glcp	62%	104.1	74.3	76.0	79.8	75.8	64.8
2,3,2,2,4,3,4,3,3,4,4,2,4,6	S	
2,3,2,2,4,3,4,3,3,4,4,2,4,4	b-D-GlcpN	52%	101.9	56.4	74.5	70.3	77.0	65.6
2,3,2,2,4,3,4,3,3,4,4,2,4,4,2	Ac	88%	175.6	23.4
2,3,2,2,4,3,4,3,3,4,4,2,4,4,6	S	
2,3,2,2,4,3,4,3,3,4,4,2,4,4,2	a-L-Fucp	51%	100.3	69.9	71.0	73.1	68.8	16.5
