Linkage	Residue	Trust	H1	H2	H3	H4	H5	H6	H7	H8	H9
	a-D-Xylp	33%	5.20	3.85	3.80	3.65	3.82
2	a-D-Xylp	8%	5.22	3.55	3.70	3.66	3.89
2,3	a-L-Fucp	34%	5.10	3.89	4.17	3.90	4.16	1.20
2,3,2	b-D-Glcp	35%	4.62	3.37	3.58	3.43	3.49	3.75-3.95
2,3,2,3	a-L-Fucp	66%	5.39	3.87	4.01	3.79	4.47	1.21
2,3,2,2	b-D-Galp	52%	5.26	3.53	4.21	4.34	3.76	3.73-3.75
2,3,2,2,3	S	
2,3,2,2,4	b-D-Glcp	18%	4.56	3.36	3.58	3.46	3.50	4.09-4.16
2,3,2,2,4,6	S	
2,3,2,2,4,3	b-Neup	50%	-	-	1.82-2.27	4.01	4.01	4.25	3.64	3.87	3.64-3.89
2,3,2,2,4,3,5	Ac	95%	-	2.05
2,3,2,2,4,3,4	a-D-Galp	48%	5.01	3.89	3.97	4.18	4.15	3.74-3.77
2,3,2,2,4,3,4,3	b-D-GlcpA	26%	4.67	3.40	3.99	3.58	3.81	-
2,3,2,2,4,3,4,3,3	a-Neup	34%	-	-	1.76-2.73	3.73	3.86	3.74	3.58	3.86	3.64-3.87
2,3,2,2,4,3,4,3,3,5	Ac	99%	-	2.03
2,3,2,2,4,3,4,3,3,4	b-D-Galp	38%	4.54	3.60	3.73	4.03	3.76	4.17
2,3,2,2,4,3,4,3,3,4,6	S	
2,3,2,2,4,3,4,3,3,4,4	a-D-Galp	53%	5.02	3.90	3.97	4.21	4.37	3.70-3.71
2,3,2,2,4,3,4,3,3,4,4,3	S	
2,3,2,2,4,3,4,3,3,4,4,2	a-D-Galp	59%	5.21	4.18	3.90	4.32	4.47	3.72-3.84
2,3,2,2,4,3,4,3,3,4,4,2,6	S	
2,3,2,2,4,3,4,3,3,4,4,2,4	b-D-Glcp	42%	4.95	3.69	3.66	3.77	3.59	3.95-4.08
2,3,2,2,4,3,4,3,3,4,4,2,4,6	S	
2,3,2,2,4,3,4,3,3,4,4,2,4,4	b-D-GlcpN	27%	4.69	3.60	3.66	3.43	3.45	4.06-4.13
2,3,2,2,4,3,4,3,3,4,4,2,4,4,2	Ac	98%	-	2.03
2,3,2,2,4,3,4,3,3,4,4,2,4,4,6	S	
2,3,2,2,4,3,4,3,3,4,4,2,4,4,2	a-L-Fucp	29%	5.10	3.89	3.87	3.79	4.30	1.22
