Lineage	Residue	Trust	C1	C2	C3	C4	C5	C6	C7	C8	C9	C10	C11
	a-D-Xylp	63%	91.2	76.5	72.6	70.4	62.0
2	a-D-Xylp	63%	96.9	73.5	78.8	69.1	62.5
2,3	a-L-Fucp	100%	98.4	76.1	69.1	73.0	67.8	16.5
2,3,2	b-D-Glcp	50%	99.5	83.1	81.9	69.6	77.2	62.1
2,3,2,3	a-L-Fucp	100%	100.4	69.2	70.4	73.0	67.9	16.7
2,3,2,2	b-D-Galp	63%	104.7	69.7	79.3	78.3	75.6	62.2
2,3,2,2,3	S	50%
2,3,2,2,4	b-D-Glcp	13%	104.9	73.1	82.6	68.9	76.0	65.2
2,3,2,2,4,6	S	50%
2,3,2,2,4,3	b-Neup5Ac	63%	176.1	101.4	39.6	73.9	53.1	71.1	69.5	71.1	64.5	175.9	23.5
2,3,2,2,4,3,4	a-D-Galp	100%	100.2	68.9	80.2	70.3	72.2	62.4
2,3,2,2,4,3,4,3	b-D-GlcpA	13%	105.1	72.1	82.5	71.3	75.7	174.4
2,3,2,2,4,3,4,3,3	a-Neup5Ac	63%	174.1	101.6	40.3	78.5	51.4	73.4	69.2	72.6	63.6	175.9	23.5
2,3,2,2,4,3,4,3,3,4	b-D-Galp	75%	104.4	71.8	73.6	78.3	75.4	65.1
2,3,2,2,4,3,4,3,3,4,6	S	50%
2,3,2,2,4,3,4,3,3,4,4	a-D-Galp	50%	99.3	72.8	74.1	70.0	72.2	62.4
2,3,2,2,4,3,4,3,3,4,4,3	S	50%
2,3,2,2,4,3,4,3,3,4,4,2	a-D-Galp	75%	97.5	69.6	70.7	79.9	70.4	66.0
2,3,2,2,4,3,4,3,3,4,4,2,6	S	50%
2,3,2,2,4,3,4,3,3,4,4,2,4	b-D-Glcp	0%	104.9	74.1	75.6	75.9	75.0	65.2
2,3,2,2,4,3,4,3,3,4,4,2,4,6	S	50%
2,3,2,2,4,3,4,3,3,4,4,2,4,4	b-D-GlcpNAc	50%	100.9	62.2	75.8	70.8	76.4	64.6	175.6	23.5
2,3,2,2,4,3,4,3,3,4,4,2,4,4,6	S	50%
2,3,2,2,4,3,4,3,3,4,4,2,4,4,2	a-L-Fucp	100%	100.4	69.2	70.4	73.0	67.9	16.7
