Linkage	Residue	Trust	H1	H2	H3	H4	H5	H6
	Me	95%	3.49
1	b-D-GlcpN	35%	4.48	3.81	3.57	3.49	3.43	3.54-3.74
1,2	Ac	98%	-	2.03
1,4	b-D-GlcpN	62%	4.43	3.62	3.49	3.40	3.35	3.52-3.71
1,4,2	Ac	98%	-	2.03
1,4,4	b-D-GlcpN	26%	4.69	3.60	3.66	3.41	3.42	4.06-4.13
1,4,4,2	Ac	98%	-	2.03
1,4,4,6	S	
1,4,4,2	a-D-Fucp	7%	5.10	3.89	3.91	3.91	4.32	1.24
1,4,4,2,4	b-D-ManpA	64%	4.49	3.83	3.66	3.74	3.78	-
1,4,4,2,2	b-D-ManpA	26%	4.75	4.24	3.69	3.83	3.77	-
1,4,4,2,2,2	b-D-ManpA	64%	4.88	4.14	3.66	3.74	3.67	-
1,4,4,2,2,4	b-D-GlcpN	45%	4.56	3.80	3.69	3.49	3.54	4.09-4.16
1,4,4,2,2,4,2	Ac	98%	-	2.03
1,4,4,2,2,4,6	S	
1,4,4,2,2,4,3	a-D-ManpA	38%	5.24	4.06	3.87	3.83	4.17	-
1,4,4,2,2,4,3,4	a-D-GalpA	40%	5.22	3.77	3.92	4.21	4.50	-
