Linkage	Residue	Trust	C1	C2	C3	C4	C5	C6
	Me	84%	58.1
1	b-L-Fucp	38%	102.2	80.3	78.1	72.5	71.7	16.4
1,2	b-L-Fucp	65%	103.0	72.8	73.7	72.4	71.9	16.1
1,4	b-D-Galp	67%	105.7	71.5	83.3	69.3	76.0	62.0
1,4,3	b-D-Glcp	58%	106.1	73.3	86.1	70.3	77.8	63.8
1,4,3,3	b-D-GalpA	65%	105.5	71.8	74.1	77.4	74.6	174.9
1,4,3,3,4	a-D-GalpA	73%	99.3	69.7	69.1	81.9	71.7	175.8
1,4,3,3,4,4	b-D-Galp	65%	103.3	73.0	76.8	68.3	75.3	61.9
1,4,3,3,4,4,3	S	
1,4,3,3,4,4,2	a-D-Glcp	67%	94.4	75.4	73.7	70.3	72.6	64.9
1,4,3,3,4,4,2,6	S	
1,4,3,3,4,4,2,2	a-D-Galp	47%	96.7	69.3	74.3	69.6	70.8	65.6
1,4,3,3,4,4,2,2,6	S	
1,4,3,3,4,4,2,2,3	b-L-Fucp	18%	98.2	72.7	74.9	72.5	71.7	16.8
1,4,3,3,4,4,2,2,3,3	b-D-GalpA	66%	104.8	73.4	73.6	71.1	76.0	174.8
1,4,3,3,4,4,2,2,3,2	b-D-Galp	49%	104.6	75.2	72.8	70.4	75.8	65.3
1,4,3,3,4,4,2,2,3,2,6	S	
1,4,3,3,4,4,2,2,3,2,2	a-D-Galp	50%	97.9	67.7	74.5	80.2	70.8	63.7
1,4,3,3,4,4,2,2,3,2,2,3	S	
1,4,3,3,4,4,2,2,3,2,2,4	a-L-Fucp	65%	99.7	78.4	69.6	70.9	68.9	16.8
1,4,3,3,4,4,2,2,3,2,2,4,2	b-D-Galp	69%	105.1	72.5	73.8	69.5	76.0	61.9
