Lineage	Residue	Trust	C1	C2	C3	C4	C5	C6
	Me	92%	58.2
1	b-L-Fucp	40%	102.4	79.6	76.5	81.3	71.3	16.3
1,2	b-L-Fucp	91%	103.9	71.7	73.9	72.5	71.9	16.5
1,4	b-D-Galp	89%	104.6	71.2	83.8	69.6	76.2	62.1
1,4,3	b-D-Glcp	87%	105.0	73.7	86.4	69.6	77.1	62.6
1,4,3,3	b-D-GalpA	90%	105.1	71.8	73.8	79.2	75.8	174.2
1,4,3,3,4	a-D-GalpA	90%	101.5	69.8	70.6	81.5	72.9	176.2
1,4,3,3,4,4	b-D-Galp	58%	104.1	73.6	77.1	68.5	75.8	62.0
1,4,3,3,4,4,3	S		
1,4,3,3,4,4,2	a-D-Glcp	74%	96.1	76.1	72.8	70.3	72.6	65.0
1,4,3,3,4,4,2,6	S		
1,4,3,3,4,4,2,2	a-D-Galp	78%	97.1	68.8	76.9	68.2	71.0	65.9
1,4,3,3,4,4,2,2,6	S		
1,4,3,3,4,4,2,2,3	b-L-Fucp	35%	100.4	78.2	79.4	70.3	71.9	16.7
1,4,3,3,4,4,2,2,3,3	b-D-GalpA	89%	102.6	71.1	74.2	71.4	75.9	173.9
1,4,3,3,4,4,2,2,3,2	b-D-Galp	73%	104.5	76.7	73.0	70.2	75.2	65.5
1,4,3,3,4,4,2,2,3,2,6	S		
1,4,3,3,4,4,2,2,3,2,2	a-D-Galp	60%	98.5	67.8	75.7	78.1	71.5	62.9
1,4,3,3,4,4,2,2,3,2,2,3	S		
1,4,3,3,4,4,2,2,3,2,2,4	a-L-Fucp	88%	97.3	76.4	69.2	72.6	68.2	16.6
1,4,3,3,4,4,2,2,3,2,2,4,2	b-D-Galp	88%	102.7	72.0	74.0	69.8	76.3	62.1
