Linkage	Residue	Trust	H1	H2	H3	H4	H5	H6
	Me	98%	3.57
1	b-L-Fucp	14%	4.84	3.65	3.68	3.79	3.82	1.24
1,2	b-L-Fucp	57%	5.08	3.60	3.62	3.77	3.91	1.25
1,4	b-D-Galp	50%	4.63	3.60	3.81	4.16	3.71	3.74-3.77
1,4,3	b-D-Glcp	62%	4.68	3.22	3.70	3.49	3.47	3.75-3.92
1,4,3,3	b-D-GalpA	42%	4.71	3.45	3.72	4.52	4.18	-
1,4,3,3,4	a-D-GalpA	53%	4.97	3.94	3.80	4.37	4.80	-
1,4,3,3,4,4	b-D-Galp	63%	4.22	3.62	4.24	4.23	3.40	3.67-3.87
1,4,3,3,4,4,3	S	
1,4,3,3,4,4,2	a-D-Glcp	59%	5.55	3.73	3.88	3.53	3.98	4.06-4.15
1,4,3,3,4,4,2,6	S	
1,4,3,3,4,4,2,2	a-D-Galp	18%	5.17	3.89	3.97	4.10	4.36	3.99
1,4,3,3,4,4,2,2,6	S	
1,4,3,3,4,4,2,2,3	b-L-Fucp	20%	4.65	3.65	3.69	3.99	3.82	1.11
1,4,3,3,4,4,2,2,3,3	b-D-GalpA	64%	4.71	3.73	3.73	4.22	4.15	-
1,4,3,3,4,4,2,2,3,2	b-D-Galp	39%	4.53	3.62	3.74	4.05	3.83	4-4.02
1,4,3,3,4,4,2,2,3,2,6	S	
1,4,3,3,4,4,2,2,3,2,2	a-D-Galp	50%	5.38	3.97	3.97	4.08	4.27	3.82-3.96
1,4,3,3,4,4,2,2,3,2,2,3	S	
1,4,3,3,4,4,2,2,3,2,2,4	a-L-Fucp	32%	5.10	3.89	4.17	4.08	4.11	1.25
1,4,3,3,4,4,2,2,3,2,2,4,2	b-D-Galp	63%	4.50	3.42	3.65	3.92	3.68	3.74-3.77
