Lineage	Residue	Trust	C1	C2	C3	C4	C5	C6
	Me	100%	58.3
1	b-L-Fucp	38%	102.8	78.6	74.6	81.4	71.1	16.1
1,2	b-L-Fucp	100%	104.2	71.4	74.0	72.5	71.9	16.7
1,4	b-D-Galp	100%	104.5	71.0	83.9	69.7	76.3	62.2
1,4,3	b-D-Glcp	100%	104.9	73.8	86.4	69.5	77.0	62.1
1,4,3,3	b-D-GalpA	100%	105.0	71.8	73.8	80.2	76.1	173.8
1,4,3,3,4	a-D-GalpA	100%	102.8	69.8	71.1	81.3	73.3	176.4
1,4,3,3,4,4	b-D-Galp	50%	105.3	74.8	77.9	69.7	76.3	62.2
1,4,3,3,4,4,3	S	50%
1,4,3,3,4,4,2	a-D-Glcp	75%	97.1	76.6	72.2	70.2	72.7	65.1
1,4,3,3,4,4,2,6	S	50%
1,4,3,3,4,4,2,2	a-D-Galp	88%	97.1	68.6	76.9	67.7	71.1	66.0
1,4,3,3,4,4,2,2,6	S	50%
1,4,3,3,4,4,2,2,3	b-L-Fucp	25%	100.4	78.2	79.4	69.6	71.9	16.7
1,4,3,3,4,4,2,2,3,3	b-D-GalpA	100%	101.5	70.4	74.3	71.6	75.9	173.8
1,4,3,3,4,4,2,2,3,2	b-D-Galp	75%	104.4	76.9	73.0	70.0	75.2	65.8
1,4,3,3,4,4,2,2,3,2,6	S	50%
1,4,3,3,4,4,2,2,3,2,2	a-D-Galp	63%	99.3	68.0	75.7	76.9	72.1	62.4
1,4,3,3,4,4,2,2,3,2,2,3	S	50%
1,4,3,3,4,4,2,2,3,2,2,4	a-L-Fucp	100%	96.9	76.1	69.1	73.0	67.8	16.5
1,4,3,3,4,4,2,2,3,2,2,4,2	b-D-Galp	100%	101.7	71.8	74.1	70.0	76.3	62.2
