Linkage	Residue	Trust	C1	C2	C3	C4	C5	C6	C7	C8	C9
	Me	83%	58.4
1	b-D-GlcpN	73%	101.5	55.8	82.8	70.2	76.3	62.1
1,2	Ac	88%	175.6	23.4
1,3	b-D-GlcpN	51%	96.6	56.4	75.8	71.5	77.1	62.2
1,3,2	Ac	88%	175.6	23.4
1,3,2	b-D-ManpA	20%	101.5	70.9	72.0	74.5	77.0	176.2
1,3,2,4	a-D-Fucp	56%	99.7	69.3	69.4	82.4	67.9	16.8
1,3,2,4,4	b-D-Fucp	55%	105.7	71.5	83.3	73.0	71.7	17.0
1,3,2,4,4,3	b-D-Glcp	70%	103.6	81.6	77.6	71.2	77.1	62.2
1,3,2,4,4,3,2	b-D-GlcpN	53%	102.6	56.6	77.9	71.4	77.1	62.2
1,3,2,4,4,3,2,2	Ac	88%	175.6	23.4
1,3,2,4,4,3,2,3	b-Neup	51%	174.5	96.9	41.1	69.2	53.3	70.7	69.8	73.3	64.2
1,3,2,4,4,3,2,3,5	Ac	83%	176.3	23.6
