Linkage	Residue	Trust	C1	C2	C3	C4	C5	C6
	b-L-Fucp	66%	97.2	73.1	74.8	82.1	71.6	16.8
4	b-L-Fucp	41%	105.4	71.9	74.9	72.1	71.7	16.8
4,3	a-D-GlcpN	34%	94.4	54.6	71.4	71.0	72.8	62.1
4,3,2	Ac	83%	175.3	23.3
4,3,2	b-D-GlcpN	40%	102.3	56.6	75.5	77.6	76.1	66.0
4,3,2,2	Ac	88%	175.6	23.4
4,3,2,6	S	
4,3,2,4	a-D-Glcp	61%	100.6	72.8	81.8	69.1	74.0	65.1
4,3,2,4,6	S	
4,3,2,4,3	b-D-Glcp	63%	103.4	73.6	83.6	71.3	77.0	62.0
4,3,2,4,3,3	a-D-ManpA	43%	101.8	70.9	70.8	82.4	76.7	176.0
4,3,2,4,3,3,4	b-D-Galp	48%	103.6	84.6	69.2	71.4	75.7	61.9
4,3,2,4,3,3,4,2	b-D-GlcpA	24%	101.1	74.0	76.1	77.4	76.7	176.0
4,3,2,4,3,3,4,2,3	b-D-Manp	70%	101.7	72.0	74.0	68.0	76.3	61.5
4,3,2,4,3,3,4,2,4	b-D-Galp	70%	102.9	78.7	74.6	70.2	75.4	65.3
4,3,2,4,3,3,4,2,4,6	S	
4,3,2,4,3,3,4,2,4,2	b-D-GlcpN	66%	101.8	55.8	79.6	70.9	76.9	62.0
4,3,2,4,3,3,4,2,4,2,2	Ac	88%	175.6	23.4
4,3,2,4,3,3,4,2,4,2,3	a-D-GlcpN	49%	99.0	54.7	73.4	73.9	68.4	62.6
4,3,2,4,3,3,4,2,4,2,3,2	Ac	83%	175.3	23.3
4,3,2,4,3,3,4,2,4,2,3,4	a-D-Galp	64%	104.9	75.2	69.5	70.4	76.6	66.0
4,3,2,4,3,3,4,2,4,2,3,4,6	S	
4,3,2,4,3,3,4,2,4,2,3,4,2	b-D-Galp	62%	105.2	72.5	73.8	78.6	74.0	64.8
4,3,2,4,3,3,4,2,4,2,3,4,2,6	S	
4,3,2,4,3,3,4,2,4,2,3,4,2,4	a-D-ManpA	71%	103.0	71.4	71.8	69.5	75.8	176.5
