Linkage	Residue	Trust	H1	H2	H3	H4	H5	H6
	b-L-Fucp	74%	4.60	3.48	3.83	4.11	3.94	1.40
4	b-L-Fucp	22%	4.79	3.54	3.69	3.73	3.82	1.24
4,3	a-D-GlcpN	27%	5.20	3.78	3.83	3.55	3.90	3.79-3.90
4,3,2	Ac	98%	-	2.05
4,3,2	b-D-GlcpN	42%	4.70	3.57	3.81	3.70	3.70	4.02-4.22
4,3,2,2	Ac	98%	-	2.03
4,3,2,6	S	
4,3,2,4	a-D-Glcp	43%	5.38	3.89	3.87	3.62	3.70	4.06-4.14
4,3,2,4,6	S	
4,3,2,4,3	b-D-Glcp	67%	4.90	3.47	3.70	3.61	3.50	3.78-3.93
4,3,2,4,3,3	a-D-ManpA	51%	5.07	4.02	3.83	3.71	4.51	-
4,3,2,4,3,3,4	b-D-Galp	39%	4.62	3.62	3.87	3.78	3.68	3.76-3.79
4,3,2,4,3,3,4,2	b-D-GlcpA	9%	4.72	3.40	3.62	3.70	3.81	-
4,3,2,4,3,3,4,2,3	b-D-Manp	50%	4.83	4.07	3.64	3.57	3.61	3.80-4.04
4,3,2,4,3,3,4,2,4	b-D-Galp	68%	4.49	3.83	3.72	3.88	3.71	4-4.02
4,3,2,4,3,3,4,2,4,6	S	
4,3,2,4,3,3,4,2,4,2	b-D-GlcpN	69%	4.88	3.77	3.74	3.69	3.44	3.75-3.91
4,3,2,4,3,3,4,2,4,2,2	Ac	98%	-	2.03
4,3,2,4,3,3,4,2,4,2,3	a-D-GlcpN	45%	5.44	3.86	5.22	4.01	4	3.77-3.96
4,3,2,4,3,3,4,2,4,2,3,2	Ac	98%	-	2.05
4,3,2,4,3,3,4,2,4,2,3,4	a-D-Galp	69%	4.97	3.70	4.04	4.06	3.74	4-4.04
4,3,2,4,3,3,4,2,4,2,3,4,6	S	
4,3,2,4,3,3,4,2,4,2,3,4,2	b-D-Galp	54%	4.56	3.61	3.75	4	3.91	3.72-3.88
4,3,2,4,3,3,4,2,4,2,3,4,2,6	S	
4,3,2,4,3,3,4,2,4,2,3,4,2,4	a-D-ManpA	69%	4.87	4.04	3.88	3.74	4.21	-
