Linkage	Residue	Trust	C1	C2	C3	C4	C5	C6
	Me	84%	58.1
1	b-D-GlcpA	54%	104.8	73.4	79.9	77.4	76.1	174.5
1,3	b-D-GlcpA	60%	105.5	73.8	75.9	73.4	77.6	176.3
1,4	b-D-GlcpA	65%	103.5	74.2	75.8	78.0	76.9	180.0
1,4,4	a-D-Galp	53%	100.2	69.3	69.7	78.6	71.5	64.4
1,4,4,6	S	
1,4,4,4	b-D-GlcpN	59%	99.8	56.8	73.7	78.7	66.4	62.3
1,4,4,4,2	Ac	88%	175.6	23.4
1,4,4,4,6	S	
1,4,4,4,4	b-D-Galp	64%	104.3	71.1	77.5	75.5	74.6	62.0
1,4,4,4,4,3	S	
1,4,4,4,4,4	b-D-GlcpN	40%	102.2	56.4	74.1	70.7	77.6	65.6
1,4,4,4,4,4,2	Ac	88%	175.6	23.4
1,4,4,4,4,4,6	S	
1,4,4,4,4,4,2	b-D-Galp	35%	104.2	71.6	76.4	78.3	75.5	61.7
1,4,4,4,4,4,2,3	S	
1,4,4,4,4,4,2,4	a-D-Galp	58%	100.4	80.6	69.9	69.9	71.0	65.7
1,4,4,4,4,4,2,4,6	S	
1,4,4,4,4,4,2,4,2	a-D-ManpA	45%	103.5	72.0	71.5	73.3	73.3	175.6
1,4,4,4,4,4,2,4,2,4	a-D-Galp	55%	91.6	72.6	70.7	79.7	72.3	61.1
1,4,4,4,4,4,2,4,2,4,6	S	
1,4,4,4,4,4,2,4,2,4,4	a-D-Glcp	65%	101.3	72.8	72.3	79.4	71.2	65.1
1,4,4,4,4,4,2,4,2,4,4,6	S	
1,4,4,4,4,4,2,4,2,4,4,4	b-D-Galp	54%	103.6	77.5	78.6	71.5	75.8	62.2
1,4,4,4,4,4,2,4,2,4,4,4,3	S	
1,4,4,4,4,4,2,4,2,4,4,4,2	b-D-Galp	60%	107.0	72.3	78.5	75.1	75.4	61.5
1,4,4,4,4,4,2,4,2,4,4,4,2,3	S	
1,4,4,4,4,4,2,4,2,4,4,4,2,4	b-D-GlcpA	59%	103.1	82.8	76.5	73.2	75.8	176.5
1,4,4,4,4,4,2,4,2,4,4,4,2,4,2	b-D-GlcpN	65%	103.1	57.1	82.7	70.2	77.3	65.7
1,4,4,4,4,4,2,4,2,4,4,4,2,4,2,2	Ac	88%	175.6	23.4
1,4,4,4,4,4,2,4,2,4,4,4,2,4,2,6	S	
1,4,4,4,4,4,2,4,2,4,4,4,2,4,2,3	b-D-GlcpN	75%	96.6	57.0	75.8	71.5	77.1	62.2
1,4,4,4,4,4,2,4,2,4,4,4,2,4,2,3,2	Ac	88%	175.6	23.4
