Linkage	Residue	Trust	C1	C2	C3	C4	C5	C6	C7	C8	C9
	b-D-GlcpN	73%	92.3	55.4	73.0	80.5	75.3	60.8
2	Ac	88%	175.6	23.4
4	b-D-GlcpN	67%	101.6	55.0	72.0	79.6	74.5	59.9
4,2	Ac	88%	175.6	23.4
4,4	b-D-Manp	78%	103.0	72.9	83.7	67.9	77.0	68.4
4,4,6	a-D-Manp	62%	98.6	77.1	69.4	67.5	73.6	61.9
4,4,6,2	b-D-GlcpN	59%	99.9	55.3	73.0	79.4	75.9	61.1
4,4,6,2,2	Ac	88%	175.6	23.4
4,4,6,2,4	b-D-Galp	91%	106.0	73.6	75.3	71.2	76.4	66.0
4,4,6,2,4,6	a-Neup	90%	175.9	103.1	42.8	71.0	54.7	75.3	71.3	74.5	65.7
4,4,6,2,4,6,5	Ac	83%	54.9	25.1
4,4,3	a-D-Manp	50%	100.0	76.5	69.4	78.8	73.6	61.6
4,4,3,4	b-D-GlcpN	61%	101.9	57.3	74.4	79.4	76.0	62.2
4,4,3,4,2	Ac	88%	175.6	23.4
4,4,3,4,4	b-D-Galp	91%	106.0	73.6	75.3	71.2	76.4	66.0
4,4,3,4,4,6	a-Neup	90%	175.9	103.1	42.8	71.0	54.7	75.3	71.3	74.5	65.7
4,4,3,4,4,6,5	Ac	83%	54.9	25.1
4,4,3,2	b-D-GlcpN	59%	99.9	55.3	73.0	79.4	75.9	61.1
4,4,3,2,2	Ac	88%	175.6	23.4
4,4,3,2,4	b-D-Galp	91%	106.0	73.6	75.3	71.2	76.4	66.0
4,4,3,2,4,6	a-Neup	90%	175.9	103.1	42.8	71.0	54.7	75.3	71.3	74.5	65.7
4,4,3,2,4,6,5	Ac	83%	54.9	25.1
