Linkage	Residue	Trust	C1	C2	C3	C4	C5	C6	C7	C8	C9
	Me	83%	56.0
1	a-D-GlcpN	74%	98.1	54.4	71.0	80.6	71.6	61.1
1,2	Ac	83%	175.3	23.3
1,4	b-D-GlcpN	75%	102.4	56.0	81.5	71.9	77.1	62.1
1,4,2	Ac	88%	175.6	23.4
1,4,6	S	
1,4,3	a-D-Glcp	65%	98.9	77.9	73.1	70.5	73.0	61.0
1,4,3,2	a-D-GlcpN	38%	98.8	55.0	74.0	71.1	72.6	66.7
1,4,3,2,2	Ac	83%	175.3	23.3
1,4,3,2,6	S	
1,4,3,2,3	a-Neup	47%	177.2	102.0	38.5	75.6	50.8	73.9	69.6	73.1	64.0
1,4,3,2,3,5	Ac	83%	54.9	25.1
1,4,3,2,3,4	a-D-GalpA	42%	97.4	67.9	72.2	70.5	72.2	175.5
1,4,3,2,3,4,3	a-L-Fucp	33%	104.1	71.1	70.7	75.4	68.2	16.9
1,4,3,2,3,4,3,4	b-L-Fucp	25%	98.2	72.7	74.9	72.4	71.7	16.5
1,4,3,2,3,4,3,4,2	a-D-Galp	71%	98.3	69.7	70.4	70.3	72.0	62.1
1,4,3,2,3,4,3,4,3	a-D-GalpA	39%	96.2	79.9	69.7	81.9	72.1	174.6
1,4,3,2,3,4,3,4,3,4	b-D-Galp	75%	104.8	70.8	73.8	69.5	76.0	61.5
1,4,3,2,3,4,3,4,3,2	b-D-GlcpN	53%	101.7	57.1	74.8	77.6	77.0	61.6
1,4,3,2,3,4,3,4,3,2,2	Ac	88%	175.6	23.4
1,4,3,2,3,4,3,4,3,2,4	a-D-Xylp	26%	100.0	72.2	72.9	73.2	61.4
1,4,3,2,3,4,3,4,3,2,4,4	a-D-Xylp	41%	98.5	72.0	76.6	70.1	61.2
