Linkage	Residue	Trust	C1	C2	C3	C4	C5	C6
	Me	76%	56.2
1	a-D-Glcp	55%	100.8	72.1	81.4	71.6	73.8	62.0
1,3	a-D-Glcp	38%	100.7	72.6	73.7	71.8	73.8	62.2
1,3,3	b-L-Fucp	44%	103.6	71.5	73.7	80.2	71.7	18.2
1,3,3,4	a-D-Galp	41%	101.3	69.6	76.5	68.0	71.8	65.6
1,3,3,4,6	S	
1,3,3,4,3	a-D-GalpA	22%	99.6	69.2	76.2	70.4	72.1	175.7
1,3,3,4,3,2	b-D-Manp	66%	102.4	71.3	74.0	68.0	77.4	62.9
1,3,3,4,3,3	a-D-ManpA	50%	102.5	69.6	79.6	73.3	73.1	176.5
1,3,3,4,3,3,3	b-D-Galp	57%	102.6	71.1	78.6	70.5	75.7	61.9
1,3,3,4,3,3,3,3	a-D-ManpA	50%	99.8	71.0	73.6	69.5	76.2	175.8
