Linkage	Residue	Trust	C1	C2	C3	C4	C5	C6	C7	C8	C9
	b-D-Glcp	69%	97.3	72.8	75.7	79.5	75.9	61.3
4	b-D-Glcp	62%	103.0	75.4	77.6	69.3	76.8	61.6
4,3	b-D-ManpA	40%	101.7	77.3	71.9	79.5	77.0	175.3
4,3,2	a-D-Xylp	37%	98.5	73.1	73.1	73.7	61.2
4,3,4	b-D-Manp	41%	101.5	71.5	75.4	70.5	77.0	62.2
4,3,4,4	b-D-GalpA	70%	104.7	70.9	72.7	71.1	76.0	174.8
4,3,4,3	a-D-ManpA	33%	103.1	70.6	76.5	73.3	73.5	178.5
4,3,4,3,3	b-Neup	38%	173.6	96.9	40.2	67.4	54.2	70.7	69.8	73.1	64.1
4,3,4,3,3,5	Ac	83%	176.3	23.6
4,3,4,3,3,4	a-D-Manp	54%	101.2	71.0	71.4	67.7	74.1	61.9
