Linkage	Residue	Trust	C1	C2	C3	C4	C5	C6
	Me	83%	55.6
1	a-D-Manp	60%	101.3	70.9	71.6	77.5	73.8	61.9
1,4	a-D-Manp	67%	102.2	69.1	70.4	78.7	74.8	62.2
1,4,4	b-D-GalpA	58%	105.0	70.9	73.3	80.1	76.5	174.3
1,4,4,4	b-D-GlcpN	61%	100.0	53.8	84.0	69.0	75.7	65.7
1,4,4,4,2	Ac	88%	175.6	23.4
1,4,4,4,6	S	
1,4,4,4,3	b-D-GlcpA	71%	104.1	73.6	77.6	78.4	77.3	175.0
1,4,4,4,3,4	a-D-Glcp	53%	97.5	73.9	72.3	76.7	72.7	61.4
1,4,4,4,3,4,4	a-D-Glcp	67%	101.3	73.5	74.3	70.9	73.3	62.3
1,4,4,4,3,4,2	a-D-Galp	46%	96.3	69.4	74.5	81.6	71.9	60.9
1,4,4,4,3,4,2,3	S	
1,4,4,4,3,4,2,4	a-D-GlcpN	54%	99.6	54.1	78.4	72.0	76.2	65.7
1,4,4,4,3,4,2,4,2	Ac	83%	175.3	23.3
1,4,4,4,3,4,2,4,6	S	
1,4,4,4,3,4,2,4,3	a-D-Manp	58%	102.3	71.0	78.8	66.6	74.4	61.5
1,4,4,4,3,4,2,4,3,3	b-D-ManpA	34%	95.5	72.9	77.1	74.5	77.0	176.2
1,4,4,4,3,4,2,4,3,3,3	b-D-ManpA	61%	98.4	72.1	73.6	69.5	76.6	176.5
1,4,4,4,3,4,2,4,3,3,4	a-D-Glcp	48%	100.1	77.0	72.3	69.8	72.3	64.9
1,4,4,4,3,4,2,4,3,3,4,6	S	
1,4,4,4,3,4,2,4,3,3,4,2	b-D-ManpA	42%	103.2	71.3	80.8	69.5	77.0	175.8
1,4,4,4,3,4,2,4,3,3,4,2,3	b-D-ManpA	38%	98.2	72.0	72.0	74.5	77.0	176.2
1,4,4,4,3,4,2,4,3,3,4,2,3,4	a-D-Fucp	70%	99.4	69.2	71.0	73.1	68.8	16.5
