Linkage	Residue	Trust	H1	H2	H3	H4	H5	H6
	Me	95%	3.42
1	a-D-Manp	45%	4.65	4.08	3.91	3.84	3.92	3.70-3.90
1,4	a-D-Manp	77%	4.93	4.08	3.69	3.87	3.50	3.83-3.95
1,4,4	b-D-GalpA	47%	4.53	3.69	4.24	4.34	3.85	-
1,4,4,4	b-D-GlcpN	66%	4.94	3.74	3.73	3.58	3.59	4.07-4.15
1,4,4,4,2	Ac	98%	-	2.03
1,4,4,4,6	S	
1,4,4,4,3	b-D-GlcpA	83%	4.44	3.37	3.81	3.83	3.93	-
1,4,4,4,3,4	a-D-Glcp	56%	5.72	3.25	3.75	3.67	3.81	3.81-3.86
1,4,4,4,3,4,4	a-D-Glcp	39%	5.06	3.56	3.74	3.43	3.68	3.68-3.76
1,4,4,4,3,4,2	a-D-Galp	36%	5.24	3.96	3.97	3.71	4.18	3.70-3.72
1,4,4,4,3,4,2,3	S	
1,4,4,4,3,4,2,4	a-D-GlcpN	48%	4.95	3.76	3.91	3.62	4.22	4.04-4.11
1,4,4,4,3,4,2,4,2	Ac	98%	-	2.05
1,4,4,4,3,4,2,4,6	S	
1,4,4,4,3,4,2,4,3	a-D-Manp	52%	5.26	4.13	4.14	3.79	3.61	3.79-3.83
1,4,4,4,3,4,2,4,3,3	b-D-ManpA	33%	4.73	3.35	3.85	3.83	3.68	-
1,4,4,4,3,4,2,4,3,3,3	b-D-ManpA	53%	4.86	4.01	3.66	3.74	3.67	-
1,4,4,4,3,4,2,4,3,3,4	a-D-Glcp	25%	5.18	3.59	3.74	3.54	3.87	4.06-4.15
1,4,4,4,3,4,2,4,3,3,4,6	S	
1,4,4,4,3,4,2,4,3,3,4,2	b-D-ManpA	16%	4.79	3.99	3.85	3.74	3.68	-
1,4,4,4,3,4,2,4,3,3,4,2,3	b-D-ManpA	15%	4.85	4.02	3.83	3.83	3.88	-
1,4,4,4,3,4,2,4,3,3,4,2,3,4	a-D-Fucp	48%	5.40	3.74	3.87	3.79	4.30	1.22
