Linkage	Residue	Trust	C1	C2	C3	C4	C5	C6
	b-L-Fucp	67%	97.1	72.0	83.9	73.0	71.9	16.6
3	b-L-Fucp	37%	104.4	72.7	73.7	72.4	71.7	16.1
3,2	b-D-Galp	47%	104.9	72.3	76.4	77.6	75.5	61.5
3,2,3	S	
3,2,4	a-D-GlcpA	50%	100.9	75.7	81.3	73.1	73.1	176.5
3,2,4,3	a-D-Manp	50%	102.0	70.5	78.5	67.8	71.0	62.0
3,2,4,3,3	a-D-GlcpN	54%	95.6	55.4	73.4	73.9	71.4	61.1
3,2,4,3,3,2	Ac	83%	175.3	23.3
3,2,4,3,3,4	a-D-GlcpA	59%	101.7	77.0	73.5	72.5	73.7	175.9
3,2,4,3,3,4,2	b-D-ManpA	30%	102.7	71.3	73.0	74.5	77.0	176.2
3,2,4,3,3,4,2,4	b-L-Fucp	41%	103.7	71.7	74.9	70.9	71.7	16.8
3,2,4,3,3,4,2,4,3	a-L-Fucp	65%	104.1	71.1	71.0	73.1	68.8	16.5
