Linkage	Residue	Trust	H1	H2	H3	H4	H5	H6
	b-L-Fucp	74%	4.53	3.65	3.80	4.02	3.80	1.24
3	b-L-Fucp	17%	4.65	3.65	3.68	3.69	3.85	1.27
3,2	b-D-Galp	55%	4.50	3.60	4.36	4.18	3.75	3.79-3.87
3,2,3	S	
3,2,4	a-D-GlcpA	38%	5.11	3.47	3.95	3.69	4.24	-
3,2,4,3	a-D-Manp	42%	5.13	4.13	3.82	3.82	3.80	3.63
3,2,4,3,3	a-D-GlcpN	50%	4.90	4.01	5.22	4.01	3.81	3.77
3,2,4,3,3,2	Ac	98%	-	2.05
3,2,4,3,3,4	a-D-GlcpA	30%	5.20	3.69	3.74	3.52	4.02	-
3,2,4,3,3,4,2	b-D-ManpA	14%	4.79	4.02	3.69	3.83	3.68	-
3,2,4,3,3,4,2,4	b-L-Fucp	21%	4.65	3.54	3.69	3.81	3.82	1.15
3,2,4,3,3,4,2,4,3	a-L-Fucp	36%	5.05	3.86	3.87	3.79	4.30	1.22
