Linkage	Residue	Trust	H1	H2	H3	H4	H5	H6	H7	H8	H9
	Me	98%	3.57
1	b-D-Fucp	59%	4.35	3.70	3.82	4.02	3.84	1.26
1,3	b-D-Fucp	23%	4.64	3.54	4	3.73	3.82	1.24
1,3,3	a-Neup	68%	-	-	1.80-3.01	4.10	3.99	3.99	3.52	3.77	3.61-3.82
1,3,3,5	Ac	99%	-	2.03
1,3,3,4	b-D-GlcpN	24%	4.69	3.60	3.66	3.57	3.49	4.06-4.13
1,3,3,4,2	Ac	98%	-	2.03
1,3,3,4,6	S	
1,3,3,4,2	a-D-GlcpA	14%	5.20	3.65	3.87	4.05	4.24	-
1,3,3,4,2,3	a-D-Glcp	76%	5.35	3.53	3.87	3.44	4.02	3.74-3.94
1,3,3,4,2,4	b-D-Galp	60%	4.45	3.57	4.16	4.27	3.70	3.71-3.82
1,3,3,4,2,4,3	S	
1,3,3,4,2,4,4	b-D-GlcpN	18%	4.69	3.60	3.66	3.61	3.44	4.06-4.13
1,3,3,4,2,4,4,2	Ac	98%	-	2.03
1,3,3,4,2,4,4,6	S	
1,3,3,4,2,4,4,2	a-D-ManpA	4%	5	4.05	?	3.76	4.17	-
1,3,3,4,2,4,4,2,4	a-D-Fucp	48%	5.40	3.74	3.87	3.79	4.30	1.22
1,3,3,4,2,4,4,2,2	b-D-ManpA	38%	4.88	4.14	3.80	3.83	3.90	-
1,3,3,4,2,4,4,2,2,4	b-D-Xylp	57%	4.46	3.46	3.57	3.85	3.32-3.94
1,3,3,4,2,4,4,2,2,4,2	a-D-Glcp	46%	5.46	3.79	3.87	3.61	4.06	4.06-4.14
1,3,3,4,2,4,4,2,2,4,2,6	S	
1,3,3,4,2,4,4,2,2,4,2,3	b-D-Fucp	66%	4.56	3.49	3.60	3.77	3.91	1.25
