Linkage	Residue	Trust	H1	H2	H3	H4	H5	H6
	Me	97%	3.42
1	a-D-GalpA	20%	5.30	3.92	4.04	4.50	4.67	-
1,2	a-D-GalpA	81%	5.27	3.88	3.99	4.33	4.69	-
1,3	a-D-GlcpA	63%	5.36	3.70	3.98	3.68	4.37	-
1,3,2	b-D-Glcp	76%	4.70	3.48	3.67	3.67	3.50	4.08-4.15
1,3,2,6	S	
1,3,2,3	a-D-GlcpA	10%	5.20	3.69	3.96	3.64	4.21	-
1,3,2,3,2	a-D-GlcpN	27%	5.01	4.01	3.83	3.62	4.02	4.08-4.15
1,3,2,3,2,2	Ac	98%	-	2.05
1,3,2,3,2,6	S	
1,3,2,3,2,4	b-L-Fucp	28%	4.65	3.54	3.69	3.87	3.82	1.30
1,3,2,3,2,4,3	b-D-GlcpN	58%	4.68	3.74	3.75	3.73	3.46	3.76-3.87
1,3,2,3,2,4,3,2	Ac	98%	-	2.03
1,3,2,3,2,4,3,4	a-D-Galp	59%	5.39	3.94	3.86	4.06	4.02	4.17
1,3,2,3,2,4,3,4,6	S	
1,3,2,3,2,4,3,4,4	a-D-Galp	37%	5.11	3.47	3.99	4.13	4.18	4-4.03
1,3,2,3,2,4,3,4,4,6	S	
1,3,2,3,2,4,3,4,4,3	a-D-Manp	49%	5	4.14	3.92	3.82	4.34	3.73-3.77
1,3,2,3,2,4,3,4,4,3,3	a-D-GlcpA	81%	5.29	3.62	3.82	3.57	4.53	-
1,3,2,3,2,4,3,4,4,3,4	a-D-Galp	53%	5.17	4.10	4.14	4.11	3.85	3.72-3.82
1,3,2,3,2,4,3,4,4,3,4,6	S	
1,3,2,3,2,4,3,4,4,3,4,4	b-D-Galp	19%	4.53	3.62	3.70	3.87	3.87	4-4.02
1,3,2,3,2,4,3,4,4,3,4,4,6	S	
1,3,2,3,2,4,3,4,4,3,4,4,2	a-D-ManpA	55%	5.12	4.02	3.83	3.74	4.21	-
