Linkage	Residue	Trust	C1	C2	C3	C4	C5	C6	C7	C8	C9
	Me	84%	58.1
1	b-D-GalpA	51%	103.7	70.4	78.8	77.5	76.6	174.8
1,4	b-D-GalpA	67%	102.0	71.2	73.6	71.1	76.0	174.8
1,3	a-D-Xylp	32%	104.2	71.1	72.9	73.2	61.4
1,3,4	a-D-Fucp	26%	100.5	69.3	79.0	80.0	68.3	17.1
1,3,4,3	b-D-Fucp	66%	104.8	73.4	73.7	72.4	71.9	16.1
1,3,4,4	a-D-GlcpA	64%	100.4	76.5	70.8	79.1	72.2	173.3
1,3,4,4,2	a-D-Manp	67%	94.2	70.6	72.0	77.5	74.8	60.9
1,3,4,4,2,4	a-D-ManpA	27%	101.8	72.0	76.5	73.3	73.1	175.9
1,3,4,4,2,4,3	b-Neup	47%	173.6	96.9	37.1	72.9	50.8	70.7	69.6	73.1	64.0
1,3,4,4,2,4,3,5	Ac	83%	176.3	23.6
1,3,4,4,2,4,3,4	a-D-GalpA	61%	95.7	69.1	70.0	71.3	72.6	175.9
