Linkage	Residue	Trust	H1	H2	H3	H4	H5	H6
	b-D-GalpA	87%	4.66	3.65	3.56	4.34	4.05	-
3	b-D-GalpA	71%	4.46	3.74	3.80	4.47	4.08	-
3,3	a-D-Xylp	19%	5.10	3.70	3.70	3.85	3.67-3.76
3,3,4	b-D-GlcpA	61%	4.53	3.31	3.51	3.55	3.73	-
3,3,2	b-D-Galp	45%	4.55	3.62	3.72	4.12	3.74	3.79-3.86
3,3,2,6	S	
3,3,2,4	b-D-Galp	68%	4.38	3.90	3.52	4.06	3.76	3.99
3,3,2,4,6	S	
3,3,2,4,2	b-D-Galp	58%	5.14	3.60	4.36	4.18	3.75	3.88-3.90
3,3,2,4,2,3	S	
3,3,2,4,2,4	a-D-Glcp	28%	5.11	3.59	3.81	3.70	4.06	3.79-3.85
3,3,2,4,2,4,3	b-D-Manp	81%	4.64	3.97	3.62	3.57	3.37	3.75-3.91
3,3,2,4,2,4,2	b-D-Glcp	75%	4.53	3.92	3.60	3.63	3.65	4.25-4.32
3,3,2,4,2,4,2,6	S	
3,3,2,4,2,4,2,4	b-D-Glcp	71%	4.55	3.39	3.62	3.65	3.69	3.77-3.90
3,3,2,4,2,4,2,4,4	b-D-Glcp	60%	5.12	3.39	3.59	3.45	3.55	4.08-4.15
3,3,2,4,2,4,2,4,4,6	S	
3,3,2,4,2,4,2,4,4,2	a-D-GlcpN	36%	5.15	3.76	3.91	3.62	3.91	4.08-4.10
3,3,2,4,2,4,2,4,4,2,2	Ac	98%	-	2.05
3,3,2,4,2,4,2,4,4,2,6	S	
3,3,2,4,2,4,2,4,4,2,3	a-D-Manp	82%	5.05	3.95	3.62	3.70	3.66	3.80-3.86
