Linkage	Residue	Trust	H1	H2	H3	H4	H5	H6
	Me	95%	3.42
1	a-D-Manp	22%	4.66	4.13	3.95	3.82	3.67	3.76-3.94
1,3	a-D-Manp	74%	5.13	4.02	3.86	3.63	3.76	3.74-3.86
1,4	a-D-Galp	68%	4.97	3.70	4.04	4.06	3.92	4-4.04
1,4,6	S	
1,4,2	b-D-Galp	56%	4.56	3.61	4.24	4.19	3.75	3.74-3.78
1,4,2,3	S	
1,4,2,4	b-D-Galp	70%	4.62	3.51	3.64	4.19	3.68	3.71-3.75
1,4,2,4,3	S	
1,4,2,4,4	b-D-Galp	69%	4.62	3.51	3.64	4.01	3.68	3.71-3.75
1,4,2,4,4,6	S	
1,4,2,4,4,4	b-D-Galp	40%	4.53	3.62	3.72	3.93	3.76	3.99
1,4,2,4,4,4,6	S	
1,4,2,4,4,4,2	a-D-GlcpN	26%	5.20	3.78	3.83	3.43	3.98	4.08-4.15
1,4,2,4,4,4,2,2	Ac	98%	-	2.05
1,4,2,4,4,4,2,6	S	
1,4,2,4,4,4,2,2	b-D-Glcp	43%	4.61	3.36	3.64	3.71	3.68	4.11-4.18
1,4,2,4,4,4,2,2,6	S	
1,4,2,4,4,4,2,2,4	b-D-Galp	58%	4.62	3.62	4.31	4.06	3.72	3.75-3.78
1,4,2,4,4,4,2,2,4,3	S	
1,4,2,4,4,4,2,2,4,2	b-D-Galp	49%	4.53	3.62	4.24	4.23	3.97	3.56
1,4,2,4,4,4,2,2,4,2,3	S	
1,4,2,4,4,4,2,2,4,2,2	a-D-Glcp	33%	5.38	4.05	3.90	3.69	3.99	4.06-4.14
1,4,2,4,4,4,2,2,4,2,2,6	S	
1,4,2,4,4,4,2,2,4,2,2,3	a-D-Xylp	67%	5.07	3.60	3.59	3.62	3.55-3.69
