Linkage	Residue	Trust	C1	C2	C3	C4	C5	C6	C7	C8	C9
	Me	83%	56.0
1	a-D-GlcpN	67%	99.1	52.7	78.9	71.6	72.4	61.4
1,2	Ac	83%	175.3	23.3
1,3	a-D-Galp	57%	99.8	69.6	74.3	69.9	71.7	61.6
1,3,3	b-Neup	38%	175.1	96.9	40.2	67.4	54.2	70.7	69.8	73.1	64.1
1,3,3,5	Ac	83%	176.3	23.6
1,3,3,4	b-D-GlcpA	54%	104.2	73.5	74.7	80.7	75.4	174.8
1,3,3,4,4	b-D-Glcp	61%	103.6	81.6	76.6	71.5	76.9	61.7
1,3,3,4,4,2	b-D-GlcpA	43%	101.1	78.1	76.9	73.3	76.7	176.2
1,3,3,4,4,2,2	a-D-Galp	60%	94.4	78.5	69.0	70.4	71.8	61.8
1,3,3,4,4,2,2,2	a-D-GlcpA	65%	97.1	72.5	72.3	80.8	71.0	175.3
1,3,3,4,4,2,2,2,4	b-D-GlcpN	36%	102.0	56.4	74.1	70.7	75.4	65.6
1,3,3,4,4,2,2,2,4,2	Ac	88%	175.6	23.4
1,3,3,4,4,2,2,2,4,6	S	
1,3,3,4,4,2,2,2,4,2	a-D-Xylp	10%	98.5	72.0	72.9	73.2	61.4
1,3,3,4,4,2,2,2,4,2,4	a-D-Galp	41%	99.0	77.8	69.7	70.5	71.9	62.0
1,3,3,4,4,2,2,2,4,2,4,2	b-D-Galp	49%	102.8	72.5	76.4	78.3	76.1	61.7
1,3,3,4,4,2,2,2,4,2,4,2,3	S	
1,3,3,4,4,2,2,2,4,2,4,2,4	a-D-Galp	60%	100.8	77.8	69.9	70.4	71.0	65.7
1,3,3,4,4,2,2,2,4,2,4,2,4,6	S	
1,3,3,4,4,2,2,2,4,2,4,2,4,2	b-D-Galp	51%	105.1	77.5	78.6	71.5	76.1	62.6
1,3,3,4,4,2,2,2,4,2,4,2,4,2,3	S	
1,3,3,4,4,2,2,2,4,2,4,2,4,2,2	b-D-Galp	60%	107.0	72.3	83.3	69.3	76.0	65.7
1,3,3,4,4,2,2,2,4,2,4,2,4,2,2,6	S	
1,3,3,4,4,2,2,2,4,2,4,2,4,2,2,3	b-D-Galp	64%	105.0	71.6	73.3	79.4	75.8	61.2
1,3,3,4,4,2,2,2,4,2,4,2,4,2,2,3,4	b-D-Glcp	48%	103.2	76.3	75.4	70.3	78.8	65.1
1,3,3,4,4,2,2,2,4,2,4,2,4,2,2,3,4,6	S	
1,3,3,4,4,2,2,2,4,2,4,2,4,2,2,3,4,2	a-D-Xylp	63%	98.3	72.6	76.6	70.2	61.2
