Linkage	Residue	Trust	H1	H2	H3	H4	H5	H6	H7	H8	H9
	Me	95%	3.41
1	a-D-GlcpN	81%	4.74	4.06	3.88	3.73	3.69	3.78-3.87
1,2	Ac	98%	-	2.05
1,3	a-D-Galp	43%	5.49	3.89	3.96	4.11	3.84	3.73-3.79
1,3,3	b-Neup	34%	-	-	1.82-2.27	4.15	3.82	4.25	3.58	3.86	3.64-3.87
1,3,3,5	Ac	95%	-	2.05
1,3,3,4	b-D-GlcpA	31%	4.58	3.39	3.67	3.81	3.95	-
1,3,3,4,4	b-D-Glcp	63%	4.62	3.65	3.75	3.63	3.38	3.74-3.93
1,3,3,4,4,2	b-D-GlcpA	13%	4.58	3.41	3.55	3.55	3.72	-
1,3,3,4,4,2,2	a-D-Galp	45%	5.60	3.97	4.06	3.94	4.14	3.74-3.87
1,3,3,4,4,2,2,2	a-D-GlcpA	56%	5.05	3.69	4.06	3.78	4.08	-
1,3,3,4,4,2,2,2,4	b-D-GlcpN	17%	4.69	3.60	3.66	3.57	3.54	4.06-4.13
1,3,3,4,4,2,2,2,4,2	Ac	98%	-	2.03
1,3,3,4,4,2,2,2,4,6	S	
1,3,3,4,4,2,2,2,4,2	a-D-Xylp	0%	5.10	3.55	3.70	3.66	3.67-3.76
1,3,3,4,4,2,2,2,4,2,4	a-D-Galp	35%	5.21	3.90	4.03	4.07	4.11	3.80-3.91
1,3,3,4,4,2,2,2,4,2,4,2	b-D-Galp	52%	4.49	3.61	4.36	4.18	3.75	3.78-3.83
1,3,3,4,4,2,2,2,4,2,4,2,3	S	
1,3,3,4,4,2,2,2,4,2,4,2,4	a-D-Galp	59%	5.11	3.90	4.04	4.06	4.47	3.99
1,3,3,4,4,2,2,2,4,2,4,2,4,6	S	
1,3,3,4,4,2,2,2,4,2,4,2,4,2	b-D-Galp	44%	4.87	3.62	4.31	4.06	3.66	3.79-3.85
1,3,3,4,4,2,2,2,4,2,4,2,4,2,3	S	
1,3,3,4,4,2,2,2,4,2,4,2,4,2,2	b-D-Galp	52%	5.14	3.60	3.88	4.26	3.66	4.01-4.09
1,3,3,4,4,2,2,2,4,2,4,2,4,2,2,6	S	
1,3,3,4,4,2,2,2,4,2,4,2,4,2,2,3	b-D-Galp	42%	4.59	3.63	3.91	4.23	3.98	3.95-4.17
1,3,3,4,4,2,2,2,4,2,4,2,4,2,2,3,4	b-D-Glcp	43%	4.42	3.57	3.58	3.59	3.50	4.08-4.15
1,3,3,4,4,2,2,2,4,2,4,2,4,2,2,3,4,6	S	
1,3,3,4,4,2,2,2,4,2,4,2,4,2,2,3,4,2	a-D-Xylp	62%	5.22	3.51	3.59	3.61	3.55-3.69
