Linkage	Residue	Trust	C1	C2	C3	C4	C5	C6
	Me	76%	56.2
1	a-D-Fucp	60%	99.2	69.7	68.2	70.9	70.2	17.1
1,3	a-D-Fucp	33%	104.1	71.1	70.7	75.4	68.2	16.8
1,3,4	b-D-GlcpN	66%	102.2	57.2	81.4	72.5	77.3	62.1
1,3,4,2	Ac	88%	175.6	23.4
1,3,4,3	a-D-Manp	26%	101.3	73.9	74.4	67.5	74.5	61.8
1,3,4,3,3	b-L-Fucp	69%	102.4	72.7	73.7	72.4	71.9	16.5
1,3,4,3,2	b-D-ManpA	73%	99.5	78.3	72.1	69.5	78.8	177.3
1,3,4,3,2,2	b-D-ManpA	46%	102.3	71.7	79.1	69.5	77.0	175.8
1,3,4,3,2,2,3	b-D-GlcpA	61%	104.9	74.0	76.9	73.4	77.6	176.3
