Linkage	Residue	Trust	C1	C2	C3	C4	C5	C6
	b-D-Xylp	70%	97.4	75.1	75.6	76.7	64.1
4	b-D-Galp	53%	100.9	75.2	72.8	70.4	75.8	65.3
4,6	S	
4,2	a-D-Galp	57%	98.4	69.7	70.8	79.8	71.5	62.4
4,2,6	S	
4,2,4	b-D-Galp	71%	103.3	73.0	76.7	69.5	75.7	61.7
4,2,4,3	S	
4,2,4,2	a-D-GlcpA	61%	97.9	81.4	72.5	72.5	72.0	175.0
4,2,4,2,2	b-D-Glcp	51%	103.1	78.0	75.5	75.4	75.3	65.1
4,2,4,2,2,6	S	
4,2,4,2,2,2	b-D-Galp	50%	105.6	72.7	74.5	78.2	77.0	64.3
4,2,4,2,2,2,6	S	
4,2,4,2,2,2,4	a-D-Fucp	75%	99.8	69.1	69.8	73.1	68.8	16.7
