Linkage	Residue	Trust	H1	H2	H3	H4	H5	H6
	Me	95%	3.33
1	a-D-Xylp	9%	4.76	3.55	3.70	3.66	3.67-3.76
1,3	a-D-Xylp	62%	5.07	3.48	3.59	3.62	3.55-3.69
1,4	a-D-GlcpN	30%	5.20	3.78	3.83	3.55	3.29	3.56
1,4,2	Ac	98%	-	2.05
1,4,2	a-D-ManpA	8%	5	4.05	?	3.74	4.21	-
1,4,2,2	b-L-Fucp	36%	4.65	3.54	3.57	3.89	3.87	1.32
1,4,2,2,4	b-D-Fucp	14%	4.65	3.65	3.69	3.93	3.82	1.24
1,4,2,2,4,3	a-D-Fucp	57%	5.18	3.89	3.87	3.79	4.30	1.22
1,4,2,2,4,2	b-D-Fucp	23%	5.08	3.60	3.68	3.79	3.82	1.32
1,4,2,2,4,2,4	b-L-Fucp	24%	4.65	3.54	3.69	3.98	3.82	1.24
1,4,2,2,4,2,4,3	b-D-GalpA	64%	4.71	3.73	3.73	4.22	4.15	-
