Linkage	Residue	Trust	C1	C2	C3	C4	C5	C6
	Me	87%	58.0
1	b-D-Glcp	54%	103.5	81.4	82.9	69.9	77.2	61.9
1,2	b-D-Glcp	80%	103.5	74.7	76.5	70.3	76.7	61.9
1,3	a-L-Fucp	55%	99.6	76.0	68.9	72.4	68.5	17.1
1,3,2	a-D-Glcp	76%	93.2	76.8	74.0	70.4	73.8	62.0
1,3,2,2	a-D-Galp	78%	92.7	73.5	69.1	68.3	72.1	62.3
1,3,2,2,3	S	
1,3,2,2,2	a-D-Glcp	66%	93.3	76.3	72.8	71.0	72.4	64.6
1,3,2,2,2,6	S	
1,3,2,2,2,2	a-D-Glcp	62%	96.9	71.8	73.4	78.9	71.8	63.5
1,3,2,2,2,2,6	S	
1,3,2,2,2,2,4	b-D-Glcp	67%	100.0	80.4	75.7	69.9	76.2	65.1
1,3,2,2,2,2,4,6	S	
1,3,2,2,2,2,4,2	a-D-Galp	72%	94.4	78.5	71.8	70.5	71.9	62.4
1,3,2,2,2,2,4,2,2	a-D-Xylp	22%	99.9	72.1	72.9	72.3	61.4
1,3,2,2,2,2,4,2,2,2	b-D-Manp	63%	102.4	71.3	74.0	68.0	77.5	62.1
