Linkage	Residue	Trust	C1	C2	C3	C4	C5	C6	C7	C8	C9
	Me	84%	58.1
1	b-D-GalpA	69%	104.4	70.4	81.7	77.4	74.6	174.9
1,3	b-D-GalpA	66%	105.1	73.4	73.6	71.3	76.0	180.3
1,4	a-D-GalpA	39%	99.4	67.5	72.8	70.4	72.1	176.2
1,4,3	a-Neup	58%	174.0	100.9	38.3	75.6	50.8	74.1	69.8	73.1	64.1
1,4,3,5	Ac	83%	54.9	25.1
1,4,3,4	a-D-Galp	42%	96.3	67.9	74.5	75.5	71.8	61.8
1,4,3,4,3	S	
1,4,3,4,4	b-D-GlcpN	69%	102.2	55.8	83.9	68.8	77.1	61.6
1,4,3,4,4,2	Ac	88%	175.6	23.4
1,4,3,4,4,3	b-D-GalpA	76%	104.4	71.6	73.7	71.1	77.2	175.2
