Linkage	Residue	Trust	C1	C2	C3	C4	C5	C6	C7	C8	C9
	Me	83%	57.7
1	b-D-ManpA	57%	101.9	69.1	80.8	69.5	76.6	176.5
1,3	b-D-ManpA	46%	98.2	72.0	73.0	74.5	76.8	174.6
1,3,4	b-D-GlcpN	35%	102.0	56.4	74.1	70.7	76.0	65.6
1,3,4,2	Ac	88%	175.6	23.4
1,3,4,6	S	
1,3,4,2	a-D-ManpA	37%	98.9	79.4	71.0	73.3	73.1	175.8
1,3,4,2,2	a-D-ManpA	55%	100.8	78.8	70.8	73.3	72.0	174.0
1,3,4,2,2,2	b-D-Glcp	59%	103.8	74.0	71.9	78.5	76.5	62.1
1,3,4,2,2,2,4	a-D-GlcpN	37%	98.5	54.0	74.0	70.4	73.1	61.1
1,3,4,2,2,2,4,2	Ac	83%	175.3	23.3
1,3,4,2,2,2,4,3	b-Neup	42%	173.6	96.9	37.5	72.7	54.2	70.7	69.8	73.1	64.1
1,3,4,2,2,2,4,3,5	Ac	83%	176.3	23.6
1,3,4,2,2,2,4,3,4	a-D-GlcpN	41%	94.3	54.5	73.4	73.9	68.4	62.6
1,3,4,2,2,2,4,3,4,2	Ac	83%	175.3	23.3
1,3,4,2,2,2,4,3,4,4	a-D-Galp	63%	104.9	75.2	73.7	71.4	76.6	62.2
1,3,4,2,2,2,4,3,4,4,3	S	
1,3,4,2,2,2,4,3,4,4,2	b-D-GlcpA	35%	104.9	74.2	76.1	73.0	78.1	176.0
1,3,4,2,2,2,4,3,4,4,2,3	a-D-Glcp	68%	102.1	75.0	75.6	72.2	74.7	61.5
1,3,4,2,2,2,4,3,4,4,2,2	b-D-Galp	65%	103.0	77.2	74.2	70.2	76.9	61.8
1,3,4,2,2,2,4,3,4,4,2,2,2	a-L-Fucp	32%	100.5	69.4	74.2	72.4	67.7	16.4
1,3,4,2,2,2,4,3,4,4,2,2,2,3	a-D-Xylp	59%	104.2	71.1	74.3	73.7	61.2
1,3,4,2,2,2,4,3,4,4,2,2,2,2	a-D-Galp	62%	95.1	68.0	80.7	70.2	69.6	65.6
1,3,4,2,2,2,4,3,4,4,2,2,2,2,6	S	
1,3,4,2,2,2,4,3,4,4,2,2,2,2,3	b-D-Galp	73%	106.7	73.4	74.1	71.8	76.3	62.4
