Linkage	Residue	Trust	H1	H2	H3	H4	H5	H6	H7	H8	H9
	Me	95%	3.54
1	b-D-ManpA	29%	4.59	4.14	3.85	3.65	3.67	-
1,3	b-D-ManpA	37%	4.85	4.30	3.80	3.83	3.77	-
1,3,4	b-D-GlcpN	22%	4.69	3.60	3.66	3.57	3.55	4.06-4.13
1,3,4,2	Ac	98%	-	2.03
1,3,4,6	S	
1,3,4,2	a-D-ManpA	18%	5	4.05	3.95	3.74	4.21	-
1,3,4,2,2	a-D-ManpA	54%	5.21	4.20	3.90	3.74	4.37	-
1,3,4,2,2,2	b-D-Glcp	52%	4.66	3.42	3.69	3.65	3.66	3.80-3.92
1,3,4,2,2,2,4	a-D-GlcpN	27%	5.27	3.77	3.86	3.60	3.76	3.76-3.84
1,3,4,2,2,2,4,2	Ac	98%	-	2.05
1,3,4,2,2,2,4,3	b-Neup	41%	-	-	1.82-2.27	4.03	3.82	4.25	3.58	3.86	3.64-3.87
1,3,4,2,2,2,4,3,5	Ac	95%	-	2.05
1,3,4,2,2,2,4,3,4	a-D-GlcpN	49%	4.96	4.89	5.22	4.01	4	3.77-3.96
1,3,4,2,2,2,4,3,4,2	Ac	98%	-	2.05
1,3,4,2,2,2,4,3,4,4	a-D-Galp	59%	4.97	3.70	4.51	3.78	3.74	3.78-3.80
1,3,4,2,2,2,4,3,4,4,3	S	
1,3,4,2,2,2,4,3,4,4,2	b-D-GlcpA	19%	4.88	3.41	3.62	3.82	3.78	-
1,3,4,2,2,2,4,3,4,4,2,3	a-D-Glcp	74%	5.32	3.50	3.74	3.46	4	3.80-4.04
1,3,4,2,2,2,4,3,4,4,2,2	b-D-Galp	72%	4.62	3.74	3.82	3.91	3.73	3.74-3.87
1,3,4,2,2,2,4,3,4,4,2,2,2	a-L-Fucp	30%	5.10	3.89	3.94	3.90	4.25	1.21
1,3,4,2,2,2,4,3,4,4,2,2,2,3	a-D-Xylp	58%	5.25	3.57	3.59	3.62	3.55-3.69
1,3,4,2,2,2,4,3,4,4,2,2,2,2	a-D-Galp	42%	5.01	3.89	4.07	4.29	4.05	4.01-4.09
1,3,4,2,2,2,4,3,4,4,2,2,2,2,6	S	
1,3,4,2,2,2,4,3,4,4,2,2,2,2,3	b-D-Galp	90%	4.63	3.61	3.66	3.93	3.69	3.75-3.81
