Linkage	Residue	Trust	C1	C2	C3	C4	C5	C6
	Me	77%	55.6
1	a-D-ManpA	60%	101.4	71.1	79.1	73.3	73.1	175.9
1,3	a-D-ManpA	64%	103.3	70.9	70.5	79.5	72.9	176.4
1,3,4	b-D-Manp	41%	102.8	73.2	72.0	76.1	73.1	61.3
1,3,4,4	a-D-Galp	67%	100.3	69.0	80.5	70.0	72.6	62.4
1,3,4,4,3	b-D-Glcp	67%	105.1	74.2	83.6	70.1	76.8	61.8
1,3,4,4,3,3	a-D-GlcpN	42%	102.3	56.3	72.7	71.5	75.2	60.9
1,3,4,4,3,3,2	Ac	83%	175.3	23.3
1,3,4,4,3,3,4	b-L-Fucp	41%	103.7	71.7	74.9	69.7	71.7	17.3
1,3,4,4,3,3,4,3	b-D-GlcpA	64%	104.7	74.1	76.9	71.4	77.6	173.1
