Linkage	Residue	Trust	C1	C2	C3	C4	C5	C6	C7	C8	C9
	b-D-Xylp	70%	97.4	75.1	75.6	76.7	64.1
4	b-D-Galp	53%	103.4	73.3	79.0	75.8	75.7	62.6
4,3	S	
4,4	b-D-Galp	58%	105.1	72.5	73.8	78.3	75.6	65.3
4,4,6	S	
4,4,4	a-D-Galp	59%	102.0	79.9	69.9	70.7	71.0	65.7
4,4,4,6	S	
4,4,4,2	b-D-GlcpN	48%	104.3	56.0	77.9	71.0	77.0	62.2
4,4,4,2,2	Ac	88%	175.6	23.4
4,4,4,2,3	a-Neup	31%	175.3	102.0	40.7	69.8	53.1	74.1	69.8	73.1	64.1
4,4,4,2,3,5	Ac	83%	54.9	25.1
4,4,4,2,3,4	b-D-GlcpA	41%	104.1	73.1	84.3	69.9	76.7	175.8
4,4,4,2,3,4,3	b-D-GalpA	54%	103.6	71.4	77.8	80.1	76.5	174.3
4,4,4,2,3,4,3,4	b-D-GlcpN	68%	102.5	56.6	74.9	71.2	75.7	62.0
4,4,4,2,3,4,3,4,2	Ac	88%	175.6	23.4
