Linkage	Residue	Trust	C1	C2	C3	C4	C5	C6	C7	C8	C9
	b-D-GlcpN	75%	101.5	55.8	82.8	70.2	76.3	62.1
2	Ac	88%	175.6	23.4
3	b-D-GlcpN	61%	102.2	56.7	74.2	78.2	76.3	63.1
3,2	Ac	88%	175.6	23.4
3,4	a-L-Fucp	64%	99.2	68.9	78.9	69.7	67.8	16.5
3,4,3	b-D-GlcpA	44%	104.6	73.5	76.0	71.8	76.7	177.4
3,4,3,3	b-L-Fucp	53%	103.5	72.0	83.4	73.0	71.7	16.8
3,4,3,3,3	b-L-Fucp	13%	98.2	72.7	73.7	72.5	71.7	16.4
3,4,3,3,3,4	a-D-GalpA	73%	99.4	68.6	70.0	71.3	72.6	175.9
3,4,3,3,3,2	a-D-Manp	37%	101.2	71.4	74.3	67.5	73.9	62.2
3,4,3,3,3,2,3	a-Neup	33%	174.5	102.0	40.7	69.8	53.1	74.1	69.8	73.1	64.1
3,4,3,3,3,2,3,5	Ac	83%	54.9	25.1
3,4,3,3,3,2,3,4	b-D-Galp	43%	104.2	75.2	72.8	70.4	75.8	65.3
3,4,3,3,3,2,3,4,6	S	
3,4,3,3,3,2,3,4,2	a-D-Galp	46%	97.9	69.2	74.5	68.9	70.8	61.6
3,4,3,3,3,2,3,4,2,3	S	
3,4,3,3,3,2,3,4,2,2	b-D-GlcpN	58%	104.6	56.0	82.2	69.3	77.0	65.7
3,4,3,3,3,2,3,4,2,2,2	Ac	88%	175.6	23.4
3,4,3,3,3,2,3,4,2,2,6	S	
3,4,3,3,3,2,3,4,2,2,3	b-D-Glcp	72%	104.5	73.8	76.4	70.1	76.7	61.4
