Linkage	Residue	Trust	C1	C2	C3	C4	C5	C6	C7	C8	C9
	a-D-GlcpA	48%	99.7	74.4	72.8	73.0	72.7	176.0
2	a-D-GlcpA	85%	97.1	72.6	74.1	73.2	73.6	175.8
3	a-D-Galp	41%	96.2	73.7	74.2	69.9	71.8	62.4
3,3	b-D-ManpA	61%	102.5	71.3	73.6	69.5	76.4	175.5
3,2	a-D-GalpA	50%	95.6	69.1	71.5	71.5	72.6	173.8
3,2,3	b-Neup	49%	175.1	96.9	37.1	72.9	50.8	70.7	69.8	73.1	64.1
3,2,3,5	Ac	83%	176.3	23.6
3,2,3,4	a-D-Xylp	10%	98.5	72.1	72.9	77.8	61.4
3,2,3,4,4	a-D-Manp	67%	101.2	72.4	68.8	71.6	70.0	62.3
3,2,3,4,2	b-D-Xylp	16%	102.4	74.3	76.2	72.9	62.7
3,2,3,4,2,2	a-D-GlcpA	67%	98.4	72.6	73.7	72.5	73.2	175.8
3,2,3,4,2,4	a-D-Galp	22%	99.0	69.1	74.2	70.2	71.8	65.9
3,2,3,4,2,4,6	S	
3,2,3,4,2,4,3	b-Neup	38%	175.1	96.9	40.2	67.4	54.2	70.7	69.8	73.1	64.1
3,2,3,4,2,4,3,5	Ac	83%	176.3	23.6
3,2,3,4,2,4,3,4	b-D-Xylp	8%	103.7	74.3	76.2	72.9	65.5
3,2,3,4,2,4,3,4,4	a-D-GlcpN	26%	96.2	54.6	71.4	71.0	75.5	62.6
3,2,3,4,2,4,3,4,4,2	Ac	83%	175.3	23.3
3,2,3,4,2,4,3,4,4,2	a-D-Galp	35%	99.1	69.1	75.6	75.8	71.2	62.9
3,2,3,4,2,4,3,4,4,2,3	S	
3,2,3,4,2,4,3,4,4,2,4	b-D-Glcp	57%	103.0	76.5	84.8	70.1	75.9	65.3
3,2,3,4,2,4,3,4,4,2,4,6	S	
3,2,3,4,2,4,3,4,4,2,4,3	b-D-ManpA	48%	97.8	76.7	72.8	69.5	78.7	177.8
3,2,3,4,2,4,3,4,4,2,4,3,2	a-D-Manp	68%	101.3	70.7	71.4	67.7	74.1	61.9
