Linkage	Residue	Trust	H1	H2	H3	H4	H5	H6	H7	H8	H9
	a-D-GlcpA	52%	5.20	3.23	3.74	4.06	4.17	-
2	a-D-GlcpA	92%	5.25	3.62	3.81	3.51	4.17	-
3	a-D-Galp	31%	5.74	3.90	3.97	4.20	4.48	3.79-3.88
3,3	b-D-ManpA	51%	4.90	3.99	3.66	3.74	3.81	-
3,2	a-D-GalpA	20%	5.05	3.90	4.04	4.38	4.54	-
3,2,3	b-Neup	52%	-	-	1.82-2.27	4.01	4.02	4.25	3.58	3.86	3.64-3.87
3,2,3,5	Ac	95%	-	2.05
3,2,3,4	a-D-Xylp	17%	5.10	3.61	3.70	3.91	3.69
3,2,3,4,4	a-D-Manp	81%	5.09	3.89	4.15	3.41	3.29	3.56
3,2,3,4,2	b-D-Xylp	0%	4.50	3.32	3.48	3.66	3.35-3.99
3,2,3,4,2,2	a-D-GlcpA	63%	5.30	3.62	3.77	3.61	4.34	-
3,2,3,4,2,4	a-D-Galp	24%	5.22	3.89	3.96	4.11	4.11	4-4.03
3,2,3,4,2,4,6	S	
3,2,3,4,2,4,3	b-Neup	34%	-	-	1.82-2.27	4.15	3.82	4.25	3.58	3.86	3.64-3.87
3,2,3,4,2,4,3,5	Ac	95%	-	2.05
3,2,3,4,2,4,3,4	b-D-Xylp	0%	4.50	3.31	3.48	3.66	3.35-3.99
3,2,3,4,2,4,3,4,4	a-D-GlcpN	16%	5.20	3.78	3.83	3.55	3.62	3.69-3.80
3,2,3,4,2,4,3,4,4,2	Ac	98%	-	2.05
3,2,3,4,2,4,3,4,4,2	a-D-Galp	38%	5.22	3.89	4.43	4.42	4.01	3.73-3.79
3,2,3,4,2,4,3,4,4,2,3	S	
3,2,3,4,2,4,3,4,4,2,4	b-D-Glcp	27%	4.77	3.36	3.75	3.66	3.44	4.08-4.15
3,2,3,4,2,4,3,4,4,2,4,6	S	
3,2,3,4,2,4,3,4,4,2,4,3	b-D-ManpA	56%	4.87	3.99	3.75	3.74	3.75	-
3,2,3,4,2,4,3,4,4,2,4,3,2	a-D-Manp	57%	5.13	4.09	3.86	3.70	3.78	3.76-3.88
