Linkage	Residue	Trust	C1	C2	C3	C4	C5	C6	C7	C8	C9
	a-D-GalpA	61%	97.7	72.7	68.2	71.4	72.0	174.6
2	a-D-GalpA	45%	96.4	67.5	72.8	71.1	72.1	175.0
2,3	a-Neup	39%	177.2	101.1	39.3	69.8	53.2	74.1	69.8	73.1	64.1
2,3,5	Ac	83%	54.9	25.1
2,3,4	b-Neup	33%	175.5	96.9	40.2	67.4	54.2	70.7	69.8	73.1	64.1
2,3,4,5	Ac	83%	176.3	23.6
2,3,4,4	b-D-Glcp	43%	103.5	78.1	75.8	69.9	76.2	65.1
2,3,4,4,6	S	
2,3,4,4,2	a-D-Galp	56%	98.0	69.8	75.6	75.8	71.2	62.4
2,3,4,4,2,3	S	
2,3,4,4,2,4	b-D-Fucp	54%	103.6	76.5	73.9	72.4	71.7	16.1
2,3,4,4,2,4,2	a-D-Glcp	69%	98.1	72.8	74.1	70.5	73.1	63.2
