Linkage	Residue	Trust	H1	H2	H3	H4	H5	H6
	Me	97%	3.42
1	a-D-Glcp	66%	4.82	3.65	3.93	3.71	3.82	3.78-3.87
1,3	a-D-Glcp	60%	5	3.58	3.69	3.66	3.87	3.87-4.59
1,3,4	a-D-Galp	58%	4.97	3.70	4.04	4.06	3.85	4-4.04
1,3,4,6	S	
1,3,4,2	b-D-Galp	53%	4.56	3.60	3.72	4.19	3.86	4.04
1,3,4,2,6	S	
1,3,4,2,3	b-D-GlcpN	37%	4.69	3.60	3.66	3.38	3.40	3.74-3.90
1,3,4,2,3,2	Ac	98%	-	2.03
1,3,4,2,3,2	b-D-Fucp	33%	4.65	3.65	3.52	4.11	3.94	1.40
1,3,4,2,3,2,2	b-D-GlcpA	62%	4.67	3.48	3.51	3.55	3.73	-
1,3,4,2,3,2,4	b-D-Glcp	63%	4.82	3.37	3.69	3.67	3.58	3.73-3.88
1,3,4,2,3,2,4,4	b-D-Manp	65%	4.79	4.29	4.75	3.65	3.52	3.71-3.91
1,3,4,2,3,2,4,4,2	a-D-Glcp	65%	5.13	3.53	4.41	3.70	4.04	4.06-4.14
1,3,4,2,3,2,4,4,2,6	S	
1,3,4,2,3,2,4,4,2,3	a-D-GalpA	51%	5.22	3.83	4.08	4.39	4.41	-
1,3,4,2,3,2,4,4,2,3,4	a-D-GlcpN	67%	4.91	4.13	3.97	3.59	4.04	3.82-3.92
1,3,4,2,3,2,4,4,2,3,4,2	Ac	98%	-	2.05
1,3,4,2,3,2,4,4,2,3,4,3	b-D-Manp	52%	4.74	4.12	3.93	3.71	3.44	3.76-3.93
1,3,4,2,3,2,4,4,2,3,4,3,3	b-D-Manp	53%	4.86	4.09	3.72	3.93	3.58	3.83-3.94
1,3,4,2,3,2,4,4,2,3,4,3,3,4	a-L-Fucp	55%	5.38	3.88	4	3.87	4.28	1.17
1,3,4,2,3,2,4,4,2,3,4,3,3,4,3	b-D-GlcpN	76%	4.68	3.83	3.68	3.48	3.46	3.75-3.94
1,3,4,2,3,2,4,4,2,3,4,3,3,4,3,2	Ac	98%	-	2.03
