Linkage	Residue	Trust	C1	C2	C3	C4	C5	C6
	b-D-Galp	56%	103.3	76.0	68.6	79.5	75.9	62.5
4	b-D-Galp	87%	105.3	72.6	74.1	69.9	76.0	62.2
2	b-D-Galp	43%	107.0	72.3	76.1	68.0	75.2	65.3
2,6	S	
2,3	a-D-Fucp	57%	94.2	77.8	70.1	72.9	67.9	16.4
2,3,2	b-D-Galp	51%	105.1	70.9	67.8	81.6	75.8	61.5
2,3,2,3	S	
2,3,2,4	a-D-GlcpN	53%	99.7	55.1	71.0	77.5	75.3	69.4
2,3,2,4,2	Ac	83%	175.3	23.3
2,3,2,4,6	S	
2,3,2,4,4	a-D-Glcp	53%	100.0	70.6	81.0	71.6	71.8	65.1
2,3,2,4,4,6	S	
2,3,2,4,4,3	a-D-Fucp	45%	99.6	70.0	70.1	75.4	68.2	16.9
2,3,2,4,4,3,4	a-D-GlcpN	74%	99.3	55.3	72.1	71.6	73.2	62.1
2,3,2,4,4,3,4,2	Ac	83%	175.3	23.3
