Linkage	Residue	Trust	C1	C2	C3	C4	C5	C6
	Me	87%	58.0
1	b-D-Glcp	58%	103.3	79.9	75.4	78.8	75.8	61.9
1,2	b-D-Glcp	80%	103.5	74.7	76.5	70.3	76.7	61.9
1,4	a-D-Glcp	63%	104.9	78.2	73.5	70.7	73.0	61.7
1,4,2	b-D-Galp	50%	102.8	75.0	76.4	78.3	75.5	61.7
1,4,2,3	S	
1,4,2,4	a-D-Galp	66%	100.8	77.5	73.7	71.6	71.5	61.5
1,4,2,4,3	S	
1,4,2,4,2	b-D-Xylp	4%	103.7	74.3	76.2	70.6	65.5
1,4,2,4,2,3	b-D-Galp	72%	102.9	72.3	73.8	69.5	76.0	61.9
1,4,2,4,2,2	b-D-Galp	49%	104.9	71.7	79.0	75.8	75.7	62.6
1,4,2,4,2,2,3	S	
1,4,2,4,2,2,4	b-D-Galp	62%	103.3	76.0	68.6	74.8	76.5	60.9
1,4,2,4,2,2,4,2	b-D-Xylp	67%	107.6	76.8	78.5	72.1	68.4
1,4,2,4,2,2,4,4	b-D-Galp	64%	100.6	80.3	78.6	69.9	76.1	62.2
1,4,2,4,2,2,4,4,3	S	
1,4,2,4,2,2,4,4,2	b-D-GalpA	48%	101.1	72.3	74.0	77.4	74.5	174.4
1,4,2,4,2,2,4,4,2,4	a-D-ManpA	32%	101.0	68.7	70.9	73.3	73.1	175.8
1,4,2,4,2,2,4,4,2,4,2	b-L-Fucp	67%	104.8	71.5	73.7	72.4	71.9	16.1
