Linkage	Residue	Trust	H1	H2	H3	H4	H5	H6
	Me	97%	3.58
1	b-D-Glcp	51%	4.50	3.31	3.49	3.62	3.78	3.78-3.92
1,2	b-D-Glcp	55%	4.74	3.31	3.45	3.37	3.42	3.57-3.88
1,4	a-D-Glcp	52%	4.97	3.70	4.05	3.70	3.79	3.74-3.88
1,4,2	b-D-Galp	54%	4.49	3.66	4.36	4.18	3.75	3.78-3.83
1,4,2,3	S	
1,4,2,4	a-D-Galp	60%	5.11	3.90	4.51	3.93	4.37	3.70-3.71
1,4,2,4,3	S	
1,4,2,4,2	b-D-Xylp	11%	4.50	3.32	3.49	3.61	3.29-3.97
1,4,2,4,2,3	b-D-Galp	93%	4.68	3.52	3.63	3.94	3.68	3.91
1,4,2,4,2,2	b-D-Galp	50%	4.80	3.60	4.24	4.19	3.75	3.78-3.83
1,4,2,4,2,2,3	S	
1,4,2,4,2,2,4	b-D-Galp	67%	4.38	3.27	3.52	4.01	3.68	3.71-3.75
1,4,2,4,2,2,4,2	b-D-Xylp	81%	4.61	3.25	3.41	3.72	3.25-3.78
1,4,2,4,2,2,4,4	b-D-Galp	55%	4.74	3.90	3.52	4.18	3.68	3.76-3.79
1,4,2,4,2,2,4,4,3	S	
1,4,2,4,2,2,4,4,2	b-D-GalpA	54%	4.72	3.60	3.84	4.35	4.33	-
1,4,2,4,2,2,4,4,2,4	a-D-ManpA	8%	5	4.05	?	3.74	4.21	-
1,4,2,4,2,2,4,4,2,4,2	b-L-Fucp	35%	4.65	3.54	3.62	3.77	3.91	1.25
