Linkage	Residue	Trust	C1	C2	C3	C4	C5	C6	C7	C8	C9
	a-D-Manp	70%	95.2	71.7	71.5	74.4	72.4	62.2
4	a-D-GlcpN	42%	98.2	54.6	71.4	70.6	73.4	65.5
4,2	Ac	83%	175.3	23.3
4,6	S	
4,2	a-D-GlcpN	26%	96.1	54.4	72.2	77.5	72.7	69.4
4,2,2	Ac	83%	175.3	23.3
4,2,6	S	
4,2,4	a-D-Glcp	55%	100.0	72.3	81.8	69.1	71.8	65.1
4,2,4,6	S	
4,2,4,3	b-D-Fucp	7%	98.2	72.2	74.9	72.5	71.7	16.4
4,2,4,3,4	a-D-ManpA	64%	102.2	71.4	71.3	69.5	73.2	175.8
4,2,4,3,3	b-Neup	48%	175.1	96.9	40.9	78.0	51.4	70.7	69.8	71.9	64.6
4,2,4,3,3,5	Ac	83%	176.3	23.6
4,2,4,3,3,4	b-D-GlcpN	27%	102.2	56.4	74.1	71.3	76.0	61.2
4,2,4,3,3,4,2	Ac	88%	175.6	23.4
4,2,4,3,3,4,2	b-D-Xylp	45%	103.7	74.5	76.9	70.8	66.2
