Linkage	Residue	Trust	C1	C2	C3	C4	C5	C6
	b-D-GlcpN	73%	92.3	55.4	73.0	80.5	75.3	60.8
2	Ac	88%	175.6	23.4
4	b-D-GlcpN	67%	101.6	55.0	72.0	79.6	74.5	59.9
4,2	Ac	88%	175.6	23.4
4,4	b-D-Manp	78%	103.0	72.9	83.7	67.9	77.0	68.4
4,4,6	a-D-Manp	66%	100.8	70.8	71.5	67.8	72.3	65.9
4,4,6,6	a-D-Manp	80%	101.0	70.9	78.5	68.1	74.8	62.2
4,4,6,6,3	a-D-Manp	85%	103.0	70.8	71.3	67.6	74.2	61.7
4,4,3	a-D-Manp	64%	103.0	70.1	79.7	66.7	73.9	66.5
4,4,3,6	a-D-Manp	69%	100.5	80.3	72.2	69.1	74.7	62.7
4,4,3,6,2	a-D-Manp	76%	103.6	71.6	71.7	68.2	74.8	62.4
4,4,3,3	a-D-Manp	85%	103.0	70.8	71.3	67.6	74.2	61.7
