Linkage	Residue	Trust	C1	C2	C3	C4	C5	C6
	b-D-ManpA	61%	95.1	72.4	72.0	78.2	77.3	175.4
4	a-D-Galp	55%	104.9	75.2	73.7	71.5	71.8	61.8
4,3	S	
4,2	b-D-Galp	50%	105.1	72.5	76.4	78.8	76.1	62.2
4,2,3	S	
4,2,4	a-L-Fucp	61%	101.6	68.3	78.5	71.8	67.9	16.4
4,2,4,3	a-D-Galp	87%	101.0	68.6	80.6	70.2	71.6	62.3
4,2,4,3,3	b-D-GlcpA	67%	104.6	74.1	74.8	82.0	76.8	175.2
4,2,4,3,3,4	b-D-Xylp	37%	104.6	75.4	75.9	72.9	65.5
4,2,4,3,3,4,4	b-D-GlcpN	48%	102.2	55.6	82.1	71.4	76.1	65.7
4,2,4,3,3,4,4,2	Ac	88%	175.6	23.4
4,2,4,3,3,4,4,6	S	
4,2,4,3,3,4,4,3	a-D-Galp	90%	98.2	69.6	70.2	69.7	71.7	61.4
