Linkage	Residue	Trust	C1	C2	C3	C4	C5	C6
	Me	76%	56.2
1	a-L-Fucp	60%	100.8	71.4	73.4	67.8	68.0	16.5
1,3	a-L-Fucp	63%	104.1	71.1	71.0	73.1	68.8	16.8
1,2	a-D-Glcp	68%	100.7	72.0	81.8	69.1	73.8	62.0
1,2,3	b-D-Xylp	18%	104.5	71.3	76.2	72.9	65.5
1,2,3,4	a-D-Galp	64%	101.2	69.5	70.4	70.3	72.0	62.1
1,2,3,3	b-L-Fucp	42%	98.2	71.4	81.9	72.3	72.0	16.6
1,2,3,3,3	a-D-Manp	56%	96.1	81.4	79.3	66.2	74.3	62.1
1,2,3,3,3,2	a-D-Galp	91%	102.1	69.8	70.4	70.3	72.4	62.3
1,2,3,3,3,3	b-D-Xylp	65%	101.7	74.0	85.7	70.3	66.2
1,2,3,3,3,3,3	b-D-GalpA	45%	103.7	71.4	78.8	67.5	75.7	174.6
1,2,3,3,3,3,3,3	a-D-GlcpA	56%	101.4	72.7	73.6	81.3	73.0	176.5
1,2,3,3,3,3,3,3,4	b-D-Manp	66%	103.0	72.9	80.8	67.0	77.2	61.9
1,2,3,3,3,3,3,3,4,3	a-D-Manp	69%	103.0	70.4	70.4	68.3	74.2	62.2
