Lineage	Residue	Trust	C1	C2	C3	C4	C5	C6
	Me	100%	56.2
1	a-L-Fucp	52%	100.4	72.4	73.7	68.1	67.9	16.5
1,3	a-L-Fucp	90%	98.0	69.6	70.5	73.0	68.0	16.7
1,2	a-D-Glcp	92%	101.4	72.0	83.8	69.4	73.1	62.0
1,2,3	b-D-Xylp	61%	104.5	71.9	85.6	79.1	65.5
1,2,3,4	a-D-Galp	92%	101.6	69.5	70.4	70.5	72.2	62.3
1,2,3,3	b-L-Fucp	91%	104.0	71.7	82.1	72.1	72.0	16.6
1,2,3,3,3	a-D-Manp	52%	98.1	80.0	79.0	66.3	74.6	62.2
1,2,3,3,3,2	a-D-Galp	96%	102.4	69.7	70.4	70.4	72.3	62.4
1,2,3,3,3,3	b-D-Xylp	69%	101.9	73.7	86.2	69.7	66.3
1,2,3,3,3,3,3	b-D-GalpA	89%	104.9	70.4	79.1	67.8	75.9	173.9
1,2,3,3,3,3,3,3	a-D-GlcpA	87%	98.2	72.1	72.3	81.5	70.6	174.0
1,2,3,3,3,3,3,3,4	b-D-Manp	88%	101.7	71.9	81.7	67.2	77.4	62.2
1,2,3,3,3,3,3,3,4,3	a-D-Manp	91%	103.4	70.9	71.3	68.3	74.6	62.3
