Linkage	Residue	Trust	H1	H2	H3	H4	H5	H6
	Me	97%	3.42
1	a-L-Fucp	67%	5.23	4.21	4.24	4.15	4.18	1.27
1,3	a-L-Fucp	44%	5.05	3.86	3.87	3.79	4.24	1.19
1,2	a-D-Glcp	44%	5.38	3.58	3.87	3.61	3.71	3.71-3.84
1,2,3	b-D-Xylp	5%	4.62	3.31	3.49	3.66	3.35-3.99
1,2,3,4	a-D-Galp	34%	5.21	3.90	3.89	4	4.12	3.74-3.75
1,2,3,3	b-L-Fucp	40%	4.65	3.54	3.76	3.91	3.81	1.23
1,2,3,3,3	a-D-Manp	35%	5.16	4.12	4.18	3.80	3.82	3.79-3.90
1,2,3,3,3,2	a-D-Galp	82%	5.15	3.83	3.91	3.98	4.02	3.73-3.74
1,2,3,3,3,3	b-D-Xylp	52%	4.56	3.38	4.15	3.61	3.34-4.02
1,2,3,3,3,3,3	b-D-GalpA	53%	4.68	3.73	3.80	4.47	4.18	-
1,2,3,3,3,3,3,3	a-D-GlcpA	61%	5.26	3.66	3.85	3.73	4.12	-
1,2,3,3,3,3,3,3,4	b-D-Manp	72%	4.76	4.16	3.74	3.73	3.38	3.74-3.92
1,2,3,3,3,3,3,3,4,3	a-D-Manp	63%	5.05	3.96	3.73	3.52	3.66	3.64-3.75
