Lineage	Residue	Trust	C1	C2	C3	C4	C5	C6
	Me	100%	56.2
1	a-L-Fucp	38%	99.5	76.6	74.8	69.4	67.4	16.7
1,3	a-L-Fucp	100%	96.4	69.2	70.4	73.0	67.9	16.7
1,2	a-D-Glcp	100%	101.6	72.0	83.9	69.5	72.9	62.0
1,2,3	b-D-Xylp	38%	104.4	72.8	85.6	79.1	65.5
1,2,3,4	a-D-Galp	100%	101.7	69.6	70.4	70.6	72.2	62.4
1,2,3,3	b-L-Fucp	100%	104.0	71.7	82.1	72.1	71.9	16.6
1,2,3,3,3	a-D-Manp	50%	101.1	78.0	78.6	66.5	74.7	62.3
1,2,3,3,3,2	a-D-Galp	100%	102.7	69.6	70.4	70.6	72.2	62.4
1,2,3,3,3,3	b-D-Xylp	63%	102.2	73.3	86.4	68.8	66.3
1,2,3,3,3,3,3	b-D-GalpA	100%	104.9	70.3	79.2	67.9	75.9	173.8
1,2,3,3,3,3,3,3	a-D-GlcpA	100%	96.9	72.0	72.2	81.5	70.4	173.5
1,2,3,3,3,3,3,3,4	b-D-Manp	100%	101.2	71.3	81.8	67.3	77.4	62.3
1,2,3,3,3,3,3,3,4,3	a-D-Manp	100%	103.6	71.0	71.5	68.2	74.7	62.3
