Linkage	Residue	Trust	C1	C2	C3	C4	C5	C6	C7	C8	C9
	a-D-GlcpA	58%	101.4	74.3	78.9	73.0	73.3	175.8
3	a-D-GlcpA	46%	96.6	76.0	71.1	77.9	73.1	175.6
3,2	a-D-Galp	76%	95.3	69.6	70.5	71.5	72.4	62.7
3,4	b-D-Glcp	60%	102.5	74.6	77.4	78.6	73.7	65.4
3,4,6	S	
3,4,4	a-D-GlcpN	65%	97.9	54.5	71.0	80.6	72.7	61.1
3,4,4,2	Ac	83%	175.3	23.3
3,4,4,4	b-D-GlcpN	67%	102.5	56.7	74.7	80.9	76.3	61.7
3,4,4,4,2	Ac	88%	175.6	23.4
3,4,4,4,4	a-D-GlcpN	52%	98.1	54.4	74.4	79.7	72.7	61.7
3,4,4,4,4,2	Ac	83%	175.3	23.3
3,4,4,4,4,6	S	
3,4,4,4,4,4	a-D-GlcpN	60%	97.9	53.1	82.0	69.3	76.7	65.4
3,4,4,4,4,4,2	Ac	83%	175.3	23.3
3,4,4,4,4,4,6	S	
3,4,4,4,4,4,3	b-D-GalpA	51%	104.2	71.5	78.6	68.5	75.7	174.8
3,4,4,4,4,4,3,3	a-D-Manp	43%	99.7	74.5	69.4	67.5	73.6	61.9
3,4,4,4,4,4,3,3,2	b-D-GlcpN	32%	100.5	55.2	77.9	70.6	76.1	64.6
3,4,4,4,4,4,3,3,2,2	Ac	88%	175.6	23.4
3,4,4,4,4,4,3,3,2,6	S	
3,4,4,4,4,4,3,3,2,3	b-Neup	33%	175.5	96.9	40.2	67.4	54.2	70.7	69.8	73.1	64.1
3,4,4,4,4,4,3,3,2,3,5	Ac	83%	176.3	23.6
3,4,4,4,4,4,3,3,2,3,4	b-D-Galp	45%	104.2	70.3	83.4	69.6	75.8	65.3
3,4,4,4,4,4,3,3,2,3,4,6	S	
3,4,4,4,4,4,3,3,2,3,4,3	b-D-GalpA	55%	105.2	74.1	76.9	71.1	76.0	174.8
