Linkage	Residue	Trust	C1	C2	C3	C4	C5	C6	C7	C8	C9
	a-L-Fucp	61%	99.7	78.1	69.6	71.5	67.7	15.7
2	a-D-Galp	44%	98.1	71.9	69.0	78.6	71.5	64.4
2,6	S	
2,4	b-D-GlcpN	41%	102.2	56.4	74.1	70.7	76.4	65.6
2,4,2	Ac	88%	175.6	23.4
2,4,6	S	
2,4,2	a-D-Galp	27%	99.1	69.1	74.5	78.7	71.8	61.1
2,4,2,3	S	
2,4,2,4	a-D-Glcp	43%	101.6	73.1	74.5	70.3	73.0	61.5
2,4,2,4,3	b-Neup	31%	175.5	96.9	40.2	67.4	54.2	70.7	69.8	73.1	64.1
2,4,2,4,3,5	Ac	83%	176.3	23.6
2,4,2,4,3,4	a-Neup	54%	175.5	102.0	41.1	70.0	53.3	74.4	69.8	73.3	64.2
2,4,2,4,3,4,5	Ac	83%	54.9	25.1
