Linkage	Residue	Trust	C1	C2	C3	C4	C5	C6
	Me	92%	57.6
1	b-D-Manp	45%	101.9	72.4	72.0	76.1	73.1	61.3
1,4	a-D-Galp	52%	99.7	70.2	79.5	69.9	73.3	65.6
1,4,6	S	
1,4,3	b-D-Manp	47%	102.5	71.3	73.6	69.5	76.5	61.1
1,4,3,4	a-L-Fucp	54%	99.7	69.3	72.1	80.2	70.1	16.9
1,4,3,4,4	a-D-Fucp	54%	100.8	77.8	71.0	72.9	68.2	16.5
1,4,3,4,4,2	b-D-Galp	50%	104.9	71.7	79.0	75.8	75.7	62.6
1,4,3,4,4,2,3	S	
1,4,3,4,4,2,4	b-D-Galp	58%	105.1	72.5	73.8	78.3	75.6	65.3
1,4,3,4,4,2,4,6	S	
1,4,3,4,4,2,4,4	a-D-Galp	72%	101.4	69.9	70.9	78.4	72.6	60.6
1,4,3,4,4,2,4,4,3	S	
1,4,3,4,4,2,4,4,4	a-D-GlcpN	43%	98.7	54.6	72.0	70.7	71.7	65.5
1,4,3,4,4,2,4,4,4,2	Ac	83%	175.3	23.3
1,4,3,4,4,2,4,4,4,6	S	
1,4,3,4,4,2,4,4,4,2	b-D-Fucp	17%	98.2	72.7	74.9	72.5	71.7	16.4
1,4,3,4,4,2,4,4,4,2,3	a-D-Xylp	53%	104.2	71.1	73.1	73.7	61.2
1,4,3,4,4,2,4,4,4,2,2	a-D-GlcpN	38%	100.2	54.7	72.8	77.5	72.7	64.8
1,4,3,4,4,2,4,4,4,2,2,2	Ac	83%	175.3	23.3
1,4,3,4,4,2,4,4,4,2,2,6	S	
1,4,3,4,4,2,4,4,4,2,2,4	a-D-Galp	54%	98.8	79.5	71.1	71.1	76.6	66.0
1,4,3,4,4,2,4,4,4,2,2,4,6	S	
1,4,3,4,4,2,4,4,4,2,2,4,2	a-L-Fucp	62%	103.5	76.0	71.3	72.4	69.8	17.8
1,4,3,4,4,2,4,4,4,2,2,4,2,2	a-D-Glcp	92%	100.7	72.9	74.0	70.6	73.8	62.0
