Linkage	Residue	Trust	H1	H2	H3	H4	H5	H6
	Me	97%	3.53
1	b-D-Manp	38%	4.59	3.85	3.83	3.82	3.77	4.02-4.10
1,4	a-D-Galp	45%	5.45	3.89	4.05	4.17	3.99	3.73-3.82
1,4,6	S	
1,4,3	b-D-Manp	50%	4.90	4.17	3.72	3.93	3.58	3.83-3.94
1,4,3,4	a-L-Fucp	49%	5.02	3.84	3.93	4.04	3.98	1.25
1,4,3,4,4	a-D-Fucp	26%	5.10	3.89	4.04	3.83	4.29	1.15
1,4,3,4,4,2	b-D-Galp	55%	4.72	3.60	4.24	4.19	3.75	3.78-3.83
1,4,3,4,4,2,3	S	
1,4,3,4,4,2,4	b-D-Galp	56%	4.68	3.55	3.73	4.03	3.76	4.17
1,4,3,4,4,2,4,6	S	
1,4,3,4,4,2,4,4	a-D-Galp	80%	5.01	3.94	4.02	4.06	4.41	3.62-3.67
1,4,3,4,4,2,4,4,3	S	
1,4,3,4,4,2,4,4,4	a-D-GlcpN	31%	5.21	3.78	3.83	3.73	4.35	4.08-4.15
1,4,3,4,4,2,4,4,4,2	Ac	98%	-	2.05
1,4,3,4,4,2,4,4,4,6	S	
1,4,3,4,4,2,4,4,4,2	b-D-Fucp	11%	4.65	3.65	3.69	3.89	3.82	1.25
1,4,3,4,4,2,4,4,4,2,3	a-D-Xylp	54%	5.13	3.59	3.59	3.62	3.55-3.69
1,4,3,4,4,2,4,4,4,2,2	a-D-GlcpN	38%	5.01	4.01	4.60	3.80	3.94	3.65-3.95
1,4,3,4,4,2,4,4,4,2,2,2	Ac	98%	-	2.05
1,4,3,4,4,2,4,4,4,2,2,6	S	
1,4,3,4,4,2,4,4,4,2,2,4	a-D-Galp	63%	4.55	3.69	4.06	4.05	3.74	4-4.04
1,4,3,4,4,2,4,4,4,2,2,4,6	S	
1,4,3,4,4,2,4,4,4,2,2,4,2	a-L-Fucp	30%	5.10	3.89	4.07	3.75	4.19	1.27
1,4,3,4,4,2,4,4,4,2,2,4,2,2	a-D-Glcp	93%	5.38	3.55	3.74	3.43	3.71	3.71-3.84
