Linkage	Residue	Trust	C1	C2	C3	C4	C5	C6	C7	C8	C9
	a-L-Fucp	43%	99.2	69.1	68.2	78.5	67.6	15.4
3	a-L-Fucp	63%	104.1	71.1	71.0	73.1	68.8	16.8
4	b-D-Galp	41%	103.6	71.6	73.7	78.1	69.5	61.2
4,4	a-D-Glcp	87%	100.8	72.8	73.6	70.2	72.8	61.1
4,2	a-D-GalpA	32%	97.5	67.7	71.5	70.4	72.1	176.2
4,2,3	b-Neup	48%	175.1	96.9	40.9	78.0	51.4	70.7	69.8	71.9	64.6
4,2,3,5	Ac	83%	176.3	23.6
4,2,3,4	b-D-GlcpN	33%	102.3	54.8	71.0	80.9	76.1	61.4
4,2,3,4,2	Ac	88%	175.6	23.4
4,2,3,4,6	S	
4,2,3,4,4	a-D-GlcpN	52%	102.4	53.7	79.0	72.0	77.3	62.1
4,2,3,4,4,2	Ac	83%	175.3	23.3
4,2,3,4,4,3	a-D-Xylp	45%	100.6	72.7	73.1	73.7	61.2
