Linkage	Residue	Trust	H1	H2	H3	H4	H5	H6
	a-D-GalpA	69%	5.45	3.84	3.89	4.58	4.70	-
3	a-D-GalpA	81%	5.25	3.90	4.03	4.37	4.85	-
2	b-D-Galp	52%	4.49	3.60	4.36	4.18	3.75	3.78-3.83
2,3	S	
2,4	a-D-Galp	44%	5.21	3.90	4.04	3.93	4.47	3.99
2,4,6	S	
2,4,2	a-D-GlcpN	50%	5.12	4.03	3.89	3.72	3.89	3.77
2,4,2,2	Ac	98%	-	2.05
2,4,2,4	b-D-Glcp	68%	4.54	3.63	4.12	3.58	3.47	4.08-4.15
2,4,2,4,6	S	
2,4,2,4,3	b-D-GlcpN	56%	4.79	3.76	3.75	3.74	3.68	3.73-3.86
2,4,2,4,3,2	Ac	98%	-	2.03
2,4,2,4,3,4	b-D-Fucp	48%	4.62	3.65	4.65	3.69	3.85	1.27
2,4,2,4,3,4,2	b-D-GlcpA	30%	4.62	3.41	3.61	3.81	3.87	-
2,4,2,4,3,4,2,4	a-D-Galp	79%	5.44	3.76	3.87	3.94	4.09	3.51-3.70
2,4,2,4,3,4,2,2	a-L-Fucp	34%	5.10	3.89	4.04	3.68	4.28	1.18
2,4,2,4,3,4,2,2,2	a-D-Xylp	18%	5.10	3.61	3.83	3.59	3.67-3.76
2,4,2,4,3,4,2,2,2,2	a-D-Fucp	29%	5.53	3.89	4.04	3.83	4.29	1.22
2,4,2,4,3,4,2,2,2,2,2	a-D-GlcpN	55%	5.01	4.01	3.87	3.67	4.32	4.10-4.29
2,4,2,4,3,4,2,2,2,2,2,2	Ac	98%	-	2.05
2,4,2,4,3,4,2,2,2,2,2,6	S	
2,4,2,4,3,4,2,2,2,2,2,4	b-D-Glcp	53%	4.51	3.35	3.66	3.50	3.57	3.72-3.83
2,4,2,4,3,4,2,2,2,2,2,4,4	b-D-GlcpN	39%	4.69	3.60	3.66	3.43	3.45	3.72-3.89
2,4,2,4,3,4,2,2,2,2,2,4,4,2	Ac	98%	-	2.03
2,4,2,4,3,4,2,2,2,2,2,4,4,2	b-D-Manp	43%	4.83	4.12	3.87	3.71	3.80	4.01-4.46
2,4,2,4,3,4,2,2,2,2,2,4,4,2,3	b-D-Xylp	51%	4.58	3.56	3.43	3.63	3.34-3.94
