Linkage	Residue	Trust	C1	C2	C3	C4	C5	C6	C7	C8	C9
	b-D-Fucp	65%	102.2	80.3	78.1	72.4	72.3	16.1
2	b-D-Fucp	48%	103.0	72.8	83.3	72.8	71.7	16.7
2,3	b-D-GlcpN	37%	104.1	56.4	74.1	71.3	76.0	62.0
2,3,2	Ac	88%	175.6	23.4
2,3,2	a-D-ManpA	10%	98.9	68.7	76.5	73.3	73.1	175.9
2,3,2,2	a-D-Xylp	35%	98.5	72.7	73.1	73.7	61.2
2,3,2,3	a-Neup	46%	174.4	102.0	38.0	75.6	50.8	74.1	69.8	73.1	64.1
2,3,2,3,5	Ac	83%	54.9	25.1
2,3,2,3,4	a-D-Galp	53%	96.3	74.0	69.4	70.4	71.8	66.0
2,3,2,3,4,6	S	
2,3,2,3,4,2	a-D-Galp	62%	95.1	68.0	80.7	70.2	71.9	62.1
2,3,2,3,4,2,6	S	
2,3,2,3,4,2,3	b-D-Galp	50%	105.9	74.3	83.9	72.4	75.8	62.3
2,3,2,3,4,2,3,3	b-D-Xylp	67%	105.1	74.0	76.4	70.2	66.1
2,3,2,3,4,2,3,2	b-D-Galp	59%	107.0	72.3	73.1	78.1	75.2	61.2
2,3,2,3,4,2,3,2,6	S	
2,3,2,3,4,2,3,2,4	a-D-Glcp	57%	100.6	72.8	81.8	69.1	72.2	65.1
2,3,2,3,4,2,3,2,4,6	S	
2,3,2,3,4,2,3,2,4,3	b-D-Xylp	69%	104.4	74.5	75.3	78.0	64.1
2,3,2,3,4,2,3,2,4,3,4	b-D-GlcpA	28%	102.7	74.0	76.1	77.9	76.7	174.9
2,3,2,3,4,2,3,2,4,3,4,4	a-D-Glcp	67%	99.9	72.4	73.5	69.8	73.0	61.6
2,3,2,3,4,2,3,2,4,3,4,3	a-D-Xylp	30%	98.5	80.8	72.8	70.7	61.4
2,3,2,3,4,2,3,2,4,3,4,3,2	b-D-Fucp	49%	104.0	77.4	74.2	72.4	71.7	16.1
2,3,2,3,4,2,3,2,4,3,4,3,2,2	a-D-Galp	71%	98.3	69.7	70.4	70.3	72.0	62.1
