Linkage	Residue	Trust	H1	H2	H3	H4	H5	H6	H7	H8	H9
	b-D-Fucp	62%	4.72	4.18	4.65	3.69	3.85	1.27
2	b-D-Fucp	36%	5.47	3.54	3.73	4.02	3.82	1.24
2,3	b-D-GlcpN	28%	4.69	3.60	3.66	3.42	3.44	3.74-3.92
2,3,2	Ac	98%	-	2.03
2,3,2	a-D-ManpA	13%	5	4.05	3.88	3.76	4.38	-
2,3,2,2	a-D-Xylp	42%	5.10	3.50	3.59	3.62	3.55-3.69
2,3,2,3	a-Neup	58%	-	-	1.76-2.73	3.67	4	3.80	3.64	3.87	3.64-3.89
2,3,2,3,5	Ac	99%	-	2.03
2,3,2,3,4	a-D-Galp	38%	5.21	3.90	4.02	4.05	3.84	4-4.04
2,3,2,3,4,6	S	
2,3,2,3,4,2	a-D-Galp	69%	5.35	4.08	4.07	4.29	3.91	4.01-4.09
2,3,2,3,4,2,6	S	
2,3,2,3,4,2,3	b-D-Galp	62%	5.09	3.72	4.03	4.16	3.94	3.75-3.80
2,3,2,3,4,2,3,3	b-D-Xylp	81%	4.75	3.39	3.56	3.63	3.29-3.99
2,3,2,3,4,2,3,2	b-D-Galp	50%	5.14	3.60	3.70	3.98	3.75	3.82-3.90
2,3,2,3,4,2,3,2,6	S	
2,3,2,3,4,2,3,2,4	a-D-Glcp	41%	4.92	4.16	3.87	3.61	4.30	4.06
2,3,2,3,4,2,3,2,4,6	S	
2,3,2,3,4,2,3,2,4,3	b-D-Xylp	74%	4.73	3.39	3.63	3.85	3.41-4.12
2,3,2,3,4,2,3,2,4,3,4	b-D-GlcpA	40%	4.76	3.40	3.69	3.61	4.16	-
2,3,2,3,4,2,3,2,4,3,4,4	a-D-Glcp	81%	5.43	3.55	3.67	3.46	3.60	3.80
2,3,2,3,4,2,3,2,4,3,4,3	a-D-Xylp	28%	5.10	3.78	3.83	3.66	3.67-3.76
2,3,2,3,4,2,3,2,4,3,4,3,2	b-D-Fucp	32%	4.65	3.65	3.76	4.01	3.85	1.27
2,3,2,3,4,2,3,2,4,3,4,3,2,2	a-D-Galp	58%	5.26	3.85	3.89	4	4.12	3.74-3.75
