Linkage	Residue	Trust	H1	H2	H3	H4	H5	H6	H7	H8	H9
	b-D-Manp	74%	4.91	4.01	3.84	3.83	3.59	3.83-3.91
4	b-D-Manp	40%	4.72	4.12	4.14	3.64	3.46	3.76-3.94
4,3	b-Neup	34%	-	-	1.82-2.27	4.15	3.82	4.25	3.58	3.86	3.64-3.87
4,3,5	Ac	95%	-	2.05
4,3,4	b-D-Galp	19%	4.54	3.60	3.88	4.12	3.82	3.72-3.84
4,3,4,6	S	
4,3,4,4	b-D-Glcp	74%	4.79	3.40	3.70	3.64	3.58	4.25-4.32
4,3,4,4,6	S	
4,3,4,4,4	b-D-Glcp	80%	4.65	3.50	3.58	3.51	3.55	4.08-4.15
4,3,4,4,4,6	S	
4,3,4,4,4,2	a-D-Galp	78%	5.16	3.88	3.96	4.28	3.80	4-4.04
4,3,4,4,4,2,6	S	
4,3,4,4,4,2,2	a-D-Galp	40%	5.12	4.09	3.97	4.06	4.14	4-4.03
4,3,4,4,4,2,2,6	S	
4,3,4,4,4,2,2,3	a-D-Fucp	32%	5.16	3.93	4.02	3.81	4.37	1.21
4,3,4,4,4,2,2,3,3	a-D-GlcpA	30%	5.36	3.69	3.87	4.19	4.26	-
4,3,4,4,4,2,2,3,3,3	b-D-Xylp	71%	4.58	3.34	3.43	3.63	3.30-3.96
4,3,4,4,4,2,2,3,3,2	b-D-Galp	62%	4.52	3.60	4.21	4.34	3.76	3.73-3.75
4,3,4,4,4,2,2,3,3,2,3	S	
4,3,4,4,4,2,2,3,3,2,4	b-D-Glcp	81%	4.77	3.36	3.55	3.41	3.45	3.79-3.92
