Linkage	Residue	Trust	C1	C2	C3	C4	C5	C6
	Me	83%	56.0
1	a-D-GlcpN	59%	101.5	50.3	74.9	69.8	71.0	62.0
1,2	Ac	83%	175.3	23.3
1,3	a-D-GlcpN	45%	99.0	54.6	71.7	70.1	72.5	61.2
1,3,2	Ac	83%	175.3	23.3
1,3,2	a-D-Galp	45%	99.0	77.5	73.7	71.5	71.8	61.8
1,3,2,3	S	
1,3,2,2	b-D-Galp	57%	105.2	75.2	73.8	69.9	75.7	65.4
1,3,2,2,6	S	
1,3,2,2,2	a-D-Glcp	58%	97.9	72.7	80.5	71.4	72.6	65.1
1,3,2,2,2,6	S	
1,3,2,2,2,3	a-D-Galp	65%	100.5	69.9	69.3	78.4	69.3	61.5
1,3,2,2,2,3,4	a-D-GlcpA	27%	101.0	72.6	73.5	78.1	73.1	171.6
1,3,2,2,2,3,4,3	b-D-GlcpA	57%	105.5	75.9	76.9	73.4	77.6	176.3
1,3,2,2,2,3,4,4	a-D-Galp	53%	100.3	69.0	74.5	81.6	72.1	60.9
1,3,2,2,2,3,4,4,3	S	
1,3,2,2,2,3,4,4,4	a-D-GlcpN	63%	98.0	54.7	70.1	78.7	70.1	65.1
1,3,2,2,2,3,4,4,4,2	Ac	83%	175.3	23.3
1,3,2,2,2,3,4,4,4,6	S	
1,3,2,2,2,3,4,4,4,4	b-D-Galp	79%	104.4	71.5	73.5	77.6	73.6	63.6
1,3,2,2,2,3,4,4,4,4,6	S	
1,3,2,2,2,3,4,4,4,4,4	a-D-GlcpN	59%	99.9	54.6	71.7	71.0	73.3	65.5
1,3,2,2,2,3,4,4,4,4,4,2	Ac	83%	175.3	23.3
1,3,2,2,2,3,4,4,4,4,4,6	S	
1,3,2,2,2,3,4,4,4,4,4,2	a-D-Galp	44%	99.0	74.0	69.4	70.4	71.8	66.0
1,3,2,2,2,3,4,4,4,4,4,2,6	S	
1,3,2,2,2,3,4,4,4,4,4,2,2	a-D-Galp	64%	96.7	68.0	80.5	70.1	71.8	65.6
1,3,2,2,2,3,4,4,4,4,4,2,2,6	S	
1,3,2,2,2,3,4,4,4,4,4,2,2,3	b-D-Fucp	17%	98.2	72.7	74.9	72.5	71.7	16.4
1,3,2,2,2,3,4,4,4,4,4,2,2,3,2	a-L-Fucp	71%	100.5	69.3	71.0	73.1	68.8	16.5
1,3,2,2,2,3,4,4,4,4,4,2,2,3,3	b-L-Fucp	43%	105.0	71.6	74.9	69.7	71.7	16.8
1,3,2,2,2,3,4,4,4,4,4,2,2,3,3,3	b-D-Xylp	60%	105.1	74.0	76.9	70.8	66.2
