Linkage	Residue	Trust	H1	H2	H3	H4	H5	H6	H7	H8	H9
	a-D-Galp	48%	5.22	3.94	4.01	4.14	4.01	3.74-3.80
3	a-D-Galp	26%	5.07	3.89	3.96	4.11	4.07	3.75-3.77
3,3	b-Neup	50%	-	-	1.82-2.27	4	3.95	4.25	3.52	3.77	3.61-3.82
3,3,5	Ac	95%	-	2.05
3,3,4	b-D-GlcpN	22%	4.69	3.60	3.66	3.57	3.55	4.06-4.13
3,3,4,2	Ac	98%	-	2.03
3,3,4,6	S	
3,3,4,2	b-D-Galp	36%	4.54	3.60	3.78	4.11	3.73	3.75-3.78
3,3,4,2,3	b-Neup	36%	-	-	1.82-2.27	4.15	3.82	4.25	3.59	3.82	3.63-3.84
3,3,4,2,3,5	Ac	95%	-	2.05
3,3,4,2,3,4	b-D-Galp	31%	4.53	3.62	3.77	4.06	3.73	3.77-3.81
3,3,4,2,3,4,3	S	
3,3,4,2,3,4,2	b-L-Fucp	36%	4.65	3.65	3.82	3.65	3.85	1.19
3,3,4,2,3,4,2,2	a-D-GlcpN	21%	5.20	3.78	3.83	3.57	3.96	4.08-4.15
3,3,4,2,3,4,2,2,2	Ac	98%	-	2.05
3,3,4,2,3,4,2,2,6	S	
3,3,4,2,3,4,2,2,2	b-D-Galp	46%	4.54	3.60	3.89	4.20	3.84	3.94-4.03
3,3,4,2,3,4,2,2,2,6	S	
3,3,4,2,3,4,2,2,2,4	a-D-GlcpN	25%	5.20	3.78	3.83	3.61	4.20	4.06
3,3,4,2,3,4,2,2,2,4,2	Ac	98%	-	2.05
3,3,4,2,3,4,2,2,2,4,6	S	
3,3,4,2,3,4,2,2,2,4,2	a-D-Glcp	26%	5.18	3.58	3.87	3.64	3.82	4.02-4.22
3,3,4,2,3,4,2,2,2,4,2,6	S	
3,3,4,2,3,4,2,2,2,4,2,4	a-D-Glcp	44%	5.14	3.51	3.70	3.55	3.79	4.10-4.17
3,3,4,2,3,4,2,2,2,4,2,4,6	S	
3,3,4,2,3,4,2,2,2,4,2,4,3	a-D-Fucp	54%	5.25	3.79	3.93	3.79	4.30	1.22
