Linkage	Residue	Trust	C1	C2	C3	C4	C5	C6
	a-D-GlcpN	66%	91.6	55.0	74.4	78.6	76.2	62.7
2	Ac	83%	175.3	23.3
4	a-D-GlcpN	59%	98.1	54.4	74.0	73.9	76.7	60.9
4,2	Ac	83%	175.3	23.3
4,4	a-D-Glcp	56%	104.9	80.5	73.5	70.0	71.9	64.9
4,4,6	S	
4,4,2	b-D-Fucp	26%	104.9	72.7	73.7	82.1	71.7	16.4
4,4,2,2	a-D-Fucp	71%	100.5	69.3	71.0	73.1	68.8	16.5
4,4,2,4	b-D-Galp	58%	104.7	71.5	83.4	69.6	75.8	65.3
4,4,2,4,6	S	
4,4,2,4,3	b-D-Fucp	42%	105.8	74.3	76.9	72.4	71.7	16.1
4,4,2,4,3,2	b-D-Fucp	42%	103.0	72.8	73.0	72.5	71.7	17.1
4,4,2,4,3,2,4	a-D-GlcpA	66%	100.4	73.1	73.7	72.5	73.2	175.8
